0.047939845554054596	0.2399429433241248	0.08250788118735808	0.033213943301272794	0.06800976764486331	0.13976177798211886	0.12535979278390885	0.05235260618542143	0.014968434961629265	0.1959430070752481
0.02951454391138951	0.09541542776237683	0.14491939668326065	0.13813854019274627	0.039022573471015225	0.24442353956337098	0.11613420254510128	0.03136411777981811	0.01853395258192607	0.14253370550899508
0.007617307295225487	0.022381308873798522	0.09492805190128167	0.26793523628225163	0.0792729690356167	0.16489201754493948	0.09246365633842346	0.04489751994665386	0.016155035899281897	0.2094568968825273
0.07715765530839984	0.027255682683913027	0.1384566653269223	0.07975143319048002	0.07589155363791274	0.23780012497123	0.0794215999269303	0.060993065014911925	0.026258034529162547	0.19701418541013727
0.19655811716771154	0.13424705104612433	0.14613970960442135	0.14584948206558754	0.03738102507212335	0.12001448020185025	0.05970725813932049	0.031153478249025646	0.012077289943068073	0.11687210851076724
0.18122012674600874	0.10847845807532609	0.181699077905571	0.017389717216506353	0.09593733422968025	0.12941548872180392	0.09839745062895792	0.04685617390978744	0.02523896379519569	0.11536720877116251
0.05309042427551037	0.019694335543862837	0.24364823000931968	0.11016916206957812	0.052177183480188405	0.19964580084743277	0.1147292170204657	0.05667302050873945	0.032029639655959286	0.11814298658894334
0.2226335280697199	0.13930072923391026	0.06307094749684204	0.11823689037541796	0.03460359802733233	0.12013142877508406	0.08060334373756008	0.052060748060973654	0.024270150367728685	0.14508863585543086
0.11665584728983455	0.01815031159136417	0.09237483689265669	0.22335578953343938	0.03213789221641755	0.2461158016740277	0.10144675719562105	0.03826498001177614	0.018870839862815472	0.11262694373204725
0.06019711901906262	0.14283555670557566	0.09226928389250309	0.11945515575251418	0.0554902996155717	0.21064744912709527	0.070647960868627	0.06121842552055057	0.03589374816925947	0.15134500132924042
0.021832973126112196	0.28007378547347483	0.04940495569237928	0.04578387282864266	0.035757070762141324	0.24741334032868262	0.07926368555215504	0.03500182793952804	0.02041643649590273	0.18505205180098133
0.09823070932708688	0.050762033483043534	0.11695045911005376	0.07454278126895411	0.08257944064990212	0.24358972411993118	0.12134423935083374	0.03706736751315097	0.03674333145323172	0.13818991372381192
0.17427244587809804	0.037444615513026885	0.02813664354750761	0.07651270861509982	0.032799080778246406	0.2972754540188884	0.12485160798193506	0.07006923792140396	0.039711243462550706	0.11892696228324304
0.027467922684887514	0.12050304674121047	0.09362393017773186	0.1948023189302432	0.07122488645859183	0.1548804909318668	0.12164955850488313	0.06038523755471976	0.00990978735796981	0.14555282065789568
0.0468694990219175	0.13498365316499256	0.04787349893518591	0.09875719047758914	0.05353770802576904	0.2332074544907608	0.12006506189050112	0.04237458345412223	0.039688922256305145	0.1826424282828566
0.017866657983992063	0.17023618907287014	0.1009133580892392	0.17117578316272167	0.04449699952366123	0.23560449353857615	0.06717728387217595	0.04768548375349791	0.040046014234594134	0.10479773676867161
0.13476747127895955	0.23047091351444532	0.05454921514630262	0.040618363994573956	0.07669154068300085	0.19074631826786825	0.0746033095501682	0.0483638613115195	0.017067807064981594	0.1321211991881801
0.03245939795363807	0.210037306013942	0.22532117648888583	0.05015677055136161	0.05287053585084383	0.1407478677958521	0.06959740071887768	0.03177816930666105	0.014287154919110492	0.17274422040082735
0.013492590272591545	0.24232925848566017	0.028806240996558846	0.18829520597718008	0.06953911883411426	0.138768546577574	0.11709627689883857	0.055274443601440286	0.019598233040051233	0.126800085315991
0.03564944584554587	0.02807115033762786	0.19491051531515183	0.16871715370476884	0.04852430937586869	0.15285101576693944	0.11510950584012968	0.053066050017795525	0.010672985207038285	0.19242786858913397
0.05185761144125667	0.08659036340561037	0.07565279183959112	0.2582290170140305	0.06794295783952412	0.14756802285142145	0.07186340362783947	0.03991265079704362	0.03139585056193077	0.16898733062175192
0.03623551394148515	0.2696583671786569	0.11401934275048624	0.11421662390452458	0.051133071855292464	0.17156704282017232	0.06280463074899098	0.04590744799728486	0.024181105407335354	0.11027685339577119
0.11352615026776172	0.15487004807930388	0.07224414249672356	0.1274340589177233	0.04388474890128913	0.14859758963054245	0.08448310018665682	0.054235826349618634	0.02566195321681522	0.17506238195356522
0.1789497103213507	0.17618117702841443	0.09711563068778552	0.13137358232616803	0.07060037274910971	0.12285217032001458	0.06209549543038779	0.05024887874157664	0.01409750853749829	0.0964854738576942
0.12344898760582552	0.0691291006413049	0.14219969527625959	0.05310426721786052	0.09119072076631259	0.12487429836080668	0.12165774089061168	0.05549120295349761	0.03092638321772971	0.1879776030697911
0.17103918400342683	0.0636571280580172	0.10103574128750158	0.12928677263360233	0.05651148913201987	0.14469095722147776	0.06009071102729307	0.046252156997476764	0.018969080391990023	0.20846677924719442
0.2739131737395972	0.022848221776919045	0.03246284469099753	0.17581916930532565	0.0360423054250522	0.189934884687867	0.06876229550917241	0.07064524523081955	0.020401654091963498	0.10917020554228565
0.13963833484514399	0.1208978550839106	0.07042885933868988	0.08985664393457272	0.05897897766285165	0.1388239069203425	0.12496636484504482	0.07125375735928452	0.012656405228924389	0.1724988947812348
0.18715643681626698	0.1497241987651442	0.031813688918079175	0.2064597338832037	0.03350317812201975	0.13958031590266823	0.06931887186594386	0.031962278843328626	0.037295226613485596	0.11318607026985963
0.06932580415551062	0.10639706778839203	0.12032257426957246	0.022674739683670578	0.07599918633292689	0.2452371539165319	0.1255228213205192	0.03555782273935992	0.025235272651559282	0.17372755714195706
0.06523362558792842	0.02190457228753527	0.14600685326906587	0.033156754212529255	0.0848442128987394	0.2970472962552464	0.0649428165960809	0.0475857297961856	0.028968262777740006	0.21030987631894887
0.061422880636462424	0.20286624174063234	0.1128210503160138	0.11828176319847539	0.07851769413201153	0.13247352722415487	0.1039943326097981	0.046288725269654316	0.04053287328345108	0.10280091158934615
0.055167708123521786	0.08300985623416884	0.20248236267091504	0.1984993116025343	0.06586858701606761	0.13540112312130145	0.06523227362276196	0.049812966031990535	0.01373586105163499	0.13078995052510345
0.11329383818746142	0.09125365881591135	0.18002463213185876	0.06757409628029777	0.060391742936878615	0.24730099788665072	0.06726760116034933	0.04112065190899467	0.03469687826474513	0.09707590242685218
0.2619598684347241	0.01940066812730222	0.04741411904553065	0.07531464038419661	0.07600389083010521	0.2515511541298947	0.0667913702021374	0.037384478819512845	0.01152224823990837	0.15265756178668766
0.009334169859531588	0.09096599538085844	0.1999017397657848	0.17228439269510293	0.09235575037393387	0.1733691977991743	0.06304947668343758	0.05587641101927369	0.016653955418174604	0.12620891100472822
0.0713972891192556	0.2564312808563483	0.05407675609763911	0.02796265464665225	0.06791313018656005	0.13062203725775362	0.08924637893916544	0.07007087480805974	0.04010705346179381	0.19217254462677208
0.18326630613424377	0.06222461358551848	0.027060281677896078	0.08726201943411971	0.06945045947014059	0.2472862244838937	0.12141176014799102	0.03840473038275911	0.03404115484121399	0.12959244984222343
0.019321431162370145	0.054154768346864675	0.2858148021108217	0.06485925031558068	0.10615872662006975	0.20766559488123104	0.09330354831796919	0.029207989978999024	0.020765833647409013	0.11874805461868479
0.09097787030616944	0.28030172673431974	0.09105101973471272	0.07075781528479613	0.06657281529127249	0.1433407612702549	0.08494520200285893	0.057601196210611445	0.021301545157673005	0.09315004800733115
0.18549969652479228	0.057581214722438316	0.07352168870521082	0.09642590326912748	0.04636843185524631	0.26085507849406775	0.11041679494717058	0.04123133316907666	0.011943588027235164	0.11615627028563447
0.018906896505148055	0.05561733818769238	0.25702908221785087	0.10214030009172054	0.051827824739688846	0.1749784232853487	0.08162748000045847	0.06806598407506508	0.03575452995536012	0.154052140941667
0.1800959387219039	0.1902755607982165	0.028650179976089513	0.06511197624503146	0.0644856483507527	0.22706178221854822	0.05848869749149872	0.04272287554014227	0.03376500554311916	0.1093423351146974
0.07296552478204432	0.268841389267322	0.030665587429979074	0.028595272344575026	0.046671254499777166	0.20296374108839468	0.0816644588909885	0.057351809852094524	0.014119235983281561	0.19616172586154307
0.2577592737249118	0.04810399946445409	0.06175694448180571	0.021395932595488762	0.03307073709929813	0.2991058047581082	0.057132305876110775	0.057927724780168895	0.009237190434729481	0.15451008678492395
0.11148377943867674	0.024144810215067092	0.19099622871956146	0.03798193268858056	0.09877488225667876	0.2074013982613932	0.06246438211873882	0.07039195521702518	0.020906804578853466	0.17545382650542465
0.11216278069934048	0.047261512081707126	0.17801586593354118	0.11489058481578597	0.077325014646473	0.21405227171532287	0.08318728267950314	0.05113744934943959	0.015681550106537476	0.10628568797234914
0.09696593076809114	0.10867535409195504	0.2029497222969767	0.08054594521620734	0.09878720623370667	0.11753466108192952	0.10541159603010293	0.041765153394637454	0.03625218853013948	0.11111224235625368
0.20137191783506897	0.19355938255837235	0.03587808315016498	0.022219024274894902	0.04316229989501512	0.23702368587641992	0.05717964722860741	0.03170116313904962	0.022216765415387085	0.15568803062701947
0.04193269353681235	0.1866650826406881	0.08632523451994997	0.08523519388877204	0.10574830604534749	0.14134496172620326	0.09720023565843641	0.0562515149259414	0.039922609418453554	0.15937416763939544
0.24206195965429422	0.05268523703867248	0.041419037171751105	0.07480531954256556	0.07068299377924986	0.12829993046021615	0.08764562887469886	0.06681235686961413	0.019735307956500386	0.21585222865243708
0.10371076184222935	0.021218397070260797	0.05664514004322556	0.1780780536272765	0.07946542764088696	0.22504962795935035	0.06777978053239428	0.035365728969709756	0.0311870084545514	0.20150007386011504
0.023611086030461803	0.21973064269754633	0.0975709342229499	0.1343378614641962	0.06591537818580541	0.1177861484409631	0.06312833221640429	0.06232062453151424	0.030035579096206716	0.18556341311395197
0.0073671089791663424	0.18781970860528613	0.08790640933933708	0.1701584089784875	0.03886807914604767	0.19997300454677772	0.0754420698931927	0.0443579173831118	0.01858627138305413	0.16952102174553896
0.04518806499936881	0.189328546677766	0.12282390298290753	0.0830857850209854	0.03761620770747079	0.1558194154059066	0.08723541858273855	0.04141999429455176	0.03026100803152823	0.2072216562967763
0.053199992071646954	0.12919800308324642	0.22112174769430143	0.022871030064969378	0.07064194347475293	0.19950317839381884	0.08818246963219535	0.05593719960890441	0.03267353770527115	0.12667089827089317
0.1018578904565989	0.08251935445793798	0.1989176980330077	0.08852619800115147	0.09100708242854029	0.1447584177037072	0.06803976932702982	0.06158699284173089	0.022252949518422063	0.1405336472318736
0.09437106610249821	0.027661065940071908	0.09573439901499939	0.21642100996603994	0.0886259616635872	0.12225573110473555	0.11456655019662207	0.0470265918038345	0.02727861936367637	0.16605900484393482
0.17001447195833172	0.049297674207593296	0.24125851274525273	0.11164913294055855	0.04348384992547511	0.14108444468959935	0.06676077506431341	0.05132539211997606	0.029266211083146115	0.09585953526575346
0.06933597135775474	0.17449492595668087	0.030947410490295743	0.025128570442662673	0.0819293705166777	0.26443537106255466	0.08743479696803147	0.0647633024046291	0.02188718214847804	0.17964309865223504
0.13318776549143813	0.04999045582976677	0.0885864897291905	0.16939726095539553	0.08427285146885288	0.1495306715851617	0.10732828466689198	0.031244068322778498	0.0412267098115839	0.14523544213894002
0.07357539319972085	0.07390602647164328	0.14936385067439895	0.07368845519721813	0.10019578023801885	0.1695150803820501	0.12841309350407784	0.039926952411243964	0.022242926780234776	0.1691724411413932
0.041742502908886564	0.09779738106275479	0.2074200017193188	0.02339558966327991	0.07125844001253409	0.22942755686487742	0.1064510618041357	0.0397757597595191	0.021620095282683244	0.16111161092201037
0.09703487814923288	0.13129419012003374	0.08500053064501176	0.04782939507104149	0.04389287462374705	0.30205422558174116	0.08337791748753481	0.04960938276090699	0.016629104852525792	0.1432775007082243
0.15851694908704475	0.16773177008882656	0.059753683903848345	0.10124564141678558	0.07436360685766574	0.16748902939603028	0.09021642407108846	0.0349556583649175	0.015221753210432676	0.13050548360335995
0.0463266974259093	0.19534045644255277	0.07776294727795866	0.03079877519252279	0.09314993653668105	0.30342884769660994	0.10342954689101966	0.03390070412845679	0.012765172666495822	0.10309691574179325
0.12958728269876085	0.22831277266036798	0.07854631489763801	0.023268793230422746	0.11199078199209964	0.1664744913072148	0.08404534253562418	0.047563118543358984	0.012309584567984463	0.11790151756652828
0.060292617645916244	0.23519784268818655	0.03906528991977528	0.06267348061879045	0.07732601709159964	0.25329237658839904	0.06303264456485472	0.03491553311915668	0.03391122534582698	0.1402929724174945
0.013283086906296634	0.2298371959106989	0.06388597215310181	0.19380277271024982	0.0468208032344236	0.16787545402491422	0.06268764131934237	0.0559377895157374	0.02646315541366588	0.1394061288115694
0.021199861571149323	0.16034764185050077	0.12541817820410528	0.20828841848158822	0.05594454454296704	0.1213706946195681	0.0922103780087568	0.0704450392417107	0.024590610081158135	0.12018463339849567
0.09509692091225948	0.14487291726800566	0.10617844103268485	0.15207797896634723	0.10475467884689466	0.1263353985080777	0.10383261882546471	0.039494780913780614	0.025821707166727256	0.1015345575597578
0.11713914207016396	0.1514284891266609	0.054846376004301714	0.09247429552556356	0.04030043970994463	0.2316694626906421	0.11464030671232522	0.04090497925078435	0.010541772583913783	0.1460547363256997
0.1329292812176369	0.06368124762296204	0.035616802502220546	0.21594518810119306	0.03402800302112066	0.18714210239998524	0.06472066440050622	0.03279431315842529	0.0251382226567156	0.2080041749192344
0.031627268834436506	0.10702873013085207	0.18837603904074535	0.029784828963806673	0.0626759235347717	0.2761909405216639	0.08780606348359411	0.02888064773504903	0.009899377404034695	0.1777301803510461
0.009268784884546064	0.24332502902711245	0.1266980425424576	0.06277417229282772	0.1080385248587025	0.13088232636731628	0.11493086884581116	0.06427219870140582	0.04127241972724317	0.0985376327525773
0.08522016111346059	0.21297820690550515	0.058246417097988244	0.07684448348637848	0.11217387866636562	0.13360476432147933	0.08922584341733815	0.06904034182390553	0.012883328774105723	0.14978257439347314
0.1239627136648348	0.13252106012779696	0.07756460162680003	0.0770039065573845	0.0837543738454835	0.22475396905972922	0.08963524230930334	0.0639257048905781	0.030083014574350725	0.09679541334373876
0.08138008335995174	0.042814121750424344	0.059035523386075955	0.14149941768555202	0.09118641963219465	0.2568623617202533	0.09828833330579567	0.03880008303725851	0.03771019741083061	0.15242345871166318
0.1251517023976523	0.15556560229428715	0.07264465335774871	0.10366391008708939	0.10649775085122579	0.1839207535943713	0.0583254626858683	0.029601917879036585	0.018161635755024663	0.14646661109769574
0.008196761578125641	0.07238399276396136	0.1772300360651747	0.06635538201747174	0.11144269189678511	0.2577406988301785	0.07947654803156502	0.05834946651891109	0.021889574389689248	0.1469348479081376
0.03581983169422985	0.039756661304004216	0.1286479995465444	0.11764460818393796	0.0929331646382026	0.23024917566650815	0.12601080822967087	0.03364711837983353	0.009326207007644471	0.18596442534942392
0.048136808788457774	0.2827159500016675	0.03603454396295712	0.06916502958861623	0.03269541467937806	0.19648650100255144	0.12448095400171723	0.05080872265594547	0.016596218155093143	0.14287985716361606
0.047400787109312295	0.0377386956160555	0.16727048232747377	0.060581385844747274	0.06050431216879018	0.3023458178556801	0.09282053360213152	0.02916028196240067	0.02746174059724822	0.17471596291616046
0.05446441415799246	0.09102062867696271	0.09675261612192675	0.17855332692250767	0.07182941329255015	0.12510965791963463	0.12634980331572743	0.07009966101331211	0.04149711484317387	0.14432336373621227
0.19081739120407532	0.05112935895282779	0.0282029696373068	0.12769236531219233	0.10630983928056528	0.12557699339680536	0.08461154760706142	0.050799915083854716	0.0224888918061128	0.21237072771919807
0.16637598375823914	0.08391981520284025	0.09662112266679616	0.09154678142834026	0.05504503497116745	0.18578892386752244	0.06551110207990105	0.038970558914505786	0.03404558734028047	0.18217508977040686
0.1608515168064094	0.02483245171430462	0.13099411894934898	0.07830138874559966	0.07257606831222171	0.19340717695923892	0.09400878707521228	0.05091402866776424	0.01630806292577716	0.1778063998441229
0.025808789757767278	0.19068406333673293	0.08652561310248653	0.15812651705209568	0.05648235365442628	0.2320190072054612	0.08351160239409726	0.032877516489659864	0.028388082911248794	0.1055764540960242
0.04452870006305832	0.20833408047675556	0.053020399816847266	0.18726324553034357	0.0750273545077968	0.15188273772180144	0.09082498943933454	0.030992017797035726	0.016864709406989434	0.14126176524003736
0.042437849980173366	0.0928702014236931	0.08170129884716601	0.1177227513647073	0.07042286331540748	0.2830952804483987	0.11069761691957235	0.06014867118400406	0.0340255071643592	0.10687795935251843
0.05829835536189885	0.18632204068382946	0.08777057286283345	0.02477634162207558	0.09141578707231293	0.27152379409149413	0.0758413949763491	0.06790755591307729	0.017983790848514716	0.11816036656761446
0.1124598483315171	0.33991579685596157	0.027179128246380052	0.07822491854370535	0.03147954090978733	0.14111786397755122	0.09743117554572989	0.03583194028386667	0.018182547295749085	0.11817724000975167
0.11303097525211708	0.03483310654490443	0.0642934933642722	0.06423084171033064	0.1004320062956828	0.2931726868583555	0.059801936651547025	0.04293129364863762	0.02397913301092848	0.20329452666322417
0.029476382842453755	0.10336587772923454	0.10557507303036322	0.1538279943855863	0.030869555356657058	0.22143957293972658	0.08513909735160019	0.05718793573696543	0.0377314304811666	0.17538708014624632
0.1788271006307998	0.04524979701304352	0.16958289872743343	0.07221149498614879	0.05453973572593965	0.20279018226744833	0.09487407486620719	0.04313628844032461	0.02534388369252065	0.11344454365013386
0.11567864712597184	0.04492628902895166	0.18309755901376934	0.0742960105377576	0.03413946588420254	0.20248862451802208	0.06632095023308382	0.046509187493263424	0.02764802002741379	0.20489524613756388
0.022141849323427915	0.029148448892966458	0.16038650175127478	0.11217990147580968	0.04412615092867274	0.27898091691692356	0.10306187545336294	0.030527807282603528	0.02584674100102967	0.1935998069739288
0.10031409022940313	0.12790576939689496	0.17379973014652944	0.0781801641350915	0.03199174060611999	0.1473900369127668	0.08585021876048052	0.05843940708229031	0.015599877077765001	0.1805289656526583
0.023633121002304636	0.024779169053713593	0.2562253172898648	0.034499201007906974	0.04675211684348816	0.27591651963118186	0.11671618871639214	0.06589549897263028	0.013075779354423098	0.1425070881280945
0.07447174501693395	0.07863974288538347	0.11931854813277772	0.05308340959093316	0.04629393573132331	0.29256431825472623	0.11396512139365615	0.06958766337169593	0.03406771426085689	0.11800780136171311
0.14082467003862179	0.02257060223467429	0.10717452132242403	0.11023636837393964	0.07541660341805997	0.13968830307422067	0.1255485256089791	0.05215028878853799	0.01242470015150371	0.2139654169890387
0.10082060893258138	0.050848262386811914	0.11378208840161028	0.17894715895608326	0.05409438367363011	0.2299359124808692	0.07966079736614819	0.04661632059344327	0.010176588665811698	0.1351178785430106
0.024803355511161126	0.04942855025173057	0.23349855628476213	0.1182465002668712	0.04266164214207116	0.19985224689991066	0.11532612482149658	0.03014001376154246	0.03351512077470235	0.15252788928575164
0.2711791335603878	0.023375988017526994	0.1532933086570099	0.052815160151612243	0.0752972536331922	0.12677076334488696	0.05705482417159719	0.03589451422889417	0.020184517484262227	0.18413453675063002
0.06953934121137008	0.12799960439874652	0.14939133969144824	0.10457113484643803	0.08858117769029161	0.21669723180387873	0.08872225162496473	0.03391742381108702	0.015272745528932347	0.10530774939284264
0.02487658410685599	0.03398454857664357	0.24616576642801197	0.09799413215506891	0.10835769251061139	0.2254508834890931	0.06949068072589738	0.05339597040987918	0.02032834418403992	0.11995539741389864
0.053056285272753106	0.021890718383755114	0.2525344017542151	0.07808815005349845	0.031457218737507425	0.27938922423389984	0.08474307193533882	0.033994183288443114	0.041443490718864356	0.1234032556217246
0.011024840823719934	0.1326340601797821	0.06775268073717941	0.21178537834673988	0.07596977383956702	0.13527596243124373	0.11817447052295477	0.03195035376110296	0.024609992056099345	0.19082248730161083
0.13230479143926507	0.02853736069274805	0.04989420174911882	0.17751377694637574	0.08559179818786641	0.26479176503102164	0.06688742166672032	0.05551492616524655	0.011098440158670758	0.1278655179629665
0.23858678403092143	0.019175632698056735	0.11674642244099505	0.05632846284054675	0.06236159114814868	0.19262905625582616	0.12055772856659472	0.07110070193063768	0.012455924460037099	0.11005769562823545
0.07935432645010351	0.03171295482118851	0.14060150156978515	0.11269729526239682	0.09434947913702903	0.22498494763129373	0.09090053357978935	0.06173783892872182	0.022607758442263648	0.1410533641774284
0.06567140763344238	0.1319960339000611	0.0650102416058682	0.08779506030211061	0.0978309372207619	0.23155835310178013	0.06650341037676681	0.038081520371052016	0.034998906103974714	0.18055412938418214
0.1613558098193857	0.14530601820453448	0.048681646633916775	0.03079482885554931	0.033570070745932615	0.27429781364522615	0.09239856393051246	0.030852986372352342	0.011502559544793678	0.17123970224779633
0.1398432027601593	0.01869867929543033	0.25256414475828687	0.03387761638088192	0.031170458407028173	0.13007212513470692	0.10017302258740694	0.05778014291141396	0.025210654305993077	0.21060995345869243
0.009697747384163485	0.06983611742896609	0.14696061044076533	0.0818147762146209	0.08951070742606163	0.18938886530973226	0.12565276339813228	0.06389085055979138	0.03390945664532151	0.1893381051924452
0.17057673111166444	0.1426006440602499	0.12165617742120219	0.0852519863075123	0.06380327242187067	0.1287705187984289	0.06079703797097598	0.03636029516611569	0.02820702696032107	0.16197630978165878
0.23818221795268157	0.12949242644617442	0.03572870621640581	0.06938867332583151	0.07159766094333597	0.18826948306024963	0.07726217511995218	0.057520935466071	0.02939539551753735	0.10316232595176034
0.05587306483706284	0.09524673012168403	0.11096464534246878	0.13688848479901566	0.07466180830510005	0.17711969954254828	0.08624986784164693	0.060953640112814726	0.01218368418794541	0.1898583749097133
0.16691187859367473	0.0838064159479393	0.16388459976248063	0.07365917134255474	0.06340640255477584	0.16821463337007325	0.06496363260790564	0.03992807092096053	0.030521504539016725	0.14470369036061848
0.04539670888654826	0.06702228815105163	0.08634103865235643	0.19765280236800437	0.09590568672655464	0.2366245556367983	0.06907600953743717	0.05165544887389436	0.013190135926402863	0.13713532524095207
0.08927340991769489	0.15000604558675584	0.07855691879810695	0.03529163630683756	0.06100793516692733	0.22963876433731156	0.0959295330042631	0.031709130826836934	0.015504926718982431	0.2130816993362834
0.04114461015552624	0.058418452331849294	0.22092416661878939	0.0511420433222506	0.08225972017517988	0.18062259234580424	0.09114860510145102	0.06439437643611755	0.034410826414348825	0.17553460709868296
0.11738840637440887	0.07143406600485872	0.0838919457875914	0.1645125581449507	0.05156351846490369	0.20968706279378185	0.06403541896503112	0.02923314931840479	0.02163716887738551	0.18661670526868326
0.09283259249797343	0.1516848863427956	0.19040008610710105	0.019682295305860367	0.0779662729808236	0.13320419595497057	0.10467374737582973	0.03691356311144356	0.03210553587262324	0.16053682445057885
0.018544126931856725	0.04660406499189013	0.16496275537092916	0.13570179978892555	0.08725085177342272	0.2582243552677518	0.11601080207506068	0.030215491393926472	0.03848380425805108	0.10400194814818571
0.04855115974846837	0.1766581195784087	0.09411796500144134	0.062056110430904435	0.06138228306040623	0.24826618083799679	0.11881108365659351	0.03428869211394346	0.04002838134863139	0.11584002422320573
0.06135186485666805	0.24582296635909096	0.06355827166181405	0.1536507669766744	0.09540289017280004	0.12208414917545282	0.07081243891881683	0.06058220440610492	0.011722326530339958	0.11501212094223795
0.035531039174379844	0.15960446121282792	0.03063473636329983	0.09192928237606317	0.09867910995669471	0.2855363711457976	0.08071517436648977	0.031106475845384146	0.012595092049564716	0.17366825750949827
0.08000497262324513	0.16114144398210822	0.06870178883237152	0.15186087110621063	0.07601387291063963	0.19985443210708673	0.09634841264397204	0.02925767796955836	0.031231449809174472	0.10558507801563324
0.15020009554810387	0.07583303925733345	0.08397860166476095	0.11950995597448572	0.0544797213377603	0.22539783026733295	0.061720645551620074	0.04629854730544457	0.015601254489444383	0.16698030860371366
0.03730291814272786	0.03947686441498228	0.23440381649103925	0.09091885015997923	0.04221495806847701	0.24265218921588017	0.08471133861079115	0.049114008253785015	0.010269102900321417	0.1689359537420166
0.14813677894714916	0.0725352839271861	0.1545370475246209	0.04300350094602809	0.034049527371523544	0.28641423819626377	0.08439427633207253	0.06527472919477531	0.014842606393671645	0.09681201116670883
0.0522872513744399	0.060403787451958166	0.2385101935993723	0.07584162486808697	0.08357275944188934	0.17019473296910198	0.08373928661480128	0.0670804269361058	0.019642415192176327	0.14872752155206792
0.05982097842073379	0.0831071058606917	0.07429607006660299	0.12478800927460898	0.08638293703341778	0.1725949996692397	0.10805982736900309	0.03999777484550966	0.03759633981208709	0.21335595764810522
0.12635103750782603	0.024954352550383516	0.13128219379654463	0.10977194044223108	0.10182518289667433	0.1529646884085875	0.07993063163905452	0.06618513038657073	0.011513870422710987	0.1952209719494166
0.11850184906183162	0.027253832079229448	0.13857223238656824	0.0478682063945272	0.06092317399392209	0.2611890946287785	0.07775227671995529	0.0565820445141495	0.009665027938251733	0.2016922622827863
0.08874064295422322	0.1584530199864761	0.10201793971299009	0.13980881491053354	0.06332927473051399	0.1711451195782043	0.0930373478907695	0.03866649604931279	0.026424527308460427	0.11837681687851602
0.13907965915247877	0.07575707222003114	0.1418626993005631	0.09702214042367162	0.0887287765265401	0.1526016544255494	0.11091879097415915	0.04213379987566943	0.019776261249365573	0.1321191458519716
0.0261583548330145	0.14818003348678374	0.0326010001539042	0.210427037912009	0.1093319180664872	0.1514186676669087	0.06841609562734982	0.053966434182933405	0.016403012787575666	0.18309744528303384
0.08415916845127627	0.03671013034071159	0.1520463492133501	0.2519483048986245	0.07380853281703921	0.11616595494791511	0.10827422593535295	0.06274349921669807	0.020348804953626135	0.09379502922540597
0.10342754831640734	0.059002935565753395	0.06989569166580316	0.07950435377661233	0.08400695978727846	0.18764579143501425	0.11785004478045553	0.06030990009664042	0.03077025691682299	0.20758651765921207
0.049446793031604014	0.031442708601549435	0.04395504788442063	0.24380980056911145	0.06554759520265895	0.2671957120515751	0.08430179964496629	0.03842357433389072	0.028983527061482536	0.14689344161874082
0.18646842272527708	0.0281380202725975	0.05856304349486849	0.11309849309090156	0.08393657623243353	0.2186602204839742	0.0717270020145312	0.04383066703584766	0.014647789679564455	0.18092976497000413
0.014405782050225496	0.07505884387128611	0.07984214077775148	0.11226908871439001	0.11062761083482273	0.23120430296570438	0.10693252056180257	0.06791169919864103	0.024024602191812308	0.17772340883356397
0.1326993283858552	0.08158751511357096	0.04184653493680096	0.24530667738245476	0.06061497640627165	0.14157393199252227	0.09535992520371729	0.048645670961559764	0.018527234498887615	0.13383820511835945
0.17988143857962238	0.14202959470687268	0.14900851381953445	0.06459582319208791	0.06636579876758544	0.12891089910935777	0.05576988224000531	0.0640932109388242	0.029669563033174737	0.11967527561293496
0.11247809202796202	0.09077425299934444	0.042025597453645494	0.1264899445133799	0.10944434370095249	0.12380787946966619	0.1176433400502751	0.05797772272342161	0.01088797908038043	0.20847084798097226
0.013600167220787024	0.12149266609606599	0.12518668215666784	0.035707074074952855	0.0918509118723099	0.2148635629595958	0.0925548003894294	0.06584438104990857	0.03983051463654576	0.1990692395437369
0.1877836593637911	0.07866284642645459	0.04958426290830137	0.14378248170960106	0.03402449205668458	0.13645936616026563	0.09825446394693774	0.0418593249051482	0.02393095511670186	0.2056581474061137
0.19900389863566523	0.03888331197285972	0.04704325551086779	0.049258735484325224	0.076002244917886	0.23361850802173068	0.07398467075410484	0.05934647898441744	0.008502392171131523	0.2143565035470113
0.1721380985755012	0.029476047463213	0.12207271300219524	0.023909244220509537	0.09327577532537937	0.20045662903792494	0.10979628107766069	0.06804530486220897	0.011885285814647664	0.16894462062075927
0.2785978861883756	0.03429787121337574	0.026621398802202656	0.10088333715188771	0.04674207778021787	0.23423077674866516	0.1159361335427007	0.03197841287785877	0.021472596142162265	0.10923950955255332
0.010562830191792716	0.1890202820779029	0.07402028278462347	0.024988612911854766	0.10279273701067482	0.2844270137984184	0.12481253830951244	0.049349025087923985	0.02491671404378243	0.11510996378351412
0.08486099101036662	0.09845846819151143	0.10194940852563035	0.09341643745206334	0.07522030998323918	0.252588343065472	0.12200127465605307	0.04838570681380699	0.017721000806957765	0.1053980594948992
0.05000606565185652	0.033494567154732244	0.12462430799173765	0.17200030578393236	0.08016013114229598	0.25853004764485593	0.07912642509797596	0.06613031413878315	0.013538689457904152	0.12238914593592604
0.08643537577987584	0.07921237855414343	0.2528333715766064	0.024922078484024474	0.06091740979297954	0.21631436451386707	0.1005415490023853	0.03567264147952219	0.011630223079657012	0.1315206077369387
0.1282584290619511	0.020875122229450233	0.11272498127205227	0.1950273537020597	0.09422662314884815	0.12607386052139297	0.09358129841614085	0.037726297894935756	0.030019713987212107	0.16148631976595684
0.1361691575019884	0.1405506772355674	0.0696774178678158	0.08751635754939313	0.089657306306057	0.15421773176453407	0.08621932176025296	0.039925976973793	0.03163566091972478	0.16443039212087335
0.03554016619786485	0.09987584497811212	0.1271738071247642	0.10799671491775367	0.0726066579861117	0.254232189910345	0.07522226607797773	0.03456507583137	0.03140244465494717	0.16138483232075357
0.034515703636053593	0.06895710105504757	0.06688958798117528	0.19344619441360628	0.05543574921389909	0.21929739858570552	0.12806701236788734	0.05575824958059026	0.025934728262698395	0.15169827490333668
0.032605385710263904	0.20285305227242995	0.0707970718472867	0.1713089507899564	0.03699796770830946	0.19279071372932274	0.10337151369288304	0.04807279881410411	0.020411386250937427	0.12079115918450628
0.11111097253566629	0.0668998132361644	0.17704958168339313	0.06452390609434999	0.058337218351884386	0.16846292164472482	0.11404480960934484	0.059545200301172656	0.04170150589231601	0.13832407065098337
0.1363179414152347	0.028414670832608804	0.1982694692134342	0.08459206591557311	0.032949664795985295	0.25935490120466403	0.07667240423673666	0.05609489720566703	0.026487779041039564	0.1008462061390566
0.29355972981253986	0.06698089980990275	0.033829506130292175	0.024959785551086716	0.07194328826691299	0.1578209147556402	0.11659517981368839	0.04331064157787948	0.011474246566742646	0.1795258077153145
0.0465791580779973	0.1429419993462233	0.07828747294263208	0.1148136223105041	0.03552851670426867	0.22214436578589097	0.09517893851856163	0.0675107061048571	0.009550327305694786	0.1874648929033701
0.09569249418462455	0.11659668472641492	0.12074362513763989	0.02820611046568637	0.042087465980069586	0.27319230425155	0.06404449232326606	0.04684749796351745	0.01955103970262853	0.19303828526460254
0.16636593212690914	0.12040757232210685	0.023735465255589977	0.22331001137875867	0.07694572942234522	0.14453658888126367	0.060891631508090883	0.05625963004909841	0.009508604934583512	0.11803883412125357
0.24618986432651696	0.06005073317092655	0.07654646733044632	0.03935630268107899	0.08295532675303144	0.11660732235224228	0.08294537740870783	0.06367331130300624	0.017639538555241918	0.21403575611880127
0.17941591353684028	0.06849906041269647	0.15487573796470708	0.04952180754391434	0.08985333128743346	0.1897233148399992	0.07146873032901722	0.03979384189318034	0.015902576641667943	0.14094568555054351
0.10337650468015945	0.08211113730269964	0.034449799812235296	0.12129771367886102	0.08123794479861648	0.2812101987826263	0.10289517437077243	0.05107113171307468	0.04050430044253071	0.10184609441842388
0.2275009038702715	0.09220839197580907	0.1435414410021373	0.06202095599807909	0.040025996269515474	0.1522469629097706	0.10556121057993785	0.03887757438892532	0.01303878509125643	0.12497777791429719
0.13359214297518832	0.11675463301086061	0.20724792499933903	0.12289948346951639	0.04087486112058428	0.14075452798060123	0.07881765318666706	0.03560747504098395	0.010923777069354504	0.11252752114690451
0.0769337334354157	0.06092803622736322	0.11875183449127623	0.08744969170043304	0.0984924231801112	0.2564596408927562	0.08545176728269026	0.05375012838218295	0.014815060166037869	0.14696768424173334
0.026173964886795367	0.268098963834309	0.028950194731558437	0.07119400805371268	0.03245341514434957	0.28172731287025654	0.08886481624035912	0.06524038520240216	0.024587396630870645	0.11270954240538658
0.10600879338787376	0.18004307214341186	0.17858569274655417	0.05426734197595074	0.07561341832872816	0.17369347712575073	0.055387630542939915	0.04519857394680058	0.0278083226559923	0.10339367714599766
0.05477625258682605	0.06127741570142111	0.25569057204048673	0.13341283237638868	0.04672343249984364	0.12964137140987309	0.12818275318070593	0.03613898845206752	0.02016286127240534	0.13399352047998195
0.02747946109244763	0.09841828173976248	0.15437920464723032	0.05692468012137698	0.08389355058223628	0.3029773511142047	0.11247583538269601	0.044609350105401624	0.012596945213679434	0.10624534000096453
0.11243906760857403	0.07175315562208326	0.17942608102973423	0.12324683098006649	0.07109426731202796	0.1744748409818071	0.10880405528966244	0.03296849024926174	0.025065796132254667	0.100727414794528
0.012501612607810894	0.06723997102064264	0.23728504137213763	0.14140879310224738	0.08946938849364447	0.18486287077684305	0.07340396081487205	0.05925826000061872	0.024146419890518314	0.1104236819206649
0.055946659170795346	0.033503922917795734	0.15568770551172564	0.12894676735785185	0.09682666769742494	0.16179355573187443	0.08548957157651797	0.0393321009286988	0.02673302177570243	0.21574002733161285
0.2786940342351039	0.09714711420435135	0.04253627070778507	0.048488452577707744	0.10889784745560138	0.13032781912671554	0.07756348155577694	0.07098004532306666	0.02291308659716089	0.12245184821673029
0.1185167434705072	0.3146988574637513	0.03680519487956886	0.04567727842453445	0.09291432474416125	0.12628138455094892	0.06861593336045255	0.05544063548843835	0.012542588371125388	0.12850705924651162
0.03876759829970895	0.23106040751559825	0.0316025215369138	0.15732292929079944	0.04139206118973202	0.14323929652731437	0.1196821876359947	0.0690330908837534	0.013301006113061661	0.1545989010071234
0.09117598842466987	0.16575545449659657	0.09779347366304496	0.0475578169075539	0.09782081781645101	0.16377860132191244	0.11003096740918643	0.032574122904873104	0.02237282057721618	0.17113993647849546
0.1391686074722966	0.0490585992488887	0.18523946220690068	0.05212337590851165	0.03830307394966476	0.24063742128166005	0.0588312443099522	0.06988310725235514	0.02475383460290502	0.14200127376686508
0.2301314211152083	0.057427910779241004	0.02887802318958306	0.09605983666872345	0.06163707866390983	0.1942885482114763	0.12195421032549018	0.06922092966383522	0.03575395328270904	0.10464808809982344
0.08111256055457935	0.1806446485645451	0.06127626222185913	0.04315477466346811	0.06229903618212379	0.27717860777690684	0.06747200365829573	0.06840916776032169	0.013604337582196327	0.1448486010357039
0.038006146881041446	0.11622450466880642	0.19530581255378132	0.01719909835458587	0.0815082983364362	0.30249626576618605	0.06974155349152816	0.036722519268667125	0.029150641870424418	0.11364515880854295
0.051081831086194546	0.028765529134356954	0.27539982401972657	0.19864713608739196	0.06686030483836683	0.14195271510450472	0.08082841243066294	0.035588706053660504	0.025074194785047965	0.09580134646008699
0.18208156741262216	0.08074400195604625	0.03763356754051517	0.1754694429395788	0.09048487573758239	0.15514509581552324	0.0764232580412032	0.03462918483484893	0.03985591571930497	0.12753309000277477
0.16575231464754572	0.24812117480904938	0.03519760162365959	0.04204746287800266	0.058024401096442885	0.19727554322343335	0.06963964786215927	0.04402736951199506	0.028502351842028956	0.11141213250568298
0.15328739861485532	0.167381292427507	0.042999461577107684	0.07583147001952961	0.08603219586213283	0.16597749937212786	0.11766282761145021	0.035466011659153	0.032492058331520204	0.12286978452461622
0.09206854700510365	0.21159873554538183	0.035953589281925116	0.06275202734149227	0.07794680740779242	0.16193823709630367	0.1162378106394365	0.06902328508295383	0.025812646918828175	0.14666831368078248
0.0458739903245514	0.07376112131570828	0.2565775758538277	0.01751828087560707	0.05390026354948092	0.2345762283399645	0.10520731157425654	0.03646417710989694	0.037773317234153496	0.13834773382255316
0.035140952894817196	0.2686530732220017	0.1008273865616555	0.11675695012109996	0.0644828518295398	0.15203190372554048	0.06138132522571555	0.030289692209652413	0.037354909695404726	0.13308095451457264
0.08358869305287138	0.12033731413453826	0.12363779631565275	0.128740119389327	0.0788029179952218	0.1927169965723835	0.07168526205618635	0.06706711797326625	0.013906427103958743	0.11951735540659396
0.10265127997592959	0.04300706742712887	0.12575122166862035	0.22652087694430473	0.05723046494608878	0.18902462613332033	0.07717957952468704	0.056721248615116585	0.025095856000307684	0.09681777876449595
0.02107477518553033	0.026025657198575677	0.1259845459294666	0.18867444626113022	0.056325384427010766	0.2679672037300317	0.09598619568877256	0.06460988845046695	0.026742927329954924	0.1266089757990603
0.11233366632044581	0.14315754455063376	0.19100966650719656	0.028676375631728798	0.0349399706080013	0.2052171135630101	0.05919012013677467	0.03546458040246117	0.02748465180550612	0.16252631047424163
0.036465198555640385	0.13567057548733755	0.22831578999725066	0.09519289362751895	0.09324224412755046	0.12123841410352805	0.09052778629873072	0.031110730526655903	0.03921886059393546	0.12901750668185183
