0.11227157298616222	0.09763088541273654	0.12054965324551602	0.13215106219322897	0.12002382745384681	0.16761692761736985	0.06280601192448237	0.186950059166657
0.11298126763682446	0.09677648893645385	0.12698042088813885	0.12634596459019734	0.12039418912533256	0.16467031252064018	0.062457476969831505	0.18939387933258103
0.11009242809875479	0.09816502442451862	0.12216356151914594	0.1296295077330999	0.11897713916548253	0.16699823412045056	0.06332881891600248	0.190645286022545
0.10846025396615147	0.09536364575568546	0.12409427146711756	0.136684902572144	0.11827342520588997	0.16425735081212545	0.06269184342302114	0.19017430679786473
0.1083771593443716	0.09537099907801168	0.12308063506698078	0.13739120632105223	0.11933906961889783	0.16482134931361037	0.06305407571409014	0.18856550554298518
0.10988394879572745	0.09695895943182627	0.12312152278218279	0.13645724306175322	0.11966875990038678	0.16394160662121188	0.06333680603046135	0.18663115337645006
0.11220064664482238	0.0966106372454332	0.124351665597724	0.12647435463199272	0.12027725535652907	0.17125366368648257	0.062275922045292045	0.18655585479172382
0.11574505930654794	0.09579186977667295	0.11994939590050104	0.13283703360525811	0.11835678542596886	0.1660191494301868	0.0625171497760687	0.18878355677879538
0.10804971876669783	0.09499408786077662	0.12698862807209593	0.13292412844248427	0.11971370798159277	0.16611723754262975	0.06293843826652365	0.18827405306719902
0.11259594549431075	0.09622743155855569	0.12440307054333771	0.12962530298847075	0.11871840869989919	0.16565134223899264	0.06269182536275988	0.19008667311367317
0.11087010515720916	0.09851107771046341	0.11988479399623009	0.13097860796104777	0.11895461501578604	0.16740783306056706	0.06268618330232	0.19070678379637623
0.11100927600674754	0.09655268534596836	0.12388014503808453	0.12768685886814843	0.1211396654094768	0.1661599107417562	0.06333538015536702	0.1902360784344509
0.10729679326043831	0.0983043393326899	0.12357725695773075	0.1333627357627962	0.11782418796123667	0.16811974325137874	0.06213864437060354	0.18937629910312567
0.10898560137130123	0.09798849430648052	0.12444850785796485	0.12878931630543186	0.11988389347598026	0.16771862091864392	0.062462748807581084	0.18972281695661608
0.11433169104855917	0.09560567663208427	0.12526068510427757	0.12637389697929854	0.11862328518701785	0.17025096230915648	0.062319646351142705	0.1872341563884632
0.10745741757257887	0.09812874779223521	0.121818762750248	0.13076542513219466	0.118077272268833	0.1703943016124079	0.06281185989144855	0.1905462129800536
0.1108712988738141	0.09563731071226503	0.12179964704097514	0.1306019535459387	0.11990536940956414	0.16784870591911139	0.06265396932466698	0.19068174517366432
0.11047940589768102	0.09659078269098365	0.12452810064055206	0.12970929288729702	0.1178896049639786	0.17102834221041388	0.06318008125474742	0.18659438945434612
0.1160769787840047	0.09627040405771464	0.12002897821358338	0.13390209709836876	0.11781192096087335	0.16574662139360924	0.06252602984909303	0.18763696964275267
0.11401006311825805	0.09820554028379613	0.12234748902334665	0.12624936866880296	0.11977295550118011	0.16613580113229276	0.06327923549330748	0.18999954677901565
0.11205182140921235	0.09766506839515202	0.12052301013818482	0.12790146869520433	0.12120616132625214	0.16954092751484517	0.06265589375977343	0.18845564876137552
0.11021480116194905	0.0974186964428373	0.1271696028332928	0.12668394832376426	0.1192824156644363	0.16603470668414022	0.06256655022227009	0.19062927866730978
0.10607378120027633	0.09772536778399368	0.12442864095820466	0.13254637525198185	0.1197210795799532	0.1669138998420447	0.06210841476833662	0.19048244061520875
0.10833371192295813	0.09778607824097135	0.12354979923254839	0.1360702381747443	0.11803432367389498	0.1632800366059314	0.062496768586615306	0.19044904356233594
0.11054471079896747	0.0966799755855389	0.12322870622451623	0.13305318881046593	0.12007485424479297	0.16441108427314852	0.06326450432572336	0.1887429757368464
0.1102791230775871	0.09693942729640816	0.12299136030450523	0.13355979361518955	0.11868442616702594	0.16677710046087363	0.06297189429776566	0.18779687478064452
0.11715415490771537	0.09610438702253435	0.12378279868387336	0.12884345250441023	0.12117933184841563	0.16315673324701216	0.06243250716679727	0.1873466346192414
0.10880031337750984	0.09591154729047152	0.12600887604349947	0.1343565789554147	0.12072099058455209	0.1639433024533759	0.06210667737911356	0.18815171391606272
0.10720839610165595	0.09575230831669501	0.12342164065394717	0.12997547154749464	0.12124451552395192	0.17087967100601467	0.0625938014480473	0.18892419540219313
0.10641838559531987	0.09800071691816711	0.12117420457358771	0.13097376513761122	0.11926190692935976	0.17100105675925398	0.0627050674711682	0.19046489661553193
0.10994058491564807	0.09745337423459334	0.12171047104623091	0.13150243413928586	0.11929670878351387	0.16972142607293353	0.0627898862976484	0.1875851145101458
0.11214568063768779	0.09513569191273918	0.12180301012960504	0.13227005295995228	0.12034690593481236	0.1672196313354593	0.06207082830618618	0.18900819878355762
0.1149905078326734	0.09677045902579538	0.12100727540840668	0.13103285785840244	0.11817957912600795	0.1680347201702483	0.0628362294720737	0.18714837110639193
0.11669612769124037	0.09586425578546617	0.11969464367709257	0.13146930609273755	0.120359251886939	0.16668715962765604	0.06216884200822899	0.1870604132306391
0.10654903283203007	0.09693977125491594	0.12036911990198576	0.1367729568262802	0.12023678254587182	0.16520725725573326	0.06331458972942339	0.19061048965375932
0.11709337611420614	0.09562906709516808	0.12035263353014658	0.12986086588121584	0.11794414820487646	0.16979747365653497	0.062038051265963415	0.18728438425188831
0.10909136198545835	0.09737512772014556	0.12543933401656102	0.130364456347016	0.1178421090687084	0.16990468842940065	0.0625348027711658	0.187448119661544
0.11366168678042331	0.09602632089256218	0.12487371373894428	0.12689158764495584	0.12012694263087773	0.16768472860629535	0.06257775444096826	0.18815726526497287
0.11410245217675856	0.09584758657222041	0.12650929776008965	0.12880681885658085	0.11838844357478409	0.16623867043870585	0.06276347662691012	0.18734325399395024
0.10835310249529047	0.09540840162489045	0.12480757165080615	0.13252287730015205	0.11790342266236871	0.16881589157354898	0.06272601614487264	0.1894627165480703
0.11115612479409703	0.09720729851514205	0.12693527106759153	0.1285220421307087	0.1197417811920957	0.1649451034609596	0.06287811951812829	0.18861425932127684
0.11133368443514476	0.09618400396611897	0.12528906659740735	0.1328888106820173	0.11992631785347477	0.1648677057800647	0.06275302643862406	0.18675738424714788
0.1089643596770138	0.09817774460707537	0.1265318055176517	0.13131301189854533	0.1209317060948824	0.16507892151366027	0.06199781186675522	0.18700463882441568
0.10858727502367356	0.09833033693097665	0.12565021068645027	0.1311158793066774	0.11851433755425955	0.16765978860839584	0.062259496593899566	0.18788267529566693
0.10826656859949504	0.09552892712905922	0.12346235090033215	0.13466238519232399	0.1194305166780216	0.16530792940250338	0.0628451218401331	0.1904962002581313
0.11355945647647714	0.09865328989765006	0.1263494971314224	0.12643671936510437	0.12058388259098543	0.16328485531324066	0.06298352940857987	0.18814876981653983
0.1099763716085792	0.09792371656141362	0.12310376335223289	0.1282958775797665	0.11929113710630548	0.17071999159752904	0.06228286972917095	0.18840627246500213
0.11032231993701382	0.09778498522987361	0.12010726401499931	0.1333155662230347	0.12121686008708246	0.1681058663909486	0.062474635157016276	0.186672502960031
0.10608577870903896	0.095587767734451	0.1197954295272551	0.13610944582616452	0.12067347809244544	0.16958116697595949	0.06325278286624675	0.1889141502684385
0.1128713395815664	0.09508315146620691	0.12452440067982942	0.12822117568107713	0.12035685886113948	0.17019107550323137	0.06214296187861053	0.18660903634833853
0.11184751994540368	0.09660738852962805	0.1241416895079753	0.12931557860247936	0.12059311941962675	0.1661305840520836	0.06204546413285281	0.18931865580995022
0.11777874608495345	0.09832990355591553	0.11985050966930196	0.12684270880064052	0.11937032562706912	0.16561937833398435	0.06277048713809347	0.1894379407900414
0.11294323513129688	0.09817694471668012	0.1259729519176583	0.1284537258031559	0.12113379705129454	0.16336152126526554	0.062314035754310576	0.1876437883603379
0.10731784525879762	0.09815808777293374	0.12253937800983628	0.12891085270622676	0.12097574306484228	0.1707094056476323	0.06279099957248946	0.18859768796724133
0.10619737035008694	0.09830266763712235	0.12577075580995248	0.13392986048205474	0.11784130275066435	0.1680424708054469	0.06260178508585496	0.18731378707881707
0.10729675177963417	0.0978316306603198	0.12201033993262934	0.13534740341608528	0.12039941004062457	0.16418181755325778	0.06303425119693805	0.1898983954205108
0.1065774269999446	0.09787312995907288	0.12675796537570103	0.12692359194154532	0.12037070846326763	0.16854215515925194	0.06256623343093086	0.1903887886702855
0.1081933157972573	0.09764853772348409	0.12620498580177836	0.1276869681822707	0.12045686043582926	0.16767168901700463	0.062020303089506346	0.19011733995286906
0.1089160056301692	0.0974683637229791	0.12250499809432228	0.1359606510953168	0.12106533035700134	0.16436099948234545	0.06282187445579107	0.18690177716207457
0.10703987786561579	0.0959120480306215	0.12659961391776509	0.13079800241541062	0.11885241721775641	0.16719289502075058	0.06334944792771707	0.19025569760436273
0.1085888385957792	0.09760580115209688	0.12665752801152869	0.1268805199711871	0.11992149108803091	0.17042264613219413	0.06305134633166948	0.1868718287175134
0.10924203615430068	0.09853065119981347	0.12202500377201869	0.13258349771657502	0.11873271971517187	0.16683814912947395	0.06207063050024006	0.18997731181240604
0.1092448754277659	0.09539653880551727	0.12277841427819	0.13172692235396835	0.12064590436275037	0.16756776843286303	0.06229522418413712	0.19034435215480777
0.10867390978091701	0.09877263637149741	0.12376651277197223	0.1299178498282927	0.12096504617231106	0.16607290471628222	0.06219810165905107	0.18963303869967607
0.11220623281011123	0.09677719629747186	0.12577563299906436	0.1289520023412897	0.118088986764655	0.16616688713186517	0.06235275656208343	0.189680305093459
0.11035969700072491	0.09874715576996748	0.12380606304016843	0.13302460665213964	0.11940649238417889	0.1641192666528879	0.06319426025604469	0.18734245824388784
0.11353871675466186	0.09812420346834161	0.1267852121040382	0.12770358178784208	0.12002679399444731	0.16463350621239892	0.06247656353731271	0.1867114221409571
0.11777949622337563	0.09720633767855288	0.12312692923199696	0.1267770400075547	0.12007998756390612	0.16316949101885825	0.06271400818658268	0.18914671008917255
0.10853165875023271	0.09877458881616483	0.12439765629512825	0.1317331595424594	0.12000229171107525	0.16519228336321878	0.06276744791231874	0.18860091360940182
0.10607676261903767	0.09828751356004864	0.12322369586519204	0.12717543671479462	0.12030598788520751	0.17122280518670274	0.06330267566454706	0.1904051225044695
0.11255923674408898	0.09618035666053068	0.126089120594802	0.13097491245082826	0.11899352973756952	0.16306140530337926	0.062338691928731774	0.1898027465800693
0.11820012932699174	0.09690838432776272	0.12069520455851716	0.12809195606361598	0.11936651226255761	0.1653246087136121	0.06314794819755436	0.1882652565493881
0.10748678527986327	0.09489951779667416	0.11952768620202786	0.13460898563184223	0.11911768129185953	0.17043116672063785	0.06341692133440985	0.19051125574268502
0.11158816449403437	0.09623545159917535	0.11967200188169375	0.1299479452681958	0.1211423234046955	0.1701598373460924	0.062167633551620236	0.18908664245449236
0.10567198355549258	0.09621311593516813	0.1257745305180924	0.13679654396450477	0.11782563325203628	0.16730092801775415	0.06213374905517974	0.18828351570177174
0.11440612445211094	0.0975934446156487	0.12171756324762932	0.1283349531737744	0.11889390122610283	0.16886691188696606	0.06285318687704769	0.18733391452071982
0.11413640966189631	0.09858889617681496	0.12068177499610835	0.12664156882303254	0.11909425547847867	0.17076597431564972	0.06291674252831078	0.1871743780197085
0.11162929478647447	0.0966285597740532	0.11946881451986266	0.13451760662520965	0.11858326681277671	0.16825497929026262	0.06226327924871014	0.18865419894265034
0.11274657421339715	0.09598945383396862	0.12102364418338582	0.13721001649756304	0.11813741833320847	0.164050804671176	0.06255733811005602	0.18828475015724466
0.11353027578570452	0.09712285856419092	0.12290125000658837	0.13068154102728463	0.11785206421822134	0.1659157325017735	0.06281732753438729	0.18917895036184923
0.11201373496651332	0.09729805051255551	0.1226807792651067	0.12714671061000196	0.11957920157936684	0.17022847121639031	0.06246329762440957	0.18858975422565555
0.10759312892838224	0.09651023280839843	0.1254189098026772	0.12903155165673844	0.11907162003814603	0.17025391277129487	0.0629887968727135	0.18913184712164904
0.11243355705525566	0.0961091300141603	0.12067661122242415	0.13594959435054801	0.11941563967361529	0.16309000204330104	0.06300890596832848	0.18931655967236688
0.11541812240328157	0.09542057294824419	0.11970285690377795	0.1303587099122266	0.1207962312716161	0.16518350168365942	0.0630770210736625	0.19004298380353146
0.10692810374882994	0.09867486124230311	0.12257320715594133	0.1375185147236548	0.11792989158788371	0.16509302384252303	0.06209565254318128	0.18918674515568257
0.11061422916533639	0.0960434989014936	0.12194686954543303	0.13041352421731697	0.12115990686983563	0.16971500142707835	0.0630255647699654	0.18708140510354038
0.11309772150834377	0.09677216091555936	0.1237948099355275	0.13357381520056658	0.11891266431649009	0.1637532173642224	0.06204218946521574	0.18805342129407432
0.11413954056989126	0.09601704359378335	0.12167321369506075	0.12853444547127146	0.11783220634940499	0.16883647614456054	0.06271715539438641	0.190249918781641
0.11050688567089258	0.09569077750972173	0.12563554362362828	0.12656229319325846	0.11811653867636848	0.17000312852192706	0.0629038627002133	0.19058097010398992
0.11447969548632879	0.09613274559928327	0.11957082260807163	0.12992302932667343	0.11867914431762638	0.1695397587476914	0.06262949603646074	0.18904530787786417
0.11066055297916799	0.09842981701362336	0.1256814445181608	0.13153191425304375	0.11940591371523636	0.16426877316199032	0.06239772975859213	0.1876238546001851
0.11534254981652313	0.09549528481602894	0.11943207499244698	0.13071403587977357	0.11930319550668	0.16588709656169143	0.06323084993637848	0.19059491249047728
0.10943288007269056	0.09658166363793474	0.12213063688009945	0.13571556783340255	0.1211062620131823	0.16345799178215267	0.06264272469791193	0.1889322730826256
0.11869165139235345	0.09801139782547487	0.12054043701449786	0.1286182223749355	0.11980464299691149	0.16343130886928967	0.062335270707389784	0.18856706881914714
0.11113641641418197	0.09563404737825833	0.12344873983850635	0.12978729012288717	0.11968968142341903	0.1710749994304404	0.062207371407367	0.18702145398493952
0.10989802949968284	0.09849625848313792	0.1268945734092317	0.12805911205954776	0.11803987343572964	0.164999146944654	0.06330479372791302	0.19030821244010288
0.11412865121772875	0.09763965345728311	0.12678160308464342	0.1263831021850666	0.12036397037431469	0.16348375538724294	0.06321024001733307	0.18800902427638722
0.11369818253213593	0.09806732926491527	0.12254882135609786	0.12681761526032978	0.12111056008137212	0.16644890348076338	0.06279153359310558	0.18851705443127986
0.10929467786576727	0.09788722024473018	0.12231884646268802	0.13258513303388436	0.12037035340146383	0.16866753599297651	0.06211105428156427	0.18676517871692536
0.11489436581240126	0.09672289305335509	0.1206440610740419	0.12899486482909697	0.12124673644856476	0.16449120351117025	0.0621793005702575	0.19082657470111208
0.1128313684569666	0.09711764981535238	0.1235905417234682	0.12757208080359547	0.120071558699858	0.16976679526200786	0.062424029731408065	0.1866259755073432
0.10738236304399681	0.09694255260821735	0.12461444438837767	0.12906408524651744	0.1200249713912836	0.17004194520281973	0.0629382736450529	0.1889913644737343
0.11388723651438852	0.09612098849106726	0.12443212542658907	0.13092843207870258	0.11822089029006803	0.16695334182347465	0.06226061990211741	0.18719636547359225
0.11256851949868013	0.09536676570639614	0.12285022138221212	0.13102587289731102	0.11809262353845143	0.1703205382273584	0.06323992163365957	0.18653553711593096
0.11071597176657727	0.09754630572757012	0.12072606634058457	0.13279589906924386	0.1188250274146821	0.16932832374172835	0.06257628911239868	0.18748611682721486
0.10687283982089638	0.0986012190974192	0.12608168882351925	0.12646324974752096	0.1195158156273626	0.17061077041186196	0.06267538559046291	0.1891790308809565
0.11256208182881332	0.09497940844473121	0.1271924607678027	0.12879168837799976	0.1196602591765482	0.1660631810952704	0.06223890630109624	0.18851201400773798
0.11340315533090606	0.09809825984998122	0.12114062740858622	0.12597155996076914	0.12061271655736894	0.16866645996728796	0.06270622460354242	0.1894009963215578
0.11477353209958753	0.09592158107733581	0.12061602921306457	0.13273787361916478	0.12050004861512609	0.1644465715945158	0.0630362915192681	0.18796807226193715
0.11166218872285463	0.09643530577546369	0.1217284127772056	0.13032297210776234	0.11853524179435286	0.16923362642431233	0.06304089956308534	0.18904135283496298
0.10831376130741599	0.09795588500495196	0.12338826230482358	0.1359020197370339	0.11846570545988216	0.1640590214235446	0.06324247790840133	0.18867286685394627
0.10893493699503387	0.09788308595075722	0.12523243007861062	0.13448182775617495	0.11807017409775368	0.1632904915646688	0.06219657824931164	0.18991047530768895
0.11334198781527391	0.09826973508170661	0.12050023492226489	0.13299200511882459	0.11807385118711261	0.16653683663075114	0.06303320601271947	0.18725214323134654
0.10993482301431912	0.098319908012624	0.12322072961870582	0.12984460815088886	0.11820940462273066	0.1693574545815234	0.06284949771339232	0.18826357428581558
0.11460955012483459	0.09727839400614618	0.12111213783359248	0.12807748678397074	0.12102946491129032	0.1663940150221304	0.06328813541359549	0.18821081590443955
0.11669696493537865	0.09540903681525376	0.12314186409828252	0.12822152740893158	0.11820049137940833	0.1663693147947704	0.062043641826505	0.18991715874146953
0.11547893242782797	0.09520576691995689	0.11961591493349251	0.13366610075114746	0.11905633616475732	0.16387954755616796	0.06331395272574361	0.18978344852090606
0.10865575544910952	0.09739441195085474	0.12129961501861722	0.1307486610405809	0.12108153309178105	0.1708433920226346	0.06321749334740698	0.18675913807901479
0.11316030634767696	0.09709946514875076	0.12715443600962095	0.12855068163603056	0.11917564628376669	0.1653959692509917	0.06255718412503589	0.1869063111981263
0.10711296885918342	0.09866323686025391	0.12318827273128756	0.12778994993344497	0.11979376914601783	0.17102026439438156	0.06326209759838355	0.18916944047704698
0.10841015696533324	0.0956347565566959	0.12306399183700684	0.12932745884881608	0.11868654666305996	0.171278043285148	0.06307314906642436	0.19052589677751544
0.11233233537565443	0.09720137322415845	0.12132375968901948	0.1311694039565786	0.11967449831470893	0.1678316410620126	0.06272399509097434	0.18774299328689295
0.11324566925555425	0.09710015590468843	0.12281202565729461	0.13566470597960276	0.11900492282270753	0.16304660265654472	0.062346735016330035	0.18677918270727745
0.10583723598108412	0.09508021152221446	0.12373763295410534	0.13357560242454405	0.11827009649175318	0.17049607435478814	0.06320045279971952	0.18980269347179096
0.11010062379823132	0.09707185571868536	0.12513296457169945	0.12810122101386653	0.12124523761262705	0.16644484845557636	0.06199820158615428	0.18990504724315943
0.11068726418468942	0.0964887316296285	0.12631470056585528	0.13017902432141967	0.11952669171244804	0.16503081839980865	0.06283400302128517	0.18893876616486505
0.10657744531138966	0.09718990480911191	0.12609687648293036	0.1321274393030631	0.12111292050167234	0.16532335580128046	0.06258182482589913	0.1889902329646528
0.11595835220038483	0.09636536505954546	0.1216644211977309	0.13005072780679922	0.11911677647718856	0.1654740231663106	0.06341496582811149	0.18795536826392872
0.10908539196746891	0.09524063971169636	0.12463716676276895	0.13640442046009726	0.11926553361211727	0.16518635783533436	0.06299641332420018	0.18718407632631645
0.11146479862366625	0.09534740011021739	0.12655141918159443	0.12698876554606675	0.11834397235536405	0.16868710142058974	0.06220137011141556	0.1904151726510856
0.10887949437157321	0.09869556911561084	0.12394900122852069	0.13061299567094145	0.12097407751627334	0.16472914667548308	0.06322769866748715	0.18893201675411003
0.11277859937436704	0.09637401207985345	0.1269181376539799	0.12882805939933453	0.11852084743236839	0.16470029755457738	0.06222761825828338	0.18965242824723572
0.1171903264062254	0.09524864686578625	0.12096172327970436	0.12999864407526351	0.12037147530123744	0.16689537056920395	0.06241426067107485	0.186919552831504
0.10727631751059935	0.09713495282123213	0.12705409688078148	0.12956200845177404	0.12038153464686432	0.1659073728222647	0.06261587474360404	0.19006784212287975
0.11080663269659738	0.09579736851366205	0.12298013878672316	0.13410575178510223	0.12050534401020824	0.16531989027862454	0.0625893876613541	0.18789548626772806
0.11155189220611808	0.0962075200315081	0.12499834867908666	0.12800572249865763	0.12007127129047754	0.17023520219757354	0.06239394462551634	0.1865360984710619
0.1143466682396988	0.0958003312424295	0.12623480485570565	0.12855549356814117	0.1203146000327861	0.16382707591360157	0.06338047983153408	0.1875405463161029
0.1084148058685087	0.0977435613085679	0.1259260242620868	0.1268186714725091	0.11786426097131147	0.17073950969870777	0.06332612689960523	0.1891670395187028
0.11051409993354916	0.09488399556582172	0.12585770482561154	0.131040299960933	0.12040636372644976	0.16422709390097615	0.06331122781491452	0.18975921427174391
0.11192767657038988	0.09761030603129342	0.12321545603589525	0.1276491558934872	0.11778832370816983	0.169970381509801	0.0629482426150059	0.1888904576359573
0.10804706279212818	0.09653689533708362	0.12618700577694794	0.13088180338403818	0.11875698493753002	0.170040535957644	0.06239267875329786	0.18715703306133
0.10583350783415688	0.09576076859714239	0.12037730105165456	0.13507270986826975	0.12007643639616622	0.17004935742146798	0.06264583283318209	0.1901840859979599
0.11009269097983422	0.09833503707358696	0.12322257597324558	0.13100081177561226	0.11828174687197995	0.16541721766215756	0.06308391263822159	0.1905660070253617
0.11161400735130836	0.0976423387442029	0.12219147829899016	0.13154381439870394	0.1202592777955718	0.1645871057064074	0.06242999095540476	0.18973198674941047
0.11017881975532105	0.09821431788964546	0.12259576860976276	0.13164495169941182	0.1178265847813477	0.1697923064293495	0.06303867406463076	0.1867085767705307
0.11777848953699037	0.09582057548692952	0.1232058230086439	0.1275947551553187	0.12006096560726619	0.16456146714259495	0.06218577443053398	0.18879214963172214
0.10563615066255058	0.09804013660199606	0.12181248228214446	0.13282639558508252	0.12128779300706877	0.1704334421130615	0.06323163097537401	0.1867319687727219
0.1100995123733575	0.0962948965256567	0.12104472971720084	0.13416188013685956	0.12076505261998867	0.1683171338456162	0.062130999280190016	0.18718579550113026
0.11231708358337687	0.09610957546369739	0.12350113912230257	0.12970756797911184	0.12024412942584653	0.16735750769454152	0.06316425991161197	0.18759873681951109
0.10833474957552006	0.09595688321085305	0.12296463076783812	0.13229075644269264	0.11963871573303833	0.16826123157698072	0.06280612577608452	0.18974690691699236
0.1129392245371614	0.09773552567044948	0.11992219533907611	0.12992613573417927	0.11975802902366203	0.16904853807270825	0.06336430870931148	0.18730604291345176
0.10584820688678842	0.09770652494637583	0.11963426131465853	0.13277758357696048	0.12108460880146656	0.1699686585956527	0.06277836025335855	0.19020179562473874
0.10914875477847807	0.0982956073543047	0.12504968645690956	0.12647368965764796	0.11983508450889152	0.1676236779160317	0.06327077303821813	0.1903027262895181
0.10574729582011988	0.0977156854849994	0.11989780499966333	0.13493593117594854	0.11888948082571899	0.16931713299189305	0.06342060038963176	0.19007606831202484
0.11089890915673582	0.09687360727012188	0.12200149453667868	0.13138534351433243	0.11914166383058666	0.16635826744767565	0.06248824776518347	0.1908524664786852
0.11331440722081494	0.09506327365392733	0.12404805106265324	0.12755099616239465	0.11945470678985275	0.16787656364817255	0.0630879235230008	0.18960407793918355
0.10683885020877093	0.09707908920634574	0.11981258429482317	0.13623219274886836	0.11901004084987986	0.1689255185336711	0.06320551636354922	0.1888962077940914
0.1187290842750229	0.09622838231711812	0.12058635350738604	0.12909644460441896	0.11834997067472353	0.16617273219770023	0.06310444467217721	0.1877325877514528
0.11223995541420484	0.09824716124367183	0.12093341917013482	0.12910242006940936	0.12121762278503309	0.1670952191392694	0.06277603090758524	0.18838817127069118
0.11137412161564883	0.09799340277968702	0.12624328908416022	0.12740532161070356	0.12097539415608065	0.16613147551386587	0.06247550595720207	0.1874014892826516
0.10559150212912967	0.09672549483520332	0.12582028830439035	0.13257259992638215	0.12066791526305733	0.16686864426041295	0.06340155067593062	0.18835200460549337
0.1141936357259995	0.09721153135511952	0.1212233488578925	0.1264444845025187	0.11778351848552877	0.17099780245250412	0.06289380862274145	0.18925186999769522
0.1181987621473749	0.09809740972758929	0.12186677330428403	0.1263654054549636	0.12067071367201335	0.16471120405016765	0.06281006206833584	0.1872796695752711
0.10578989853350922	0.09657255948759501	0.12661318773110739	0.13543247551341547	0.12064142649079082	0.1651346434252559	0.06259059204431759	0.1872252167740084
0.1121491861667511	0.09648978404564296	0.12180992653652871	0.12879570323151346	0.12126216062892005	0.1695285830934472	0.062186764817742435	0.18777789147945387
0.1126239156057888	0.0949170526672046	0.12268570820055962	0.12727724012552738	0.12036062625783112	0.17123863193311903	0.062307752934681424	0.18858907227528782
0.10823086451688366	0.09790046720126483	0.12028119915976357	0.13714013931643976	0.11870515456535737	0.16441291781775347	0.06251499731520493	0.19081426010733218
0.11058764517130337	0.09684018086587921	0.12231596700266098	0.13541693182899148	0.11801293591971584	0.16442198408752143	0.06329802532639864	0.18910632979752884
0.10746789126044747	0.09582775567513777	0.12413843274616028	0.1317950476354987	0.1205616025842673	0.16906328093266684	0.06283214721662983	0.18831384194919154
0.11202583784607956	0.09645683298520498	0.12225292723839133	0.13531855945317134	0.11855545410954753	0.16497185808336218	0.06328266391123255	0.1871358663730103
0.11088080071007357	0.09750189018573646	0.12583653345072726	0.1328061625444463	0.11858032911602132	0.16516345056960086	0.062255910786779334	0.1869749226366147
0.11763518035364724	0.09593053392366355	0.12140046292197053	0.12764415816102453	0.12055046883621234	0.16402023986104589	0.06284418553013355	0.18997477041230215
0.10749263864717906	0.09568428175121096	0.12030934167841378	0.13537647459468274	0.12088059141019124	0.16825338134562953	0.06242053875815447	0.189582751814538
0.11039226841004472	0.0978206693572204	0.12173180535036268	0.13092169303520274	0.11815081233611115	0.16799425260715903	0.06290005276298385	0.1900884461409152
0.10730303304285327	0.09690934771086515	0.12397471770509572	0.1340271475542954	0.12094617880207952	0.16620058688314937	0.06243017809855521	0.1882088102031061
0.1118688983823621	0.09508536680792258	0.12065527651546556	0.1343255406077108	0.11973655659585075	0.16760823372340036	0.06295888283364162	0.187761244533646
0.1159080997168177	0.09820418914917374	0.12215532621679603	0.1288337843276607	0.11884859214372263	0.1631399770308113	0.06278654924186966	0.19012348217314806
0.11187831897198891	0.09623500861047869	0.12109499835451512	0.1319907360913364	0.12081981357357628	0.16712075003342863	0.06342873259618913	0.18743164176848665
0.11422821002538792	0.09703201641285379	0.12118338903394837	0.1307616239105493	0.12020998434089283	0.16418394928799027	0.06330031795311018	0.18910050903526715
0.1072368094488289	0.09868370948034187	0.12524469419547415	0.12752228805768176	0.12036837470339382	0.1707611225742903	0.06295174956743274	0.18723125197255627
0.11404993613426277	0.09667932878757354	0.1245014092353513	0.1260360508727646	0.12077608420012309	0.16666815028322973	0.06219741999744502	0.18909162048924974
0.11384877364724034	0.09490846884137263	0.12292716930403995	0.13049015803870112	0.11851813282841567	0.16664373564678414	0.06336400959655214	0.1892995520968938
0.10815339431099202	0.09735666854270779	0.120474612527501	0.1366956429606189	0.11902392761945245	0.16562204160464272	0.062141357345728176	0.19053235508835675
0.10679331577368734	0.09653724453195398	0.12604467856532894	0.13286858334432045	0.11921544622040042	0.1661300156254219	0.0627909550120886	0.18961976092679816
0.11366797438020118	0.09670497740209674	0.1256857140232014	0.12871560777910676	0.12067222711657936	0.1631550984022057	0.062156719511604286	0.18924168138500436
0.10734506283830925	0.09548706609644286	0.1222414669455619	0.13596899023305595	0.11822536029144076	0.1699573005392737	0.06331408489738377	0.1874606681585316
0.10646641822181371	0.09554229516434806	0.11996868164896951	0.13735094348007826	0.11903162982162267	0.17102087502498975	0.06295029732173979	0.187668859316438
0.10796308473846426	0.09678407043081232	0.12200365393445047	0.13535981705058273	0.11988820567016943	0.1651610012880276	0.062251713156854516	0.19058845373063846
0.11060302481661129	0.09840860642229177	0.1226128709479779	0.12886281775920239	0.12116977380263518	0.1669803876532956	0.06290736746533754	0.1884551511326481
0.10810663799847474	0.09561083891704938	0.1253722088374406	0.13252014411253668	0.11833240501226455	0.16720292556600477	0.062053686455153204	0.19080115310107584
0.11304371446257495	0.09862989840168562	0.12378206549027573	0.1280098352432804	0.12087280990792748	0.164126559667135	0.06310879801681935	0.18842631881030122
0.11240740294236234	0.09656377114262918	0.12035441915223416	0.1273027998394104	0.12030608531376963	0.1701819950736438	0.06303035738061728	0.189853169155333
0.11005652992449064	0.09554246099367963	0.12402314422201553	0.1315473394757214	0.12014875073873446	0.16620792469468781	0.06254516944543922	0.1899286805052311
0.10678700097520391	0.09798164010701975	0.126551813957472	0.12981139786322296	0.11879647947120915	0.1702411408400303	0.06290670683777061	0.1869238199480711
0.11039025271024061	0.09680749046913663	0.12572606589688856	0.12842226471664472	0.12062638027641799	0.16549631272503412	0.061996170013407625	0.19053506319222951
0.10753886184702652	0.09866887676768347	0.12608026772257003	0.1296645598102874	0.11789680600046815	0.16979739866983787	0.06288762447521196	0.18746560470691437
0.1087241374605367	0.09826277689276827	0.12309281517606781	0.12696334948362073	0.121043090227803	0.17011416736452123	0.06282191236452354	0.1889777510301585
0.10917937485554331	0.09869130335838443	0.12076913561468255	0.13344576547235612	0.1179985993102435	0.16888229743825173	0.06244943976683892	0.18858408418369926
0.10615419995834244	0.09803301211986534	0.1268105085095964	0.136180897236875	0.11877844146433543	0.1642572624310194	0.0623196216460027	0.18746605663396304
0.10682243678756274	0.09564907567299842	0.12101303370072716	0.13567612198006002	0.12011035197356262	0.17034332357654086	0.06237835464772078	0.18800730166082716
0.11610205862016368	0.09737943529353024	0.11982018166287259	0.12641367251581095	0.12062476099516527	0.1696322084651022	0.06220102356534657	0.18782665888200828
0.10849573989977337	0.09497980920280064	0.12533740715928715	0.13074164829140017	0.11942782164454946	0.16760167806826648	0.06312577571282131	0.19029012002110124
0.10786210613810826	0.09779483088047852	0.12103173580892923	0.1356754253558857	0.11932994974062867	0.16806650614274307	0.0631277618586191	0.1871116840746072
0.10743911718797594	0.09831663132324103	0.1226063339862177	0.13515483232424352	0.12049368686811612	0.16472895899822	0.06341773236282139	0.1878427069491641
0.11614372835812507	0.09578130524513093	0.12454557468999286	0.12721335333995362	0.1213254365594914	0.1640254901622062	0.06206754959507009	0.1888975620500296
0.10594627242730156	0.09546406799253113	0.1267448321790769	0.1314185486150738	0.12113026404989741	0.16942478453746102	0.0623361784019003	0.18753505179675772
0.11775517418229708	0.09629211128070464	0.12290326833578048	0.12775037065250802	0.11832173665023601	0.16688840095584698	0.06303091455725947	0.1870580233853671
0.11178103021920541	0.09518716974749954	0.12485928145834414	0.13254471288345138	0.11811110233547814	0.16674182565602158	0.06263572879188176	0.1881391489081178
0.10613031838796134	0.09612800379772883	0.1255097323763397	0.13112016439765842	0.11919954174181101	0.1695875744797837	0.06211781213903694	0.19020685267967982
0.10744562859677717	0.09527999751745633	0.12517943728946726	0.12915238728724782	0.12129273332616229	0.1693757077042454	0.06254398914449844	0.18973011913414506
0.11286055869920943	0.09784448023469258	0.12432641339683052	0.12911836623381232	0.11787254195955765	0.16542068365170376	0.062244305258209426	0.19031265056598412
0.11411554833345566	0.09797766494422626	0.11979753646886437	0.13504021356116633	0.11827600152560695	0.1643212533505889	0.06253487026600797	0.18793691155008335
0.10845546055940716	0.09796113666667469	0.12091430175603714	0.13606260801733563	0.11790535372916734	0.16509883759539679	0.06292864913597528	0.19067365254000573
0.10960837340101229	0.09739012394599744	0.12240801715365225	0.12839232769674103	0.12069048554506742	0.1688282221401177	0.06248273975250096	0.19019971036491068
0.11290641272476028	0.09533422146944531	0.12045401427483295	0.13548682015195926	0.1177843301414633	0.16670701502761517	0.0628934849877712	0.1884337012221523
0.11417631294377646	0.09528370852380777	0.12109098677716769	0.1326201753160548	0.12125816834814598	0.16523755356928876	0.06201007426097779	0.18832302026078052
0.11756142795144722	0.09629667745716972	0.12362060163414806	0.1288889495321956	0.1195825566299735	0.16505108817376934	0.06227020906086246	0.18672848956043386
0.11405200603178584	0.09582093110073024	0.12634730248854353	0.12886752920649258	0.11954990146803843	0.1640333545261347	0.06239676655422792	0.18893220862404653
0.10571369006596358	0.09784152924475134	0.12186579263246677	0.13253091743872242	0.12096952094189534	0.1693715957789102	0.06269097181372282	0.18901598208356732
0.1082954320741342	0.09634567910697951	0.12720973877027117	0.1319952140783421	0.11908702813541897	0.1632725101131911	0.06306261777460187	0.19073177994706086
0.11217406686517196	0.09866762820332511	0.12295836674256878	0.13089698718587273	0.12046345661613048	0.16477099790066857	0.06254699156146803	0.18752150492479408
0.11243423143605807	0.0958742083137533	0.12245295204702834	0.13067492570604758	0.11887544256789258	0.16662097447096336	0.06227629386925351	0.19079097158900304
0.11698582448240621	0.09673793796343771	0.12188871332661824	0.12907936626360922	0.11916227123804285	0.16344739798741298	0.06290428359155772	0.18979420514691486
0.11266287076447057	0.09811006370550393	0.12147792277798622	0.12909223131839853	0.11911354398036637	0.1678290145396507	0.06271041053936942	0.18900394237425405
0.11611360609349669	0.09829475816083086	0.12027175646068199	0.12733379125113034	0.12031300032871531	0.16492708857492203	0.06252923528377541	0.19021676384644715
0.10937568685073347	0.09808226254337428	0.12470429151479503	0.1263845143574834	0.11798382593010555	0.16985866135410038	0.06296263543118097	0.19064812201822665
0.11231871666955823	0.09669771163928098	0.1264849030882655	0.12744226355608523	0.11871815675341002	0.1686656820422989	0.062313579844023206	0.18735898640707774
0.11109955500981814	0.09531089774137333	0.12492881384838198	0.13490017346257635	0.11780835595102326	0.1660040874514735	0.06262606348496638	0.18732205305038688
0.11099149776137678	0.09544322406565528	0.12565349576194296	0.132984577930302	0.12049148247309958	0.16442593284237825	0.0626790113094466	0.18733077785579835
0.1151216981554639	0.09563949575971015	0.1194995671845098	0.1329744415982809	0.11868635321208847	0.16522184986523133	0.06317662778322718	0.18967996644148805
0.1072178162516853	0.0979863794843254	0.12420798250778431	0.13480907723312344	0.12129476453746108	0.1638319636242741	0.06301365673487583	0.18763835962647035
0.11698756506397004	0.09545265319268452	0.12457958871778389	0.12773809377713308	0.11787185127285649	0.1668577926132775	0.06222865220528388	0.18828380315701038
0.11036378298153277	0.09780742029554873	0.12581626416581237	0.13123055041319365	0.11828825282235006	0.16456474733687976	0.06299214776930342	0.18893683421537905
0.11006785813312671	0.09621961754487574	0.1249098041394172	0.13093046670649278	0.11839140333923852	0.16870860065618387	0.06324769749043162	0.18752455199023332
0.10945187724064523	0.09737516774996496	0.12144290008054409	0.13327758249262942	0.11957512570815827	0.16562783527139857	0.063171373464386	0.19007813799227322
0.1056125876687334	0.09808254583334369	0.12450220227894904	0.13325486521235372	0.12036554351390275	0.16805624136054503	0.06338296935022092	0.18674304478195125
0.11757802833890288	0.09650305979300941	0.1216861145481839	0.1291724600310944	0.11835745957798482	0.16384931701473146	0.06245454439126141	0.1903990163048315
0.11759005245308937	0.09538685589973643	0.12060371823684192	0.130151918924097	0.1178021399330591	0.16743275806183044	0.06202980862035362	0.1890027478709919
0.10824516833303488	0.09852274976602335	0.12320252103228238	0.1311688904103236	0.11957949166180036	0.1664031446756753	0.06323684361170145	0.18964119050915845
0.11319765796025448	0.0983259770075644	0.12217742649638917	0.12611454710284348	0.11822360818118537	0.17043602720759954	0.06295753039675361	0.18856722564740974
0.1182878083210121	0.09544456449964422	0.12176758943331734	0.13131445672946201	0.11928568555769864	0.16417249875833745	0.06312445198915605	0.186602944711372
0.10660191758985785	0.09729419097851776	0.12005245750410116	0.13538825697631007	0.11887674597685287	0.16947735299154285	0.062052478836780015	0.1902565991460372
0.1098751597526151	0.09579193947972581	0.1245702104738058	0.1262517336412755	0.1193683891104066	0.1710548031770824	0.06330249655998232	0.18978526780510624
0.11764075596458576	0.09522535944158095	0.12369901506027538	0.12653561146594086	0.11906994748971005	0.16778505609878147	0.06210841702977063	0.1879358374493547
0.11422486548260626	0.09765954225869497	0.12069671005102883	0.13189230306979347	0.1186682795799398	0.1663234199753345	0.06210321526250939	0.18843166432009256
0.11319070096266245	0.09510613519043072	0.12712635027718108	0.12648064717946184	0.11938731215006669	0.16732475623189125	0.0634189378810433	0.18796516012726247
0.11235673374937054	0.09671699285400118	0.12381710733057073	0.1322748340641324	0.1187157889139176	0.16575420602575164	0.062944040221552	0.18742029684070372
0.11401542677787355	0.09658940723089945	0.12669831595323258	0.12795383125282972	0.11901634081810283	0.1659805212985753	0.062232365187211244	0.18751379148127512
0.10923740421077505	0.09777463314992738	0.12065333882612518	0.13712629882066485	0.12103521523417356	0.16365501153117856	0.06204196611345292	0.1884761321137023
0.11842470567831098	0.09808809613899343	0.11949227465254156	0.12925275625857205	0.11994821242252308	0.16399103296962492	0.06318373305802641	0.18761918882140738
0.11092948373109093	0.09612507627029818	0.12016872334526037	0.1357842164075282	0.1195818490042165	0.1670142987912766	0.062115925724836485	0.1882804267254925
0.11079677500134723	0.09603028468333329	0.12131119301455959	0.12929550051304844	0.12034268204014417	0.1689503476561965	0.06267324248227762	0.19059997460909295
