0.15868006490663472	0.3810980189670272	0.46022191612633817
0.1571489321515917	0.38098480147460234	0.4618662663738061
0.1526299517281956	0.3809304780284445	0.46643957024336
0.15445049808614733	0.38425379535241694	0.46129570656143587
0.14866786840329987	0.38499643837267805	0.4663356932240222
0.148733799631794	0.3856926256705975	0.4655735746976086
0.15437402370058137	0.38248988990104293	0.4631360863983758
0.15337963464554955	0.38070680632956644	0.4659135590248842
0.1565240356933586	0.3823658907990877	0.4611100735075538
0.15557499329417046	0.38035934071201666	0.464065665993813
0.15491014997259425	0.3855568442447127	0.4595330057826932
0.15701417348251215	0.3832893007901085	0.4596965257273795
0.15654236022910392	0.3795870413305929	0.4638705984403033
0.1599384963777032	0.3804641075216614	0.45959739610063555
0.15543570028844034	0.3800101746007061	0.4645541251108537
0.15168145621069062	0.384752269004494	0.4635662747848155
0.14996976603181073	0.38378912290784684	0.46624111106034255
0.15829305894104057	0.3813736502952207	0.46033329076373886
0.1524084379499686	0.38447763336324614	0.4631139286867854
0.15740291642288917	0.3842942426820347	0.4583028408950762
0.15866963526182576	0.38031100922165206	0.4610193555165223
0.15652031484258433	0.38191869876962237	0.4615609863877934
0.15139076282267377	0.3821709768222608	0.4664382603550655
0.1558643714905499	0.3798406571102904	0.4642949713991598
0.16026343100599338	0.38136893992976517	0.45836762906424156
0.15174144125495787	0.38302689656213373	0.4652316621829085
0.149737093075759	0.385940950400959	0.4643219565232821
0.1507582645746828	0.38471068678578424	0.4645310486395331
0.1566459438023745	0.3834395483761988	0.45991450782142684
0.15625587183617184	0.384627566331165	0.4591165618326633
0.1558407078534949	0.38171486809430566	0.46244442405219954
0.15685773374940454	0.37985457321465554	0.46328769303594003
0.15604544230644382	0.382055608360129	0.46189894933342734
0.15207728081200733	0.38355757447233185	0.4643651447156609
0.15812904457506427	0.3833157763568567	0.45855517906807913
0.14878299351663635	0.3864468532431219	0.46477015324024185
0.15436104901150777	0.384785102755086	0.46085384823340636
0.15645189557145797	0.3840707471345157	0.4594773572940264
0.1570259995022246	0.3814311085911478	0.46154289190662773
0.15186604704290785	0.38653436625566695	0.4615995867014253
0.1581823216697274	0.38249274020774	0.4593249381225327
0.15503272380126468	0.3845369873568302	0.4604302888419053
0.1493103102884898	0.38566660774881834	0.46502308196269204
0.153161392032526	0.3822306372913857	0.4646079706760885
0.15946624992752578	0.3808388075025813	0.4596949425698931
0.15353173397769848	0.38513461496164847	0.46133365106065316
0.15554605196775362	0.3834782189511597	0.4609757290810868
0.1537015960255234	0.38041058739883926	0.4658878165756375
0.1561216002317713	0.3827014866338915	0.4611769131343374
0.15003842156990288	0.3849977920561598	0.4649637863739374
0.15522979223727068	0.3821302988723909	0.4626399088903385
0.15478019132428705	0.3814248936476451	0.46379491502806797
0.1581160723005136	0.38172280600783826	0.46016112169164824
0.15584515429136528	0.3827318865920127	0.4614229591166222
0.15158822287517493	0.38590387815140154	0.46250789897342365
0.15230381183252822	0.3859138759248938	0.4617823122425781
0.15510039374519888	0.38375365535007205	0.4611459509047292
0.15035832999159485	0.38640939835867777	0.4632322716497275
0.1506342470609031	0.3827262185446163	0.46663953439448075
0.15225264139999606	0.3854205742247304	0.46232678437527364
0.15650825139516839	0.38152025565827685	0.46197149294655493
0.15687702111820537	0.3846024734662023	0.45852050541559247
0.15436469897341312	0.3797244216851371	0.4659108793414499
0.1571838753310873	0.382114755616599	0.46070136905231385
0.14916784573970962	0.3846257644168816	0.4662063898434089
0.15181500527249325	0.38330106580475987	0.464883928922747
0.1560624704069563	0.3821481790030836	0.4617893505899602
0.15148604545421882	0.385355476920339	0.46315847762544227
0.15743805163628832	0.3836237589086751	0.45893818945503667
0.15851329527995012	0.38307226539234696	0.4584144393277031
0.15756264268589407	0.3840229724592513	0.45841438485485475
0.1557417554309665	0.381633981591367	0.46262426297766657
0.15194458873199243	0.3814080934709419	0.46664731779706575
0.1494890308097032	0.38481239035261183	0.4656985788376851
0.15408072689958158	0.3796217364074636	0.46629753669295493
0.15544807867472638	0.38367580018502845	0.46087612114024534
0.15136940088395867	0.3837435583995947	0.4648870407164468
0.15731933072697268	0.3824392235995131	0.4602414456735143
0.15756263991502045	0.37997260110794956	0.4624647589770301
0.1539071768013769	0.38363946838392443	0.4624533548146988
0.15086028376352456	0.3847243049930852	0.46441541124339036
0.14992903940305785	0.38640673774130013	0.4636642228556421
0.15238833147111996	0.382729701729711	0.46488196679916916
0.15114276423587672	0.38599332620248267	0.4628639095616407
0.15502692617602837	0.38657084078181003	0.45840223304216177
0.15286788120794575	0.38282886070115374	0.4643032580909007
0.15653976399271657	0.38308447564144815	0.4603757603658354
0.1497991313017369	0.38488901132232795	0.4653118573759353
0.15650283936298748	0.38024609090862044	0.4632510697283922
0.15781990847201105	0.38240989603047015	0.45977019549751896
0.15699103757678726	0.3830946449521391	0.4599143174710738
0.1497217094993551	0.3859427042164135	0.46433558628423155
0.15551174992530564	0.3830403498688151	0.46144790020587945
0.15018172966427365	0.3837776481159554	0.46604062221977105
0.15381768488531017	0.3796198278596615	0.46656248725502847
0.15027297249750993	0.3848021179285002	0.46492490957398996
0.15078895966083192	0.38308880820368235	0.46612223213548587
0.15694901724016813	0.3832809188154395	0.45977006394439246
0.1521702244888239	0.38237576305801313	0.4654540124531631
0.15842574437920381	0.38030407977040304	0.46127017585039326
0.15829216664400764	0.3830314883789334	0.45867634497705906
0.15430747654070193	0.3811796177236481	0.4645129057356501
0.15427804274252305	0.3854922594001798	0.46022969785729734
0.1558071690243909	0.381918542474773	0.4622742885008362
0.1562252778535112	0.38485859096189157	0.4589161311845973
0.15097628399155963	0.3858327900046462	0.4631909260037943
0.15821933332133503	0.38074098286173236	0.4610396838169327
0.1559183713113269	0.3803363381022472	0.463745290586426
0.1534357432663187	0.3824018754481631	0.46416238128551834
0.15783610607789483	0.3808111398541272	0.4613527540679781
0.15321712100402574	0.3802007279585316	0.46658215103744277
0.15241367955488425	0.38392620169309666	0.4636601187520192
0.1589646255033081	0.3798795942465579	0.46115578025013415
0.16027210304456252	0.3799591720714266	0.459768724884011
0.14900341110344217	0.3850815191625385	0.4659150697340194
0.1550499259127844	0.383180594022655	0.46176948006456076
0.15611147639424	0.3808480656060433	0.4630404579997168
0.15249695992090884	0.383763946238661	0.4637390938404302
0.15091992650251318	0.3851746586913052	0.46390541480618175
0.15416606282954157	0.3823067912479598	0.4635271459224987
0.1561427130933396	0.38341713391642773	0.4604401529902328
0.15299014002474293	0.3809678187888687	0.4660420411863885
0.15377728899294563	0.3833672971762253	0.4628554138308292
0.1529093587613795	0.38235258163439345	0.4647380596042272
0.15505422107721326	0.38226238315763533	0.4626833957651515
0.15696975279959724	0.3799696137857159	0.463060633414687
0.15339837346660903	0.3820258272607554	0.4645757992726357
0.15656384411084934	0.38271704150040664	0.46071911438874413
0.15700456657462447	0.38175878344222636	0.4612366499831493
0.15495425581376718	0.3806816325269672	0.4643641116592657
0.15643523973376933	0.38200772126395444	0.4615570390022763
0.15372672284051114	0.38420535046113125	0.4620679266983577
0.15133652155215838	0.3860294911426724	0.4626339873051694
0.15456934351113089	0.3831045196724382	0.4623261368164311
0.14857265677498646	0.38661330084761386	0.46481404237739976
0.15309358545209362	0.38362485530896984	0.46328155923893666
0.1537195738740206	0.3825005016590951	0.4637799244668844
0.15168791246229324	0.38462307625451897	0.4636890112831879
0.1510178197643159	0.38412088383321635	0.4648612964024678
0.1554595460473573	0.3843295483629574	0.4602109055896854
0.15565123822807894	0.3857869918242174	0.4585617699477038
0.15857070100029247	0.38173217997677406	0.4596971190229336
0.15993269730739823	0.37989460828496935	0.46017269440763253
0.15224966357287198	0.3856361247228954	0.4621142117042327
0.1598601017991541	0.38077190486797663	0.4593679933328694
0.15130100695225004	0.3837130705528039	0.4649859224949462
0.15699600228615856	0.3824878667449351	0.4605161309689064
0.15356168586079413	0.3850458456961915	0.4613924684430145
0.1533161781901302	0.3824226262390978	0.46426119557077217
0.1564971315479139	0.3795670093755069	0.4639358590765793
0.14809961685799158	0.38569216080726054	0.466208222334748
0.15087311503174808	0.38584776523464737	0.4632791197336047
0.15918741406742498	0.38169001247824846	0.45912257345432667
0.15217231137824233	0.38360518338090865	0.4642225052408491
0.15274158818439565	0.3835224966033409	0.46373591521226354
0.15683252078586596	0.3819921436311605	0.46117533558297363
0.1547627582474421	0.38489984674679917	0.4603373950057589
0.15460917342965913	0.38362292802967557	0.4617678985406654
0.15658567390541467	0.38258051128588944	0.46083381480869606
0.15473057471265597	0.3819808425062882	0.4632885827810559
0.15717574958728428	0.37959903329748373	0.4632252171152321
0.15619207814731234	0.3848389817987265	0.45896894005396127
0.157527520094504	0.3797645557307194	0.4627079241747768
0.15396949995355275	0.3817857197450829	0.46424478030136446
0.15226668125448237	0.3843304893006832	0.4634028294448346
0.14977176536175338	0.385592627194126	0.46463560744412075
0.15313487997321718	0.3805517957454184	0.4663133242813645
0.15350058973021785	0.3851427338459553	0.46135667642382694
0.15851266778174355	0.380202515282821	0.46128481693543555
0.1518272151978074	0.38278212968722725	0.46539065511496547
0.1557855378755931	0.38200069480012644	0.46221376732428054
0.15381562320904216	0.3840587497949702	0.4621256269959878
0.15206187776032543	0.38131692477542367	0.466621197464251
0.14964885493737934	0.38395537385066086	0.46639577121195996
0.1572508014503453	0.38074503645574553	0.46200416209390927
0.1484865374074822	0.38508868410439073	0.4664247784881272
0.1547954525365163	0.38581046188559454	0.4593940855778893
0.1550756397535663	0.3809741730608246	0.4639501871856092
0.15324469824817233	0.3850596705954619	0.4616956311563658
0.15366047833779212	0.38079998645865293	0.46553953520355507
0.15761808018107965	0.3819270164946709	0.46045490332424954
0.15486362139632137	0.3840017574952149	0.4611346211084638
0.15147910802747996	0.3862796751341926	0.4622412168383276
0.1587995241013806	0.380407533174307	0.46079294272431254
0.1517950462656156	0.3855033452133895	0.46270160852099496
0.15767430826057627	0.3795199679588947	0.46280572378052914
0.1551880398074622	0.3795263771784806	0.4652855830140573
0.1545013287908809	0.38618662323494063	0.45931204797417857
0.14957497587130736	0.38514989620960416	0.4652751279190886
0.1577384635817052	0.3796724604797332	0.46258907593856174
0.15215660770985603	0.3863562073349356	0.4614871849552085
0.1512706891696458	0.3825733082699817	0.46615600256037254
0.15296743707430094	0.38652297060109375	0.4605095923246054
0.15694398509760327	0.38412221882736136	0.4589337960750355
0.15349898871371054	0.38517376635556483	0.46132724493072474
0.15615353299115248	0.38057115192831525	0.46327531508053243
0.1589318246502911	0.3826949428034537	0.45837323254625534
0.15280145361737715	0.3854042105960115	0.4617943357866115
0.1551274906644622	0.38374803135746693	0.461124477978071
0.1508408909259406	0.38356886752448066	0.46559024154957884
0.14943108463064847	0.3859691161308476	0.464599799238504
0.15337653375520105	0.38407978116231	0.462543685082489
0.1491390944359689	0.38446063678371717	0.46640026878031404
0.15287731063035168	0.3822159217251714	0.4649067676444771
0.15214224114200525	0.3826703939750382	0.46518736488295664
0.1530526656353949	0.3863659276494632	0.460581406715142
0.15308805599603093	0.38495345299470984	0.46195849100925934
0.15004889169295677	0.38385436681284407	0.4660967414941993
0.1569106742714632	0.3804802674922667	0.4626090582362702
0.15562105981831384	0.3827806216135101	0.4615983185681761
0.1489874012096194	0.3862626075510971	0.4647499912392836
0.15478188482714128	0.382414566571686	0.4628035486011729
0.1559081648282542	0.3806029871025747	0.46348884806917123
0.15775228757475648	0.3798179122053969	0.4624298002198467
0.15258532695293275	0.38120779117927894	0.4662068818677884
0.15203951087033118	0.3838266404106089	0.46413384871906005
0.15312179804672751	0.3826103865165512	0.46426781543672135
0.14908411477171257	0.38497824350753307	0.46593764172075447
0.15636220660966516	0.3806435963476975	0.46299419704263745
0.15495138898465716	0.38236747203581467	0.4626811389795283
0.15007629954484536	0.38393787883980696	0.46598582161534785
0.15708551407824492	0.38321275710129027	0.4597017288204649
0.15243774540083974	0.3856523749583659	0.46190987964079444
0.15068168467879986	0.38275054707013717	0.46656776825106305
0.1551265933529785	0.38549302552134973	0.4593803811256719
0.15415610240743371	0.3854379409645009	0.4604059566280655
0.14983531303984343	0.38606090705020624	0.46410377990995044
0.15831144570327466	0.3829129442953364	0.458775610001389
0.15284615800225626	0.38268521204706707	0.4644686299506767
0.15008728397207294	0.3843495488571518	0.4655631671707754
0.15255954184981113	0.38432106389163534	0.46311939425855364
0.15436559640379272	0.3814572177845664	0.464177185811641
0.1568667480865922	0.38444527550594687	0.458687976407461
0.14975571920558517	0.3862436773892306	0.46400060340518434
0.15842640328002713	0.37990920295150854	0.4616643937684644
0.15660513346461027	0.3811639456821754	0.4622309208532145
0.1561867281372659	0.3794877655108566	0.46432550635187764
0.15407872469386708	0.37986278974391735	0.46605848556221563
0.15151758451555275	0.3859448571919681	0.46253755829247933
0.1567387401805867	0.38248172955570003	0.4607795302637133
0.15327763244397424	0.3833546663261094	0.46336770122991644
0.15733023332945534	0.38194054107664166	0.4607292255939031
0.15211197689735612	0.3840663398523001	0.4638216832503439
0.15066436797551452	0.3830227687554152	0.46631286326907045
0.16046370330562937	0.37997165155910856	0.4595646451352622
0.15845257876263713	0.3824258601206008	0.45912156111676217
0.15304824449915813	0.380991068193973	0.46596068730686896
0.1548545246262225	0.37950451429353527	0.4656409610802424
0.15292737936984974	0.3811793721630522	0.46589324846709823
0.15006370308298653	0.38432382668750753	0.465612470229506
0.15801630268871145	0.38035846321852984	0.4616252340927588
0.15337076882267234	0.38235986888533957	0.46426936229198823
0.15783829586622622	0.3811046133823953	0.46105709075137863
0.14948940485682238	0.38390804891080854	0.4666025462323692
0.15691749735797678	0.38488232171406966	0.45820018092795367
0.15467092212328076	0.38313473583259244	0.4621943420441269
0.15499062959675475	0.3853958984445849	0.4596134719586605
0.16030419389878536	0.3798574911292735	0.4598383149719413
0.1549702909731979	0.38122828264480924	0.46380142638199295
0.14984531080956548	0.384165539511217	0.4659891496792177
0.15227739584726802	0.38255118793587484	0.46517141621685726
0.15587925364213168	0.38589283378764067	0.45822791257022777
0.15170443510300513	0.38512121397811044	0.46317435091888454
0.15283797533096907	0.3815228232654421	0.46563920140358894
0.15439499710521964	0.3856880186559908	0.4599169842387897
0.15926512869590828	0.3814770475467255	0.45925782375736635
0.1544151861169457	0.38125507439935735	0.46432973948369705
0.1489819655893335	0.3862728459956805	0.46474518841498613
0.15622419554054756	0.38096198600605513	0.4628138184533974
0.1506702277003906	0.3865306820561977	0.4627990902434118
0.1604630757384642	0.3799878109098015	0.45954911335173443
0.15649763654982463	0.3800811537497759	0.4634212097003996
0.15828803517511852	0.38213699573100174	0.45957496909387985
0.15082759410476262	0.38583996417703226	0.46333244171820526
0.14806949122104285	0.38659653153133	0.46533397724762726
0.15680024070096815	0.3809724585091845	0.46222730078984753
0.15551820694898572	0.3860042561844342	0.4584775368665802
0.15459393682579042	0.3818240748239464	0.46358198835026326
0.15409601386546767	0.38228874970776766	0.4636152364267647
0.1519810087332356	0.3853064525181595	0.46271253874860496
0.1507882496056699	0.38302046325658	0.46619128713775027
0.15997821195165685	0.3811307405796062	0.458891047468737
0.15635230809385903	0.38023125328255336	0.4634164386235877
0.1573275378762333	0.38080326222335736	0.4618691999004094
0.15110153408258975	0.38594068062515346	0.46295778529225695
0.15450889570926513	0.382474487619199	0.463016616671536
0.1486969735489581	0.3864146137960265	0.46488841265501546
0.1546761776676208	0.38103686333997766	0.4642869589924017
0.1565368437840628	0.3802143184271373	0.4632488377888
0.15460228992735742	0.381197453053246	0.4642002570193967
0.15732904424912586	0.38261645681152906	0.46005449893934525
0.15752371959788153	0.38191946013502265	0.46055682026709593
0.15034983879552113	0.3857994985923244	0.4638506626121546
0.15510350171040604	0.38285421787783747	0.4620422804117566
0.15936382145582095	0.3809949405449034	0.45964123799927575
0.15618444480640373	0.3838773339101246	0.4599382212834717
0.15714169201977535	0.3837034140072337	0.45915489397299103
0.15741699647726143	0.38077662215459707	0.46180638136814156
0.14955660687401628	0.38566710449791347	0.4647762886280703
0.15484232040377627	0.38207249826751155	0.4630851813287123
0.1566283798230852	0.38504685566207375	0.45832476451484117
0.1591521056383426	0.37958840843064057	0.46125948593101695
0.1546983463469544	0.38597072383936865	0.45933092981367707
0.15650643317645724	0.3844775689074935	0.4590159979160493
0.14815458957529604	0.38645208543065035	0.4653933249940537
0.15460962392120267	0.3857467370659398	0.45964363901285765
0.15206131192534544	0.3848779250496719	0.4630607630249828
0.15807663737895944	0.38142863411674294	0.46049472850429773
0.15589536881216143	0.3854607660084809	0.4586438651793578
0.1599058438000275	0.38046129446583066	0.459632861734142
0.16017450642980957	0.3812266618580389	0.45859883171215166
0.15124626945613617	0.38631825136140635	0.46243547918245764
0.15449730084869268	0.38570682265177164	0.4597958764995358
0.1543818884972195	0.38254271529899964	0.4630753962037809
0.15121445106105413	0.38527992927632565	0.4635056196626203
0.15381656446721162	0.38271774215794396	0.46346569337484456
0.1562490571962472	0.3844956164608902	0.4592553263428627
0.15028620238375534	0.38524477572865456	0.4644690218875902
0.15755959747404102	0.3841973874184247	0.4582430151075344
0.15249224718465432	0.38165730193841296	0.46585045087693283
0.15307993306357454	0.38352261971742785	0.4633974472189977
0.15429312494261965	0.38550373470343674	0.4602031403539437
0.15864442982295207	0.38195409617726167	0.45940147399978637
0.1596655530392842	0.3796255806222219	0.46070886633849406
0.1539230227684348	0.3822076966614134	0.4638692805701519
0.1526446649693554	0.38320302223232766	0.4641523127983171
0.15211914798094012	0.38386522574855453	0.46401562627050547
0.1535465972255961	0.38169717519171387	0.4647562275826902
0.15280999304878706	0.38149651981951954	0.46569348713169356
0.15134983905104485	0.3825337464116598	0.46611641453729546
0.15259581685348678	0.3813246263811203	0.46607955676539303
0.15370147383531663	0.3844882924262593	0.46181023373842417
0.1598807042768974	0.381876118362865	0.4582431773602377
0.15497443790299986	0.38425066483235637	0.4607748972646438
0.15709979661235737	0.3817026987927311	0.4611975045949116
0.1551644202570076	0.38468280380913783	0.4601527759338547
0.15373308580555736	0.3827986539447336	0.4634682602497091
0.1492532701082978	0.3845149021736593	0.46623182771804306
0.1535847591167236	0.38228871668805803	0.4641265241952185
0.1514430535553498	0.38371265750190164	0.46484428894274876
0.1567971811341079	0.3800540922605959	0.4631487266052963
0.15486781345358724	0.3856603612113468	0.45947182533506614
0.15601785011637506	0.383632871211498	0.46034927867212705
0.15509973002795424	0.38567099332851346	0.4592292766435324
0.15345708724616347	0.38123493415921106	0.46530797859462564
0.1585409809006367	0.38188105238839815	0.45957796671096524
0.1563883845673273	0.3851411795165279	0.4584704359161449
0.152794842874548	0.38477542466725356	0.4624297324581985
0.15313045101330564	0.3839078568036142	0.46296169218308025
0.1553212288558992	0.383439093256266	0.46123967788783493
0.1566552723515932	0.37988805161949274	0.46345667602891416
0.1584597724074619	0.38052366868823995	0.46101655890429827
0.15419283226825536	0.38379914951361865	0.4620080182181261
0.1551679364708084	0.38298292984076276	0.46184913368842895
0.1505779347087663	0.38579373845160664	0.4636283268396272
0.15200766991201242	0.3859564620022442	0.4620358680857435
0.15170596766338496	0.38604508082258576	0.46224895151402945
0.15781722516485702	0.3806819941079257	0.4615007807272174
0.15914115384616245	0.3806463740806344	0.4602124720732033
0.15616505775372788	0.3818908225907853	0.461944119655487
0.15435721665105973	0.38592022078185234	0.459722562567088
0.15365525856239942	0.38169912485824903	0.46464561657935166
0.15218500035925975	0.3820992684223692	0.4657157312183712
0.15226961767406672	0.3828547046472925	0.4648756776786409
0.1543384477201496	0.38496547325804686	0.46069607902180365
0.15527885799604907	0.38385389338046766	0.4608672486234834
0.15233433866936724	0.38428446728983817	0.4633811940407947
0.155070510742518	0.38504106361314416	0.45988842564433796
0.15685862088122188	0.3839411099233971	0.4592002691953812
0.152558879315233	0.38453555078123264	0.4629055699035345
0.1531492748045351	0.3857472819238273	0.46110344327163777
0.15804911547211964	0.3810363042828671	0.4609145802450134
0.15551653422259348	0.38333954452790064	0.461143921249506
0.15561183414812169	0.3797508423392173	0.4646373235126612
0.14932620614412473	0.3850444989927158	0.4656292948631596
0.15788074767173713	0.38041392909265165	0.4617053232356113
0.15949172333574457	0.379700842811479	0.46080743385277656
0.15759249933545055	0.3814197998462808	0.4609877008182688
0.15200184360201627	0.38540726390258323	0.46259089249540064
0.14990460046502696	0.38491102224336643	0.4651843772916067
0.1572263741439429	0.3799613930799782	0.46281223277607897
0.15394304359810512	0.38463197579577035	0.4614249806061247
0.15864800151982153	0.3802179161327161	0.46113408234746245
0.1530609823356911	0.3804552641527709	0.4664837535115381
0.1530857850145928	0.38231507301349543	0.4645991419719119
0.15485248629130316	0.3799640947903462	0.46518341891835074
0.15679661632936737	0.38311088283717887	0.46009250083345393
0.15434635247807985	0.38053437870814216	0.4651192688137781
0.15664662952190334	0.3844749145900712	0.45887845588802556
0.1560324526159499	0.38274450174594843	0.46122304563810185
0.15283317091682208	0.385983739493171	0.46118308959000703
0.15663076177955826	0.38189133628976835	0.4614779019306735
0.1492038334941039	0.38543483742343493	0.46536132908246125
0.1521495222524022	0.38200889454873743	0.4658415831988605
0.1569826215965896	0.38199203586043773	0.4610253425429728
0.15509487074635492	0.38661392498484504	0.45829120426880016
0.1583162840298095	0.38234243452457994	0.4593412814456107
0.15151780279191146	0.38313100128043087	0.4653511959276578
0.15205971962682224	0.3832589420380227	0.4646813383351552
0.15652844985580716	0.3801291021722479	0.4633424479719451
0.15067792637118554	0.38613072486385774	0.4631913487649568
0.15447317201722982	0.38198977221452296	0.46353705576824733
0.1537902509761766	0.38644097284042167	0.45976877618340184
0.14996026212253893	0.3864580513138634	0.4635816865635978
0.15610532575134367	0.38273909638001663	0.4611555778686398
0.15770533033928985	0.37967312508112616	0.46262154457958415
0.1522499188045882	0.3811215919036486	0.46662848929176337
0.15611713065475466	0.38338310399186176	0.4604997653533837
0.15365240172580635	0.3822193026834012	0.4641282955907925
0.15402705945639825	0.3827197120432341	0.46325322850036776
0.154113397322244	0.3795018022417642	0.4663848004359919
0.15624928589837384	0.38108486848541867	0.4626658456162076
0.15014309972242915	0.3839763854268724	0.4658805148506986
0.15884722635145604	0.3803168777713524	0.46083589587719165
0.15714169821173335	0.38145018986763424	0.4614081119206325
0.15892814656508936	0.3824585971064035	0.45861325632850725
0.15172019390602912	0.3832430327851954	0.4650367733087756
0.15858599405219495	0.3817765078070372	0.459637498140768
0.15202642070603603	0.3815101860107916	0.46646339328317243
0.15255868511102136	0.38154174905837634	0.4658995658306024
0.15217878123927536	0.38282349465083426	0.4649977241098905
0.15955798626718198	0.38005963497929857	0.46038237875351956
0.15808041730729872	0.38305363189772734	0.45886595079497405
0.15654694224112636	0.3803676738451299	0.4630853839137438
0.15716802469330138	0.38365048428533277	0.4591814910213659
0.15709746504735383	0.37953681264659045	0.4633657223060559
0.15399713291422773	0.38036723213766843	0.4656356349481039
0.15064342445052203	0.38660394321406943	0.46275263233540864
0.15542835960997067	0.3822447234502766	0.4623269169397528
0.15258781350552553	0.38489983026359215	0.4625123562308825
0.1526739554623978	0.38159659497288917	0.4657294495647131
0.14857539638577819	0.3861688971169309	0.465255706497291
0.15302670323069295	0.3857716547496386	0.4612016420196685
0.15463956938356904	0.3814148274746184	0.46394560314181266
0.1579266412158682	0.38174923864857946	0.4603241201355525
0.15498382926955145	0.38320412273488325	0.4618120479955654
0.1552468080283182	0.3840137825990639	0.46073940937261804
0.1574367827561522	0.3794810800658058	0.46308213717804214
0.1558749865482567	0.3848667331581371	0.4592582802936063
0.15446309797276814	0.3812491166437416	0.46428778538349036
0.15800304206017918	0.3834411757099577	0.45855578222986326
0.15923023561466476	0.38176231572886227	0.4590074486564731
0.15924445500367174	0.38185634759999115	0.4588991973963372
0.15932117147197275	0.3816076573192551	0.4590711712087723
0.15895689840127608	0.379762743836654	0.4612803577620701
0.15497468237453116	0.38585368852342666	0.4591716291020423
0.152549060200855	0.38469397542341377	0.46275696437573133
0.14900126700897515	0.38646452725734365	0.46453420573368137
0.16036856764644797	0.3798918107756698	0.4597396215778824
0.15432777597647396	0.38171827036266875	0.46395395366085745
0.14940941099613225	0.38503144994021793	0.46555913906365
0.15449448939511334	0.3840329704197599	0.4614725401851268
0.1596432388256535	0.3804984759861245	0.45985828518822214
0.15319633810139216	0.3841803370801047	0.46262332481850327
0.15290720977346003	0.38229842694244426	0.46479436328409585
0.14954615321713005	0.3862385598847176	0.46421528689815245
0.15456338522687185	0.38432476544524635	0.46111184932788196
0.14990887059629304	0.38537396581095446	0.4647171635927526
0.15252882057312045	0.3854979018080238	0.46197327761885587
0.15016830262792275	0.38564562526464863	0.4641860721074287
0.15213329029021008	0.3848667172489586	0.46299999246083146
0.15994358969456468	0.38173577259520386	0.45832063771023157
0.15371771863611838	0.3810193538053909	0.46526292755849075
0.1486613558407675	0.3854004639754853	0.46593818018374733
0.15473132350818902	0.3848890950870412	0.46037958140476987
0.1505046513116818	0.3837840848364388	0.46571126385187955
0.15555495766980304	0.3843423533672318	0.46010268896296524
0.14813551536677302	0.386567218399932	0.4652972662332951
0.15555149280130665	0.38154784277338016	0.4629006644253133
0.15545311755669317	0.38108782150045684	0.46345906094285017
0.1567787619632344	0.38127490552094556	0.4619463325158202
0.15423663684262937	0.386212542239033	0.45955082091833777
0.15514071837883986	0.38602784770008763	0.4588314339210726
0.1543543120665799	0.3832269805536396	0.4624187073797806
0.1599157593927357	0.38090132825664436	0.45918291235062003
0.15827813643350017	0.3832487346966625	0.45847312886983743
0.1486386281578842	0.38487989181969456	0.4664814800224214
0.15060907442499866	0.3861971631037509	0.46319376247125055
0.1507125645159632	0.38511331269253835	0.4641741227914986
0.14779935014913195	0.3863301921300979	0.4658704577207703
0.15593556909946887	0.38365942146429377	0.46040500943623747
0.15347247171891867	0.3828453606543501	0.4636821676267313
0.14875114146463078	0.38477660494705596	0.46647225358831335
0.15269588255082578	0.38161784255365555	0.46568627489551884
0.15410548332524468	0.3843700842010331	0.4615244324737224
0.1499337892727044	0.3856036674288303	0.4644625432984654
0.15729672862235364	0.38427250024869725	0.45843077112894925
0.14806915886809796	0.38529423737863544	0.4666366037532667
0.155555006288192	0.3831641377728708	0.46128085593893736
0.15539072076628285	0.382703410672163	0.46190586856155424
0.15065154756983756	0.38618214894873093	0.4631663034814317
0.15611557268145274	0.38052643278314746	0.46335799453539994
0.15378799938931198	0.3812952006417861	0.464916799968902
0.15303615383746755	0.38495679280135225	0.4620070533611803
0.1512684190706554	0.38613366242233915	0.46259791850700555
0.15802174279286046	0.3829791668139249	0.45899909039321474
0.15830887004136468	0.3820803265463989	0.45961080341223653
0.15617935385932777	0.3797083683302055	0.4641122778104668
0.15161238892259035	0.38330568305087726	0.46508192802653253
0.15233254433791255	0.3832760482975055	0.46439140736458207
0.15355535830800132	0.384231496058898	0.4622131456331008
0.15590625089733767	0.38477472701004173	0.45931902209262077
0.1545999888623467	0.3818201033180139	0.4635799078196395
0.15092437747678358	0.38437979760004287	0.4646958249231737
0.1531248631511574	0.38617082185898144	0.4607043149898613
0.15728262171822271	0.37963622217565984	0.46308115610611755
0.15266097323343397	0.38155308800360405	0.46578593876296204
0.15538193498820566	0.38279577273555915	0.46182229227623534
0.15627251071907466	0.38166698700128837	0.46206050227963713
0.15264705424182295	0.38268675971046207	0.4646661860477151
0.1501760011222131	0.38581969690780393	0.4640043019699831
0.14829588804213528	0.3853556748726611	0.4663484370852038
0.1537443393011549	0.3813071835251274	0.46494847717371784
0.16004048305279006	0.37979202860806005	0.46016748833915
0.15037805206598354	0.3855873015414544	0.4640346463925622
0.15246605831160964	0.38254775441995137	0.4649861872684391
0.1521351833514607	0.3827689323591432	0.4650958842893962
0.15215281164352196	0.38502970005710385	0.4628174882993743
0.154928943267262	0.3855373132561074	0.45953374347663073
0.15577990620290932	0.3836785768023637	0.4605415169947271
0.15476627519669325	0.3816512481345859	0.46358247666872093
0.1498584659516931	0.3863651564561261	0.46377637759218093
0.1572734606898134	0.38202052225402844	0.4607060170561582
0.15324513196527373	0.38632765793454144	0.46042721010018495
0.15637514179610112	0.3813252093078789	0.4622996488960201
0.15960819274981863	0.38068178057078444	0.45971002667939703
0.15654377017798382	0.38506907135960255	0.45838715846241374
0.1503851252949197	0.3829655119743608	0.4666493627307196
0.1533497834717067	0.3835039521586874	0.46314626436960604
0.1545896988210665	0.3843517600212707	0.4610585411576629
0.1517943289668489	0.3819554413830888	0.4662502296500624
0.1569408907438592	0.3829301204776919	0.460128988778449
0.15378798117057257	0.3809436892349658	0.46526832959446174
0.1526790726340823	0.38103393325123514	0.46628699411468266
0.15203189011732998	0.3818957582161212	0.466072351666549
0.15316280079815342	0.38060997759920034	0.4662272216026464
0.157590508799424	0.38216067719590757	0.46024881400466855
0.1529253029288866	0.3860898395649106	0.4609848575062029
0.15022713068597926	0.3844120689751809	0.46536080033884003
0.1571087620236501	0.3821800139635147	0.4607112240128353
0.1547309373857253	0.3854940434697307	0.4597750191445441
0.15047110779969544	0.38288170314226316	0.46664718905804153
0.1564197261963296	0.37973803743634693	0.4638422363673236
0.15564143140355857	0.38342364742389123	0.46093492117255036
0.1563618705913274	0.38182660516305084	0.4618115242456219
0.1582948958005822	0.38057911535769356	0.4611259888417243
0.15359542375191187	0.3817954456259751	0.4646091306221131
0.15271055692134877	0.3827609711306398	0.46452847194801156
0.1532188545299577	0.3805520587436348	0.4662290867264076
0.15435249880535695	0.37988779494849245	0.46575970624615065
0.15024878660740676	0.3856780839365061	0.46407312945608725
0.14919014267776315	0.385542316966043	0.46526754035619394
0.15612317051541208	0.38212754419275663	0.4617492852918314
0.155450630699109	0.3821187299997753	0.46243063930111583
0.15987664341034213	0.38065128055398006	0.4594720760356779
0.16012220820554696	0.3813795224262282	0.4584982693682249
0.15668423178534624	0.37957705570587574	0.46373871250877813
0.1539285135678755	0.38016931568850826	0.46590217074361634
0.15152401160532109	0.38541066761347176	0.4630653207812072
0.1485071553335376	0.38486799517749287	0.46662484948896965
0.15215640116906098	0.38621151332253045	0.46163208550840873
0.15354556440562067	0.38514029164689867	0.4613141439474808
0.15387412740193945	0.383423100175541	0.46270277242251967
0.1508130303123894	0.3855583274032075	0.4636286422844032
0.15317339366597033	0.3854408381270307	0.46138576820699906
0.15895341119196568	0.3822182122517565	0.45882837655627795
0.1541106278704572	0.38385375137192623	0.4620356207576166
0.14967763231702202	0.38396605246039733	0.4663563152225808
0.15465570330745115	0.3813948263418663	0.4639494703506827
0.1542303160237285	0.3827477218636299	0.4630219621126418
0.15858253548541468	0.3815249588224274	0.459892505692158
0.15251002690136453	0.38411237744131915	0.4633775956573164
0.15998243752935906	0.3800881082761882	0.45992945419445286
0.15430510284814228	0.3843773820033454	0.4613175151485124
0.15604511415871725	0.3835298233816388	0.46042506245964404
0.1540640386426229	0.38140774630984964	0.46452821504752756
0.15615501355757722	0.3802950336698085	0.4635499527726144
0.1585890865885619	0.3813491376540869	0.4600617757573513
0.15261021605584302	0.3837915874339555	0.4635981965102016
0.15768532588480016	0.3799260526429852	0.46238862147221477
0.15671922940820543	0.38153048808126167	0.46175028251053296
0.158893582792958	0.3819954094057717	0.45911100780127045
0.15614568403440965	0.38504659818144793	0.45880771778414253
0.15242570416242002	0.38098249865372213	0.4665917971838579
0.14904508021062984	0.38648510715062767	0.46446981263874265
0.1536534691964696	0.38237144719422134	0.46397508360930917
0.156880388579893	0.3797923618151574	0.4633272496049497
0.15947193791515402	0.3798105732033471	0.460717488881499
0.15603068112588953	0.3857227172681559	0.45824660160595476
0.15777047303199204	0.38388617678578496	0.4583433501822231
0.1588342402907872	0.37966359979935316	0.4615021599098598
0.151617732822144	0.38511350333531286	0.4632687638425433
0.15350295224967628	0.3819114407979905	0.4645856069523334
0.15468257409805777	0.38264028410624384	0.4626771417956985
0.1572606675172902	0.38435035806142437	0.45838897442128557
0.15625770439733172	0.3831861169232862	0.46055617867938226
0.15430526667828287	0.38065735968600395	0.4650373736357133
0.14923892487667456	0.3858159663746844	0.4649451087486412
0.15480577751041097	0.3837921345333124	0.4614020879562767
0.1524002633702482	0.38304895374914016	0.4645507828806117
0.1564966608152767	0.38127668744006094	0.46222665174466243
0.15243377027355945	0.3836365696427201	0.4639296600837206
0.157530916267401	0.3836502011909549	0.4588188825416442
0.1522291301842754	0.3827520792969501	0.46501879051877465
0.15601109387587903	0.3853424746795235	0.4586464314445976
0.15115795752815084	0.38640637362358027	0.462435668848269
0.15294933493186763	0.38425272428562085	0.46279794078251163
0.1536485173696113	0.38363057189000044	0.4627209107403884
0.1499436099872608	0.38639250786553325	0.463663882147206
0.15712526569050003	0.3834196148024806	0.4594551195070195
0.152271450660886	0.386378831957199	0.4613497173819151
0.15601999521749157	0.3811856469108336	0.4627943578716749
0.15816799167079076	0.3794869150716877	0.46234509325752166
0.15538084728182536	0.383137420825582	0.4614817318925928
0.15073519828692353	0.38342211783649693	0.4658426838765797
0.1550030418293556	0.38352254462114227	0.4614744135495023
0.15741972402086768	0.3838243454860745	0.45875593049305796
0.1551955501060922	0.38460539860107607	0.4601990512928318
0.1562290710728837	0.38557723786236703	0.4581936910647494
0.15319114739888365	0.386304049485441	0.46050480311567543
0.15074596402123536	0.3835503549094967	0.46570368106926807
0.1560876335073732	0.3842840060542465	0.4596283604383804
0.15043941958843976	0.3850978248435651	0.46446275556799527
0.15202426833687482	0.3864701519614825	0.4615055797016428
0.15608473864255348	0.3839856210782959	0.45992964027915073
0.15652364714146766	0.3806578910443735	0.462818461814159
0.1529568944761951	0.3810518994697931	0.4659912060540119
0.15480568533879846	0.38642580461597636	0.45876851004522523
0.1489861081761868	0.38520132623690756	0.46581256558690576
0.1582501803683983	0.3804433883976518	0.46130643123395004
0.15229552775511376	0.3823459535064738	0.46535851873841255
0.15120808792133836	0.3861665948354669	0.4626253172431949
0.15291561776584756	0.3821577457161817	0.46492663651797084
0.15499995090678959	0.3829766071806165	0.46202344191259404
0.15016017255380232	0.3864031913603421	0.4634366360858557
0.1588926507917171	0.38064356610888556	0.46046378309939745
0.15481489597502657	0.383746579036716	0.46143852498825755
0.1544783833189145	0.3827767636501418	0.4627448530309438
0.1512273642072119	0.3863486833670981	0.46242395242569007
0.15888658260706662	0.38221132165013844	0.4589020957427951
0.15918460087116965	0.37951981759716574	0.4612955815316647
0.15271088086775803	0.3808044355918592	0.46648468354038286
0.15672466766379195	0.38211506974036547	0.46116026259584275
0.15496603776373433	0.38190107233813525	0.4631328898981305
0.15437313737515007	0.38038104929019273	0.4652458133346573
0.1549505610836246	0.3851462049562247	0.45990323396015087
0.1552875907193213	0.38450192467718114	0.46021048460349767
0.15983287445414268	0.3795325741731423	0.46063455137271514
0.1530330914920107	0.3859013412534071	0.46106556725458236
0.15466495817652542	0.3837556546147712	0.4615793872087035
0.15192766094993432	0.3822226332111858	0.46584970583887997
0.15000983419042457	0.38572322882381876	0.46426693698575683
0.14827326051199685	0.38645636554720064	0.4652703739408026
0.16045098064685132	0.3812219463610926	0.4583270729920562
0.15154050019321852	0.3862043872829426	0.462255112523839
0.15214492694560142	0.38568717468083374	0.462167898373565
0.15976768412987452	0.3799685306582967	0.4602637852118288
0.1552333529155161	0.38136120451460115	0.4634054425698829
0.1571095598813061	0.382000229755711	0.46089021036298305
0.15621001384627947	0.384882563435525	0.4589074227181956
0.15841432622285892	0.38113182265206136	0.46045385112507986
0.15737319361247915	0.383884135068626	0.458742671318895
0.1555950908234189	0.38084380856248456	0.46356110061409667
0.15901602479719995	0.38201875021475956	0.4589652249880406
0.15578534878822028	0.38347687164420635	0.4607377795675735
0.15421075889478042	0.3809169173833031	0.46487232372191667
0.1483053994792986	0.38544632187547234	0.46624827864522916
0.1542748147588601	0.3817332719223848	0.4639919133187552
0.15405909265548626	0.3836893728765534	0.4622515344679604
0.1515059584552859	0.385223456351344	0.4632705851933703
0.15429793881642068	0.38054460617770947	0.46515745500586997
0.15212590521674502	0.38140240517610013	0.466471689607155
0.15491475157297274	0.3866196897435553	0.45846555868347205
0.15327421760472304	0.38091165767640467	0.4658141247188724
0.15925848711901047	0.38072262133405915	0.4600188915469305
0.1507148837932092	0.3854192506074286	0.4638658655993623
0.15319730859880654	0.3853573924078089	0.4614452989933846
0.15727415394202476	0.37963403277797414	0.4630918132800012
0.15173418876937	0.38431908352844696	0.46394672770218315
0.15070508377848876	0.3858285039230983	0.46346641229841307
0.15152217837628143	0.38255982972366875	0.46591799190005
0.15246660212169802	0.3828369761662082	0.4646964217120939
0.1488960297406491	0.386058580817858	0.465045389441493
0.1527101849806089	0.38638084035074743	0.4609089746686438
