0.017938291349095012	0.04411303630858644	0.13512046794842492	0.03970873432681586	0.12497127278013817	0.4099341714329	0.2185249999682365	0.009689025885802838
0.021278474705473005	0.0417017904581827	0.14116475865061096	0.04677146265595605	0.11900631826772791	0.42403120590390064	0.19099015112103201	0.01505583823711655
0.02133065552678308	0.04294687843422473	0.12411240110203667	0.060165771019132674	0.12562723138110068	0.40365375445857643	0.21009567396848525	0.012067634109660275
0.019789449631749334	0.04032939314096845	0.13736623684671026	0.05731609126550853	0.1395042141200958	0.4066314917206021	0.18971073101506342	0.009352392259301803
0.0168379153978081	0.04579644858087688	0.1288264537006411	0.04513041446997311	0.14312864812344628	0.4119138193334455	0.19859870585545386	0.009767594538354976
0.020588056184944803	0.04235010940335958	0.13984251398559006	0.04374457992513754	0.1203986492336363	0.4244778179566395	0.1981436472991203	0.01045462601157171
0.022633720985154288	0.04326974936607135	0.12549917033611205	0.04217634953026117	0.13898883240646837	0.4246272121154967	0.189596865065244	0.01320810019519189
0.021753081719220038	0.049182916216407385	0.1417689106998431	0.04833324334161325	0.12017570612891339	0.41825749463838635	0.18948731743957187	0.011041329816044484
0.022207659891929937	0.04876692374934215	0.14044243616723448	0.05374620676140261	0.13817208776491838	0.3905487397267936	0.1975119474505669	0.008603998487811779
0.01718822576470952	0.04762935089472098	0.13748945185141034	0.05320520520665903	0.12117968944578321	0.4264629431350685	0.18763660199006427	0.009208531711583923
0.017345038957390743	0.04731390900655151	0.13798987931304157	0.040647899239301635	0.13698075412676847	0.39828842946390564	0.20834492015152714	0.013089169741513071
0.020996185395026692	0.04841337154443216	0.12955215029745148	0.049313407269428136	0.1268972669931465	0.39675265719953656	0.21763802466054125	0.0104369366404371
0.02095754884709744	0.04534713202570184	0.14081030732008407	0.05453960062624	0.12112856767336516	0.4182589674684867	0.18902045367512982	0.009937422363894721
0.017720595839880185	0.044189846222550205	0.13130330894985193	0.05453637737555356	0.1403644245742029	0.408987030104757	0.18924824386741296	0.01365017306579111
0.01784986676235424	0.044940365939963964	0.12478930242356244	0.06032619367995383	0.13864140131563318	0.41614820794287544	0.18854940962312305	0.008755252312533712
0.018688340754915142	0.04485488062690446	0.1291820699908797	0.05317977262751235	0.13599535081457434	0.3977377742750664	0.2064727323367389	0.013889078573408431
0.0177371765307818	0.03978075175823141	0.13294104347655716	0.05122021995925907	0.12388663822121287	0.4286755031867946	0.19059008159931923	0.015168585267843676
0.020388383490311898	0.046132575661890024	0.12850231961220868	0.053662402187489425	0.1377169339991703	0.404748225109568	0.20035961516888245	0.00848954477047903
0.022663711142725168	0.040738546667218545	0.12587636185295775	0.04218398440045257	0.1280488581062166	0.4131262917325299	0.21306510287063024	0.014297143227269077
0.01708230568048147	0.04332056794850013	0.14132574131422812	0.050805414938994264	0.13400822952506886	0.40153268871831016	0.19491732890885147	0.01700772296556531
0.01804073935221416	0.042403802001387145	0.12742620710130234	0.05409495307864405	0.12114036246354044	0.42588299842403354	0.19994355476055503	0.011067382818322966
0.020755096841658757	0.03957676067618683	0.13519435028402063	0.04067268274744319	0.1457317021825809	0.40556152194362605	0.20143573721745445	0.011072148107028917
0.0190815930562777	0.041994468975653926	0.1196573351038192	0.060641212658298374	0.1411554861644777	0.39394344074912435	0.21299894571511552	0.010527517577232998
0.02281315128907542	0.042918049534088634	0.13524031365685707	0.05530705491010719	0.13385991201787523	0.3930418277646156	0.20433372040091713	0.012485970426463489
0.022750118816279252	0.04893167989237228	0.12808173373355072	0.046911842489408356	0.1408471508180475	0.3890292412347922	0.21351252598524195	0.009935707030307564
0.018865289087416984	0.04699956022377391	0.13468850796912024	0.053534936027083174	0.12347390541060395	0.40215193655563186	0.20815906782421856	0.012126796902151182
0.02122764531466817	0.04100079555351714	0.1411197061556053	0.048782077355984346	0.13816265942885306	0.3991656519496021	0.19768964785787163	0.012851816383898151
0.02237350406542085	0.040805077731955935	0.1213929254291222	0.05124079769657429	0.13228048072902124	0.410624652601166	0.21142495650343973	0.009857605243299539
0.021272764230507307	0.0417763566149522	0.13556938091383317	0.05295679883678239	0.12388677387104066	0.39787409848822153	0.21560327142635133	0.011060555618311207
0.016886718601361594	0.046849694979390524	0.12890724019003943	0.05068339523432075	0.13473419753745206	0.4066537066346608	0.20226342477016823	0.013021622052606319
0.018903895628451337	0.04753652619177989	0.14007062532935474	0.050875923134569595	0.13654843705963507	0.4038317812528577	0.19315103011333953	0.009081781290011914
0.01980078495915001	0.041916298598379115	0.12330617147272761	0.05351605566826727	0.12539829746889583	0.4071909771299195	0.21339244149671632	0.01547897320594424
0.018670835640052674	0.048650422155555706	0.1283264672091843	0.0439689570031806	0.1458561505903356	0.40672619709388236	0.19628091036385403	0.011520059943954511
0.019650220790987688	0.043474662267637465	0.12716546114818508	0.04240476792845577	0.12726195446895106	0.4309224792766859	0.19968451122533964	0.009435942893757238
0.020324858426119266	0.043674313139214396	0.1349357928196064	0.04570147008498397	0.12228312629046348	0.42063542862666603	0.19953542330846238	0.012909587304483938
0.020392806120337365	0.04736260965501404	0.1285449344654268	0.043662700720680944	0.12789679462018047	0.42309004351005275	0.19685302846243855	0.01219708244586884
0.019333874777326426	0.0450658043143959	0.12503351856986267	0.04067046595173397	0.12917451867447882	0.42230726641402105	0.20171011046554693	0.01670444083263406
0.02221675981177193	0.04545436530478496	0.12341591266060824	0.04577519948858633	0.1228015697758231	0.4327974952085216	0.1975092118664849	0.010029485883418773
0.019256787752788537	0.049643392088083035	0.137349418403171	0.05286110422870559	0.13163660289110385	0.3902193934161351	0.2070479179724029	0.011985383247609824
0.01892094427339891	0.04662776789909365	0.13054469035840063	0.058271189416789076	0.13286721599791304	0.3899925109696776	0.2065962207037906	0.01617946038093629
0.021509943511333868	0.045871569162804035	0.14275822322574847	0.05495193756803139	0.13114747406562913	0.40438448952700046	0.1881033484920996	0.011273014447352861
0.021348752534635307	0.050092992163531094	0.14261521288045284	0.04664200009371934	0.14215944916510456	0.39235383742164887	0.1934931869949053	0.0112945687460025
0.018925647794347647	0.05005404155288044	0.1311594452793903	0.04578183461425228	0.11731350439210861	0.4175366807510593	0.20599569129179907	0.013233154324162166
0.01690809452299903	0.04730376453803427	0.12127245842402913	0.05854572850514249	0.13025775939722684	0.40668649734437623	0.20648745658887283	0.012538240679318996
0.018215552529655413	0.041587142163265145	0.14214145467393552	0.04488676022401769	0.13800644135355009	0.4021490327603562	0.20432136314670635	0.008692253148513546
0.01977078577797077	0.04807287065663039	0.12371516024363101	0.05108737451015896	0.134888593162495	0.41184773583400136	0.19555201781019677	0.015065462004915542
0.021754820559842986	0.04206569527803368	0.12139310781335338	0.04482214729794827	0.1411458406359982	0.4250115476040188	0.19100199828112038	0.012804842529684071
0.02158737730553384	0.04723402132924753	0.14309845080869737	0.0430930052617613	0.12991615909589418	0.40791009058371985	0.19664456418106768	0.010516331434078027
0.020927042047999125	0.04915080450995027	0.1251226458283694	0.05366712141507596	0.13786187695380597	0.40693756158219996	0.18938142244677403	0.016951525215825103
0.017750807228816112	0.04573541519746467	0.1423810126452218	0.057933341194647256	0.12063914258771492	0.4021429577224531	0.1998846990118054	0.013532624411876498
0.020374184232403156	0.04395522761282997	0.1390546680647639	0.04018287323667939	0.123849436226032	0.3975969309678151	0.2194830022744701	0.01550367738500627
0.0169045100559094	0.04068096200194041	0.12477611661986962	0.04931018882497196	0.14057463492580263	0.40402311490595966	0.21541757177829113	0.008312900887254948
0.01744695728072021	0.03935671840784498	0.14112817117317905	0.05418729010700882	0.12276318068366004	0.4114231626680005	0.20055265119719284	0.013141868482393348
0.022550733313238952	0.03928608246344577	0.12355627716641973	0.05359362458275932	0.13892794573832212	0.3910242171299245	0.2169148566804415	0.014146262925447947
0.019590410531440713	0.043433808102651184	0.13888393565911267	0.05115207106861101	0.13165970318969633	0.41450015337647284	0.19003553903778533	0.010744379034229784
0.018820597095545483	0.04828881853864471	0.13297701038801085	0.04916104047107957	0.13612643084995835	0.40560003229070263	0.19142291155974084	0.017603158806317437
0.020655898354070085	0.04934701151733732	0.12743022730370518	0.059334738583800756	0.14207479466858539	0.3982030772635381	0.18875902768113564	0.014195224627827296
0.02022992358848552	0.03901202074965797	0.1335691049010699	0.058803761313739794	0.13583695713677285	0.40657561155652977	0.19763296960348492	0.008339651150259003
0.019226548392592607	0.045377855694234276	0.1269031054441448	0.04282933755327774	0.1185045936950395	0.4227335290279224	0.21212982969581573	0.012295200496972719
0.02019584941180999	0.046628746929649675	0.14015996044920626	0.04552173628094208	0.1366076597683489	0.3918588856014841	0.2063173126424493	0.012709848916109628
0.018299612648053284	0.04048349040433803	0.13084101945132023	0.05240660631273783	0.1291712610373617	0.4097110202946308	0.2081124623522972	0.010974527499260686
0.01798238563550411	0.04198675392840977	0.14245376112933222	0.05328668695557452	0.12516269064041757	0.4098723462240026	0.19378819435651118	0.015467181130247878
0.019494412705095915	0.040476506162077514	0.1407260328823512	0.041292415138663136	0.1191319320831447	0.4112658269429238	0.21452768383557522	0.013085190250168355
0.022347639741275793	0.04542593684497194	0.12360288651730664	0.042798269316935894	0.13152884787665844	0.41346383921474783	0.20492840095242187	0.015904179535681448
0.017616440908728215	0.043229958536952884	0.12262435516373214	0.046964845317825465	0.13525586794762337	0.4239097461739192	0.19810669186607	0.012292094085148544
0.018612990645693606	0.04551433532960615	0.1411341777252715	0.04682911693528127	0.12857437505668579	0.3990579570777203	0.20934625270794907	0.010930794521791992
0.02281053210947058	0.049432918322618286	0.13946286512147996	0.040980764260079156	0.142378400963876	0.4021091998639085	0.1891481371779939	0.013677182180573413
0.020529381410024444	0.045437050435893175	0.12256320067710003	0.053388967958479056	0.14217886045215905	0.39253389121354554	0.21216959986491843	0.011199047987880129
0.018104461090896057	0.04347217546490241	0.12899398588912087	0.051144046134182136	0.13282607011816958	0.3964452167420499	0.21832912846106897	0.01068491609960992
0.022027232379804723	0.0431650172090018	0.12499794841116417	0.0580461462340094	0.1253505838360447	0.40645274477181625	0.20274639831579544	0.017213928842363224
0.02045934899965067	0.04625090944092511	0.1240630996584009	0.04741462647030717	0.13580254835416472	0.40047607989510636	0.21039597403928592	0.015137413142158967
0.020558834329225922	0.04992704970374	0.13664067461370014	0.049446179326175926	0.13682208281705097	0.3991419685877208	0.19018769676642272	0.017275513855963445
0.020542688132775544	0.04606381780299865	0.12023762639685796	0.05663377019109042	0.14593871061534455	0.40606088394001816	0.1906903725029133	0.013832130418001298
0.018290809190378288	0.0487536466481797	0.13199906468505065	0.06001364029383367	0.13059584892904216	0.4103838844230615	0.19075888905444055	0.00920421677601331
0.02127947713293339	0.040061991591736845	0.1373765629585378	0.06088182969661038	0.12393600045618529	0.3919750698649638	0.21031043040370337	0.014178637895328958
0.01792340913686845	0.04590568883880562	0.13245258536213436	0.05362601201136605	0.12238285604691183	0.41529896712431524	0.20171273298677977	0.01069774849281846
0.0193211712364139	0.042219206623386796	0.12735364542509875	0.0461997143029898	0.1422218164949105	0.4245233326159281	0.18766102426222692	0.010500089039045118
0.017785744926719776	0.04765852193606128	0.12208221065192254	0.04672191726239243	0.12039441398654228	0.4167457174982486	0.21255213437235668	0.016059339365756292
0.01694741398733353	0.04177310111389307	0.14005573051427006	0.054045249812909424	0.12793868668044173	0.3999267443050991	0.20474387437544858	0.014569199210604372
0.02276591459932739	0.047530183781849894	0.1372969276841684	0.048074439830661786	0.12762156530381713	0.40364908860342785	0.20096616942210965	0.012095710774637725
0.02066586958462839	0.04018013169990976	0.13206191634332076	0.05910838305807782	0.13975105255819315	0.40598406950527044	0.1901914134635235	0.012057163787076011
0.021189940037905586	0.05014587124181612	0.1327487226698892	0.04673275954335887	0.13287517536841234	0.3977780969435768	0.20977994900034277	0.00874948519469812
0.017204500077041704	0.04361605066859828	0.12546719648232757	0.04083652231224108	0.136133383330128	0.41562448464730095	0.2126553093791264	0.00846255310323582
0.017786426110867865	0.04123016815270196	0.12169484449728737	0.03983422604174315	0.1427822119340603	0.41120318780741716	0.21139690970947062	0.014072025746451361
0.0176765778001238	0.04817482726327983	0.13025252125912345	0.05121944749774139	0.137322451938878	0.417282626623376	0.18846583627455765	0.009605711342919779
0.018330304302822342	0.049043353312882496	0.13178518654189172	0.03882933240780441	0.12578075185567655	0.43402604299287073	0.19371062901931663	0.008494399566734936
0.019936104836569657	0.04438512865264109	0.13217132119420924	0.04112979479215721	0.11784152078659162	0.43025537751098397	0.2010438846437953	0.013236867583051648
0.01858376400825254	0.04646854865981517	0.12030464268812786	0.042509702542068525	0.1330578160082397	0.4170347893032452	0.20680356859309879	0.015237168197151901
0.017115554258094218	0.041321563147702634	0.13105353714260903	0.05009682415645296	0.14248965819039375	0.4110801319711762	0.19492781495910338	0.01191491617446766
0.01716294492700951	0.04741421540511831	0.12076931584356426	0.04874635099324749	0.13604138020027357	0.3975903817660831	0.21575461387820288	0.016520796986500746
0.02209825411712188	0.045864849484239745	0.13312228780955346	0.056527208637853266	0.138060472888674	0.4008079657373378	0.1952471133127009	0.008271848012518707
0.0196718122668057	0.04119136869150203	0.11864146261689723	0.05376431701891107	0.12181272050412548	0.4222670103766104	0.20498622669819244	0.017665081826955475
0.02056426087310005	0.040647585571489925	0.11869754024624443	0.043210354739211185	0.1358588121092976	0.41109250942098563	0.217391974828335	0.012536962211335892
0.01879272665831072	0.0443601346284951	0.12663125111081638	0.052461352821955506	0.13757534697233598	0.40304974957413164	0.2023988263808315	0.014730611853122993
0.016692564700527837	0.04481654954447016	0.13616589562428244	0.041424418076970865	0.12708025711114151	0.4095354133550464	0.21493480643286053	0.009350095154700117
0.021957450512855747	0.039491862325795074	0.12992261091434873	0.045906899671402296	0.13611603601242414	0.4079172144258031	0.20320094794598492	0.01548697819138578
0.019067898052426827	0.0421188752183852	0.13195490514586133	0.042046381333976715	0.12278916098948192	0.4064349601216227	0.2180533977235654	0.017534421414679605
0.017748573898270364	0.042799831823865195	0.13471839066492675	0.06189177501555916	0.13022683003321875	0.40502970270659566	0.19632248524762896	0.011262410609935047
0.022870636936057953	0.04948271195532766	0.12095745826333448	0.04079847170300652	0.14267394959937302	0.41404847652367727	0.19368100806230704	0.015487286956915938
0.0213070035885487	0.04192694684992203	0.11986390072338453	0.05139339660534849	0.12623161450839893	0.4105599706236126	0.21478795145348706	0.013929215647297544
0.02133121936115913	0.04341072826561451	0.1254028355098164	0.05065107576105814	0.13194589078444635	0.40604910768665525	0.20800755973073934	0.0132015829005106
0.019140027006306043	0.0456146957364488	0.12288677421708215	0.055387546217779096	0.12538991131416272	0.41010122230979684	0.2098686701811516	0.011611153017272585
0.018322763630732847	0.04957254573532098	0.1249213611582459	0.03911717082785089	0.1330063592362506	0.42545015263936015	0.19959019792761368	0.010019448844624745
0.01972759736959817	0.04496356174189048	0.13164687471963013	0.051634799844948884	0.1343025114900293	0.40571671813732313	0.19589897584858063	0.016108960847999093
0.018115164998183608	0.04168943076824724	0.1425196857984541	0.060507818944947084	0.12455396363186767	0.3889793003614934	0.20770444440651498	0.015930191090291715
0.02030727752658977	0.04047505965989423	0.1402981662810719	0.05974945046772903	0.13903439880364282	0.4010021373861532	0.18947752520152628	0.00965598467339264
0.0171520066104128	0.04420252998086177	0.13455578696403306	0.04847922908482667	0.13981446256054497	0.41088112966450807	0.19298533241857804	0.01192952271623443
0.01725892021306774	0.04636794745008192	0.11965509524451853	0.05702626618899566	0.13323504701094002	0.4034488554727018	0.21039797847228736	0.012609889947406666
0.016749258229211028	0.04353908614332265	0.14246505290336947	0.04852595137407868	0.11886842321676147	0.4163044693056688	0.20507497833611782	0.00847278049146992
0.017265560567841773	0.04461002272849085	0.13167808882364537	0.05008939087565917	0.13396146444921564	0.4107103511454262	0.2016213630957504	0.010063758313970356
0.02198759391135688	0.04555820320026677	0.13021558315736345	0.05217469826608892	0.12142222185101491	0.42305663691272266	0.19599067926924674	0.009594383431939524
0.022138668759017793	0.04216628881403027	0.13073968068484648	0.05199690218782235	0.1293772408909112	0.4089115987849633	0.20028156375235628	0.014388056126052151
0.01674193718273348	0.040225817309868725	0.13342501529098721	0.05942580038477731	0.13416924228048754	0.4044763426056408	0.19897304158616264	0.01256280335934215
0.017742627199723485	0.04942417009734422	0.12725473587797448	0.061474887848865484	0.11896034359079058	0.418695737808754	0.19409036531949436	0.012357132257053108
0.01882969914869216	0.040073196149242596	0.1310489525802747	0.04215214192201898	0.14163039657600462	0.42508833861832407	0.18891948679209036	0.012257788213352355
0.021420568074266733	0.04650839474042852	0.12947473369065776	0.06014785579438105	0.11752858664432068	0.4112347621991904	0.19991872397564825	0.013766374881106325
0.02150004425197094	0.041980736807293556	0.12345201518778602	0.05066999991640886	0.12467417825668696	0.41003492160656196	0.21191709958725174	0.015771004386039747
0.023086092616178333	0.04191926056248722	0.11870352323597452	0.047635984478770155	0.12920077140331246	0.43021669732700896	0.19832036821588378	0.010917302160384446
0.016971563125374595	0.04065171721641603	0.13483767959238588	0.04332332448737587	0.13198964518262984	0.4095380837963466	0.21304917520420186	0.00963881139526912
0.022078510305223148	0.04858069253271334	0.13514499642921932	0.06006344744586965	0.12374256370386424	0.3992368490712157	0.1952332519478606	0.01591968856403378
0.02006944779230832	0.04695759423495614	0.13995149249417393	0.052449527407629704	0.12277768879591877	0.40835489502128564	0.19622683959842724	0.013212514655300184
0.02108659520083847	0.04655754311003135	0.1381350689715157	0.04005002056929238	0.12425304535941475	0.4246096262094923	0.19464334309763037	0.010664757481784498
0.019675210251807518	0.04316134327234904	0.12255675828807881	0.059767242959352956	0.12855002828649914	0.4090490381423727	0.20731507307564373	0.009925305723895925
0.020259163873635577	0.04118355012118345	0.13426715085930696	0.042663702986212915	0.12385861720604548	0.4319703640437321	0.18906476481185502	0.01673268609802829
0.019090003904544975	0.04841174040572106	0.12860718080929293	0.05468076856611194	0.12530105325832122	0.4061105350895594	0.2018202655625987	0.015978452403849583
0.022632898332024795	0.04711409207174028	0.1357060871546863	0.04100082862792148	0.13393753461518917	0.393205683492873	0.21554486157322256	0.010858014132342178
0.020182777797396356	0.044062435894621235	0.14231773728324967	0.04375826383490061	0.12060688728596156	0.42183463563487766	0.19050072178837152	0.01673654048062112
0.020514526768350347	0.046675363124813934	0.12024219663177063	0.04485017598125747	0.12744349977109687	0.41998272296700934	0.2038265077971927	0.016465006958508555
0.021614306945619804	0.043758453830729016	0.13890098807018214	0.04665763838378101	0.13927823589611776	0.39675532081065457	0.20034554916775718	0.01268950689515845
0.022830779988067512	0.03895131392996319	0.12156223356860019	0.04514110503387518	0.14228644457667966	0.3958061105532361	0.21889889096773402	0.014523121381843973
0.021634318599872526	0.04933673847898426	0.11957870014403323	0.05613325675293633	0.1402685641753224	0.39036624412528065	0.21346662433434904	0.009215553389221323
0.022476359466723578	0.04353048307926641	0.13272527730761335	0.04149967312996311	0.12610326541810674	0.4260877648176926	0.19653188056344084	0.011045296217193218
0.019747076528730645	0.049287391320135515	0.1307550687254796	0.039639445110345714	0.12352850630359849	0.41066163110053955	0.21554034396265465	0.010840536948515667
0.018676583089974358	0.046263844195385734	0.12081735753141815	0.03886904904941098	0.14598782419233605	0.40270764078987187	0.21464039711998595	0.012037304031616736
0.01882246913965474	0.04798140159410519	0.1203236640323657	0.05872207341745203	0.12495107450497019	0.39955834879674546	0.21435943133284036	0.015281537181866145
0.02247568232549789	0.04887733084051972	0.13347054174571213	0.048721654812331996	0.13983295879121602	0.39052447763675824	0.206541855620697	0.009555498227266812
0.022401649597900114	0.04666459136172313	0.11949312441784136	0.03917605305091644	0.1255494310194757	0.4299147898975292	0.20764070473841703	0.00915965591619676
0.01946880115154205	0.04722808449606242	0.133203804995521	0.0586206911567958	0.1295343060132424	0.4057072648201554	0.19604476178082536	0.010192285585855332
0.01835821373295976	0.04375105436332219	0.12359010179258186	0.042337831161291	0.12823881067044815	0.43319560971973503	0.1939588099848814	0.016569568574780313
0.0209511321132603	0.03910149980663341	0.1221091260061532	0.05074973454130906	0.14298783735151852	0.4058917124389677	0.20578725031419987	0.012421707427957743
0.019195465335989523	0.046764439201968225	0.13704425684545746	0.04718210870074449	0.1171749713301022	0.4049838791073388	0.21855827570667197	0.009096603771727135
0.01920468567236569	0.042212267847008864	0.12154211676146029	0.03958060466685501	0.1294215341807522	0.42134515873385725	0.21361322765819757	0.013080404479502927
0.018511191038907304	0.04768762485914432	0.13487029253170651	0.05022540012756789	0.1344038744562023	0.3968303950250103	0.20395981189174037	0.013511410069720828
0.018264222872751465	0.04413579868700267	0.1336093350752152	0.03994661426946215	0.12020956054422763	0.43323038032224936	0.19835324439467206	0.012250843834419309
0.02037905756876078	0.04983762155916252	0.14205609465714739	0.03995251994189439	0.12590476170465834	0.3907325654026288	0.21987175095396208	0.011265628211785561
0.021316017279873686	0.048570454414585004	0.1306418727560344	0.05527233972246548	0.12290434648713072	0.42044991977897594	0.1902602230648675	0.010584826496066985
0.02169376283309954	0.03896776373001655	0.13430696808141562	0.06104550049337584	0.12319726060952146	0.3952253591502478	0.20796320324963047	0.01760018185269245
0.016924607286232907	0.04613593901458787	0.12131857484441563	0.05712563954156494	0.13903173204284877	0.4131542142919189	0.19131669713014055	0.014992595848290213
0.019915700448395662	0.04200659071312861	0.14279679161359837	0.061519811352478235	0.12473047663022076	0.39556592957337	0.20493130199628837	0.008533397672519788
0.020800101096416376	0.04419706704659079	0.1268995834540133	0.05937754551712096	0.14067090386799236	0.39356084487631926	0.1972083985747885	0.017285555566758273
0.019115020885362377	0.04975350604402212	0.1207799119293104	0.055112971873040484	0.12573650668698605	0.40994487842272653	0.20298937634414438	0.016567827814407424
0.01895901989897411	0.04245171262378736	0.12212673323154818	0.04002161048167917	0.13399195397515556	0.42557295315106536	0.20406654668112828	0.012809469956661712
0.0201287564513407	0.04399206334460053	0.14169882638229714	0.05695609638291141	0.12638485008508077	0.40974075942598054	0.1895887814229522	0.011509866504836513
0.01767717651157784	0.04076869799271285	0.1281838651585652	0.05189325932124571	0.13066577143203814	0.4266132125583256	0.19364699027384963	0.010551026751684858
0.01902718013494621	0.04979596363371011	0.13944558352294997	0.052581818991401574	0.11816382239901876	0.39905191924547234	0.21180611817217454	0.010127593900326415
0.017033554501763512	0.04133720105428346	0.12085429915637765	0.043034176694362325	0.13471864577746273	0.40810025374940284	0.21780333222746684	0.017118536838880538
0.02233615758338034	0.04659168206282138	0.1328346753022086	0.04098818376852208	0.12655659884883674	0.417110963607741	0.20416556486319104	0.009416173963298538
0.01782607738956142	0.042219626183364264	0.12386685678358295	0.044656536211114414	0.11881818716864484	0.41836540056495575	0.218282650482236	0.01596466521654022
0.018300580991056095	0.042881278495927364	0.13141820068247215	0.059582680917923875	0.1227776857348021	0.4039993457802997	0.2069347269870495	0.01410550041046893
0.020142771001162546	0.04541409354216462	0.13262725534034495	0.04260888915580745	0.12976522724993111	0.4082788074222764	0.2046208819173334	0.01654207437097932
0.01831376657649214	0.045528064110747155	0.1382142063770509	0.04423654314418045	0.11960013958917931	0.41756775464340834	0.20640249201223448	0.010137033546706975
0.019860284259126754	0.04687480047405093	0.13209477548010515	0.04246046770702068	0.1426559318747924	0.3882063008328773	0.21909576685447524	0.008751672517551323
0.0173890096701583	0.04210446842989286	0.11823485099294086	0.03884965088465406	0.13468992909125305	0.41714009184887424	0.21633266907502496	0.015259330007201574
0.0212736393174279	0.042397055742190076	0.12046881494224687	0.04061098401914473	0.12785606156707244	0.4284416302410563	0.20523732219637442	0.013714491974487111
0.0177653025046189	0.048914449650587694	0.14134698632775977	0.05958035396125316	0.11893500112339854	0.40855878042864224	0.18883852680127636	0.016060599202463083
0.021039773345305143	0.03956546909279922	0.12049691114408698	0.05211829869701225	0.12667924345588946	0.41652489137909454	0.20630465117416502	0.017270761711647264
0.02273299072639802	0.03969361507660074	0.13813506466912245	0.04189507262149145	0.12546762868155892	0.40221568466182256	0.22045279193262146	0.009407151630384164
0.020958164292204776	0.04775531586027741	0.12569695395301958	0.04523265440033512	0.14610533883418342	0.4106982650714823	0.18873174458552622	0.01482156300297098
0.019784887553956604	0.04773313118642873	0.13371146742140702	0.04602243227158094	0.12938712952767853	0.39370970335156086	0.216600884815221	0.013050363872166126
0.018217140772379375	0.045248796077938275	0.1358339566860539	0.047237907799739604	0.11875319012232186	0.43125995693041075	0.1920283977247602	0.011420653886395848
0.02284299857416322	0.04361109250995761	0.13136477252959158	0.04649623241515759	0.1312047188036208	0.39555750091960173	0.2147537846384966	0.014168899609410673
0.01906079058852421	0.04999920302530726	0.13634537682592326	0.04718535168263342	0.13946187907283505	0.40246972651062196	0.19580940169632716	0.009668270597827544
0.0215944301682104	0.0479512237463315	0.12180492957032094	0.05161136056884205	0.1305833784043622	0.42414133283760846	0.1893394876923689	0.012973857011955359
0.018912890318237646	0.046193614500232696	0.1417320034250878	0.057288849611304385	0.12771891836715002	0.39715831513224265	0.19619291269061095	0.014802495955133665
0.02056550085028719	0.04914489065940994	0.11874766245995436	0.05298563694949633	0.13689015284816	0.41747253660205585	0.1955103124537047	0.008683307176931526
0.01970609626744793	0.04696586821826561	0.12838618025222398	0.04416545880404936	0.1452831160791012	0.4011913078348258	0.2058155902306036	0.008486382313482352
0.021589552245496788	0.041322325422956274	0.14277149772237022	0.039607527888439034	0.13994117415157345	0.38950473877635794	0.2107560927257649	0.014507091067041247
0.021119153616300748	0.043705643956899354	0.12603304773163382	0.04979417289396973	0.12398913045912588	0.4251512111940914	0.20067545290558778	0.009532187242391119
0.022712601380236702	0.04140514391177677	0.13692006738234072	0.045424513503959874	0.1302762243567801	0.397992983496108	0.20824985218707018	0.01701861378172742
0.019951449953284295	0.04166478492869463	0.134823865214297	0.043196448997751824	0.12120958451533093	0.4221090937761164	0.20024178921825103	0.016802983396273702
0.020272397690703936	0.039883567687284224	0.13781049890977412	0.046856944865363875	0.11973099876501281	0.4082703602135166	0.21897994600840204	0.008195285859942239
0.017301913811035644	0.04355472915939594	0.14056217270088867	0.05437713752872646	0.1283198545698055	0.40567029712349356	0.1967621802704796	0.013451714836174355
0.019198720348829815	0.04945070901547527	0.12554014163611807	0.04465975239088571	0.13885807396820296	0.4119179931287025	0.2010587646139616	0.009315844897823902
0.0177864285180529	0.0492102407848965	0.1303420961641578	0.05944355181385472	0.13672757460135912	0.39568225591032524	0.19588856039704555	0.014919291810307933
0.018426303322838344	0.04850635736952853	0.1311932650899486	0.04984395791235209	0.11983850966924946	0.4292051120677919	0.1877737988614083	0.015212695706882606
0.018581588847902314	0.04814254563302291	0.1293607070109483	0.05321964901879908	0.11879863705679482	0.42619344570445816	0.19361168720729702	0.012091739520777217
0.019411820184596584	0.048658400314441394	0.12287608695903712	0.04501444777509492	0.12925652018986764	0.40059068139340437	0.21757925449697196	0.01661278868658586
0.021118489552339748	0.04623125926755861	0.12428721493981547	0.05314580149448472	0.13815173577590664	0.41214894981331907	0.18966289677171677	0.015253652384858776
0.019321574547970122	0.04082633257102006	0.12125997471800427	0.047571406090944526	0.12050718264428915	0.4236831408621402	0.2137787341124917	0.013051654453139744
0.019550097823213347	0.0460203909927486	0.13614904948543274	0.04530915572436342	0.12622155390116785	0.4240892147610491	0.19423306936275336	0.008427467949271406
0.018491492755622868	0.041670012894836406	0.13975654668688936	0.05442232350290979	0.13807529388098952	0.3907144242988364	0.20343422888654333	0.013435677093372136
0.021277253467497467	0.048078425535448555	0.12958308455430642	0.05617255755119174	0.13459304866274788	0.4050139757104664	0.19420793025465624	0.011073724263685178
0.022046102702923898	0.04494281639616257	0.1341400823264121	0.0558054090289736	0.13422869237526872	0.3991190035760064	0.20087004401569658	0.008847849578556041
0.017197816372789415	0.04168986654635798	0.14314526320234908	0.0546271136128596	0.125772769097468	0.40483293184167435	0.20306023611461765	0.009674003211883775
0.01708955807273524	0.04308542280419392	0.12067204537715134	0.05934107478495129	0.12909002998776398	0.4019763652445645	0.21124522638485654	0.01750027734378301
0.020364695845817404	0.04963792772858419	0.118829435659669	0.04272438990177249	0.14219742025430704	0.3937306140212504	0.21995979920522696	0.0125557173833723
0.018774222248101227	0.0447368946825199	0.12378847436980467	0.06060291220587667	0.12874727956887919	0.40722548797859026	0.2025624663122854	0.013562262633942473
0.01961000710341626	0.04744115268012601	0.1271367268400961	0.0507694084796252	0.13703809885218643	0.3950276470094938	0.21168072677543562	0.011296232259620398
0.021766787672131305	0.040844290797882085	0.12421827291768497	0.056919338765131194	0.13632554355682105	0.39508052344063394	0.20863177756328832	0.016213465286426948
0.01936080212878817	0.04695762262108494	0.12429733565994994	0.05251296699366764	0.12840501191927134	0.42728581967528667	0.19209673919235237	0.009083701809598665
0.017104378996571523	0.03896246933836593	0.14224254778435633	0.05853447588270773	0.1374497274239304	0.3933819350362139	0.19863820201056803	0.013686263527285913
0.016676076371600623	0.03971621564823263	0.1273672416438542	0.05721832552503721	0.13675598261940883	0.3993007047660255	0.20761745976372015	0.015347993662120585
0.020379261584870037	0.04530276625796051	0.12796272334624814	0.04582748874353752	0.12712654061510828	0.4169966745402133	0.20663178481975408	0.009772760092307986
0.022754010496208288	0.03899937396318423	0.12586367137585963	0.05208826598524652	0.13960095182145738	0.3979167567320472	0.2087315524551446	0.014045417170851948
0.018956481966135544	0.04943358476913087	0.13945744969989143	0.048634355699973555	0.136462950708303	0.3882636587626678	0.2030896873543336	0.015701831039564032
0.021849819031929507	0.04343797877555079	0.13318349894270304	0.042128133191119715	0.13727969224614134	0.40457693925926275	0.20324740437482297	0.014296534178469683
0.019121930814952545	0.03983513589095358	0.12563561196834738	0.0514603099148743	0.146229836666126	0.400968303762277	0.20300368978210562	0.013745181200363374
0.02122119594188654	0.04428778569049051	0.12272725729271412	0.05871492131937295	0.14060752883255315	0.40670767321555557	0.18978934675700626	0.015944290950420686
0.02035098277155041	0.047858648147262886	0.1194251031743421	0.05689376659380846	0.11839198128158974	0.43004815302820343	0.18928125098120366	0.017750114022039187
0.01679585747414751	0.04481046340810725	0.12583687356349235	0.04805761673247223	0.12679176915487214	0.42401128968733837	0.198267953520824	0.015428176458746001
0.01732020504337642	0.04113524806003187	0.12581814594219004	0.050410590400122066	0.13561850452997085	0.4192032775020529	0.20182068591390884	0.008673342608346901
0.017049869395954098	0.04460858075290523	0.1321777458525992	0.049931088608958604	0.13182759278922934	0.397385292881108	0.21718239661946515	0.009837433099780163
0.019604839437217456	0.04193403248675745	0.11863500532659477	0.054700948232165536	0.13154991535536875	0.4069246314939957	0.2151790052751763	0.011471622392723813
0.0214371097691268	0.04066031144391134	0.1220292404460437	0.04822259087481651	0.12610456553713503	0.42818824728264915	0.19840117581067437	0.014956758835642847
0.018017141313614607	0.0492554919671338	0.13885539812437878	0.039542111185009	0.14027951433353172	0.39432755533087815	0.20972991283676307	0.009992874908690719
0.023035983791387854	0.044144068444684215	0.1371954983064084	0.04870122814003712	0.1262345337593068	0.38996883279629935	0.21615368553899705	0.014566169222879136
0.02035598182428433	0.045614214874520304	0.11830132476303967	0.06105920926538304	0.13842455117440566	0.39014939871080934	0.21616190105095245	0.009933418336604938
0.020201285088924797	0.04432814229214668	0.12201175466767913	0.058665046258824266	0.13761362473872576	0.3970794842062908	0.20707196246198997	0.013028700285418332
0.021061042832666493	0.049499564883049865	0.13763358392547737	0.0529784971579919	0.1356752876176315	0.39011718672681195	0.1961014511371264	0.016933385719244284
0.020877469843953514	0.04301082256220115	0.1334330276225775	0.058475063957206905	0.13466625400298454	0.4072474746616399	0.19337134205386147	0.008918545295574828
0.01839575568043239	0.04949468279672686	0.1259523357706866	0.04990758330374448	0.1425711973268871	0.41257125965679375	0.1923334926780536	0.00877369278667503
0.017043435461613424	0.04889530179382809	0.12594782906061028	0.04145340517400692	0.14305684292221013	0.4024954408737178	0.20636212170997412	0.01474562300403906
0.02274611174202329	0.04084954702981977	0.12342835309996353	0.04829773761021247	0.1233016629887325	0.42580040412542497	0.20510315891731912	0.010473024486504098
0.01954252345419294	0.046071492480832185	0.1400410531626123	0.04099501844865551	0.12879942903801636	0.4126464349726644	0.20154175038705707	0.010362298055969027
0.01896232777675877	0.04330811882042941	0.139438235614977	0.05698394080007853	0.1268904884479919	0.39462040240896756	0.20358186526880193	0.01621462086199474
0.019547677315889078	0.04081434045407463	0.12064580076436945	0.04508846944967729	0.13493485159259777	0.42036458075743166	0.21008229467054945	0.008521984995410459
0.02269293298234884	0.04145895698904349	0.11940743333650315	0.04943640685331897	0.14047794205045225	0.40185358620819467	0.21550600319211916	0.009166738388019194
0.019331506940618595	0.03940459049150953	0.1419139861633244	0.03903089857575291	0.12536967658877157	0.4163111337730564	0.2050337912686787	0.013604416198287603
0.021260761309234183	0.04948320913130967	0.12950183937933712	0.03972316636196445	0.1402876127673219	0.3926560748879945	0.21870106656885313	0.008386269593984863
0.019233609889847847	0.04214472994276969	0.12372003355462392	0.06074416009268206	0.12689520951124394	0.40317853627968925	0.21387975467774428	0.0102039660513987
0.02168156568291603	0.04120567039261139	0.13532999315705185	0.042853519004461146	0.12650196990029577	0.39540969699197825	0.21928401150567597	0.017733573365009386
0.019163184407917616	0.04336501594856346	0.14238459397660636	0.045089478499147975	0.12376015147754633	0.41334387505696846	0.19918987350389267	0.013703827129356916
0.02010713219249284	0.04096862641421327	0.13156555863334315	0.04691087118043076	0.14026665712259737	0.39936624572684476	0.20305288187030612	0.01776202685977149
0.020043854956629997	0.03917100996043797	0.13093626464495306	0.04547922582959908	0.12139347088939194	0.43463441015565574	0.19493610140096318	0.013405662162368798
0.022371563876956338	0.04383280009631328	0.11928380071556703	0.048397964237917576	0.13555027235567288	0.4269179591557358	0.18984403137451997	0.013801608187316877
0.01858865614898629	0.05003537872033395	0.12691768724361838	0.039081389639262915	0.14354140280882818	0.4175915777953242	0.19472359446101145	0.009520313182634452
0.019087872685363855	0.04625954969091399	0.13728418253916527	0.055018323536194666	0.11897434279319277	0.4162184142407904	0.19774587000783195	0.009411444506546865
0.018915598446417686	0.04605608423648885	0.13562146142808118	0.04806591305034946	0.11918765370555508	0.4039026587302288	0.2107888013825132	0.01746182902036547
0.017175872227974454	0.04419159527982813	0.1351514115951673	0.05217307358106876	0.12760685130387167	0.4024791302847013	0.21267458186742033	0.008547483859967953
0.018198952830989268	0.046397034787611174	0.14187786508636868	0.04000260908884254	0.1272506103497724	0.4151187541772444	0.19426191741643484	0.016892256262736507
0.020806663268670797	0.045348248811984376	0.12843250827013722	0.047623075168950896	0.13038815522704106	0.4058979165573928	0.21149931138394015	0.010004121311882455
0.020810001015317353	0.04834630649156467	0.13222056465675178	0.052853279018329785	0.13709514020750976	0.40204376967862854	0.19602705742657303	0.010603881505324958
0.018716641076367474	0.0450156980024916	0.11940886900357191	0.053984250011064744	0.14209652515496168	0.4114666084160872	0.1971747786787243	0.012136629656730874
0.019480949821431934	0.046788572419483504	0.12484206035811521	0.05703082242894486	0.12733822798468783	0.4244103182287555	0.18985837657836777	0.01025067218021325
0.021721060915127224	0.04501356438587659	0.1272208260232198	0.04120674814492814	0.11795698757762094	0.4209721520830614	0.2128576939921516	0.013050966878014159
0.02204511726889878	0.03990363208001413	0.13467895675694744	0.05373841729145297	0.13467948093403873	0.3962163030322031	0.20485125228961404	0.013886840346830603
0.02160948699302616	0.04174875059585152	0.13591774540278787	0.04523191717664786	0.12149717389568351	0.4064305662606116	0.21486629444450894	0.012698065230882433
0.02134408420144311	0.04313164097234615	0.1372075744374891	0.04049342279062847	0.13131363723066203	0.41922958117854314	0.1962654568574002	0.011014602331487627
0.01838640278730727	0.04237099243792289	0.12246267281577505	0.054517006522135994	0.12561183585170138	0.4290453710943064	0.19273144670258352	0.014874271788267307
