0.19603137139495727	0.6148202311141511	0.1891483974908918
0.19495831913077885	0.6183771083758111	0.18666457249341023
0.1967314475994145	0.6161077510904079	0.18716080131017768
0.1973379916913334	0.6175076300766849	0.18515437823198186
0.19660037793239354	0.6211855458320257	0.18221407623558095
0.1991436895265703	0.6193691403570056	0.1814871701164242
0.19645625924501284	0.6147711375416091	0.1887726032133782
0.19815777260888404	0.623711087466222	0.17813113992489413
0.19705758741857993	0.614309364149758	0.18863304843166218
0.19300332595523012	0.6284001420226155	0.17859653202215447
0.19531065894614572	0.616906335469709	0.18778300558414548
0.19860735777690414	0.6249140097156631	0.1764786325074329
0.2003293439642017	0.614404023677355	0.18526663235844337
0.1931182451575279	0.6210529686472583	0.18582878619521384
0.19373595930234624	0.6290858843812356	0.1771781563164183
0.19315935083793118	0.6226264837019153	0.18421416546015362
0.19151824707047488	0.6288331900323967	0.1796485628971285
0.19425256577341418	0.615910161164038	0.189837273062548
0.1936583185355831	0.622112429582481	0.184229251881936
0.1929045668505574	0.6208607990680101	0.18623463408143265
0.19508812079953214	0.6241570128610595	0.18075486633940846
0.19912886592554552	0.6210231839957503	0.17984795007870424
0.19692063289460326	0.6250335584540436	0.1780458086513532
0.1946087130363819	0.6253737472664154	0.18001753969720288
0.19987486040350488	0.6227029663129136	0.17742217328358173
0.19331990943556188	0.6157995447072426	0.1908805458571956
0.19669002204434696	0.6128812515194256	0.1904287264362275
0.19873817837460814	0.6177694971028036	0.18349232452258843
0.19416034737622145	0.6250641053372504	0.18077554728652823
0.1976638815780172	0.6249059715840571	0.1774301468379258
0.1975717063955146	0.6148988846331388	0.18752940897134673
0.20103628458433445	0.6158369488184547	0.18312676659721094
0.19429810686146154	0.6198267726047656	0.18587512053377298
0.19558364956099106	0.62716553693443	0.17725081350457905
0.1964295927084869	0.6274525733276077	0.1761178339639054
0.19171599577733336	0.6175309423739402	0.19075306184872654
0.19332521826669274	0.6265838006213975	0.18009098111190994
0.19710725186671427	0.6147416355081394	0.18815111262514647
0.1942241620429303	0.6253626698155441	0.1804131681415257
0.19843663255195532	0.6127827400337793	0.1887806274142655
0.1952165286760552	0.6209712131896932	0.18381225813425178
0.195567643235508	0.6157927586747385	0.1886395980897537
0.19849035325814163	0.6189142366663523	0.18259541007550625
0.1941122618026817	0.6283474157918684	0.17754032240545004
0.19698983018426516	0.6130033304439739	0.190006839371761
0.19850195648753366	0.6177497392557987	0.18374830425666783
0.1927194798552829	0.6217154816121997	0.18556503853251755
0.20066183753597905	0.620849456595816	0.17848870586820503
0.19737532039273664	0.6181417438979391	0.18448293570932445
0.1996492732677344	0.6196361098208876	0.18071461691137816
0.19460268828521932	0.6245994309610337	0.1807978807537472
0.198547111681798	0.6105483715629256	0.19090451675527648
0.19698073886969195	0.6260172957168093	0.17700196541349894
0.194142224437846	0.6199232220218406	0.18593455354031352
0.19961851207217593	0.6248553783072618	0.17552610962056242
0.19370734365286904	0.6237218008898235	0.1825708554573075
0.19725020338435686	0.6153802961360273	0.1873695004796159
0.19656639051185315	0.6139553418476402	0.18947826764050674
0.20092246342077677	0.6175019782649467	0.18157555831427663
0.1932121666075212	0.6226629986261942	0.18412483476628477
0.19498508635013212	0.6257542743541675	0.1792606392957005
0.19172469528201466	0.6216691439048001	0.1866061608131853
0.20027279365293316	0.6186478795389064	0.18107932680816055
0.1936693732149213	0.6180526645986263	0.18827796218645254
0.19894388144267117	0.6239822795013676	0.1770738390559613
0.1913981339026442	0.6270365257591981	0.18156534033815774
0.19377436016322233	0.6183427185649657	0.18788292127181214
0.19402369217795892	0.6188407947650785	0.18713551305696274
0.20072003373258	0.6165913581957048	0.18268860807171539
0.19359354210698912	0.6285989301484514	0.1778075277445596
0.19827554599883984	0.6198327941309791	0.18189165987018113
0.1916544978432215	0.6268191851259859	0.1815263170307928
0.19322784094279244	0.6168932323983738	0.18987892665883382
0.19167373232729926	0.6234799915958467	0.18484627607685428
0.19756619890009655	0.6151228348670699	0.18731096623283366
0.19844042140999235	0.6178907751574035	0.18366880343260422
0.1972931183351651	0.6152078587548417	0.18749902290999337
0.19605996203164533	0.6201901331240356	0.18374990484431913
0.1953464061008963	0.6140130761814144	0.19064051771768942
0.1994934530011742	0.6157256217075435	0.18478092529128248
0.19228952795465096	0.6250198654771829	0.18269060656816621
0.20062468171557063	0.6226719558236935	0.176703362460736
0.19650433400232853	0.6276858552169525	0.17580981078071908
0.20022563707038468	0.6108040340452021	0.1889703288844133
0.20098915030893538	0.6164481339188175	0.1825627157722472
0.19443390180209932	0.624233490908078	0.1813326072898228
0.2007926580857099	0.6143184762292766	0.18488886568501356
0.20012736108279128	0.6197187743913435	0.1801538645258654
0.1982638576624912	0.618785469955202	0.18295067238230692
0.20035622413834855	0.6192928706238423	0.18035090523780922
0.20018083912809922	0.6202516973585958	0.17956746351330516
0.19787155873032444	0.6160194595447097	0.18610898172496598
0.19616613525063237	0.6252912675080242	0.17854259724134353
0.19378443153030955	0.6222571406179841	0.18395842785170646
0.1937514115181751	0.6263700168505897	0.17987857163123522
0.20012247713017645	0.610869282714503	0.18900824015532064
0.2008884334664972	0.6228652841220975	0.17624628241140539
0.19392006513365467	0.6238509110356321	0.18222902383071338
0.194095928931907	0.6275789008708936	0.1783251701971995
0.19614265092099784	0.6166078440501279	0.18724950502887444
0.19328577519279633	0.6263138399087912	0.1804003848984126
0.19579518845133856	0.622164314102949	0.18204049744571255
0.19689905795899618	0.6262168670566581	0.17688407498434588
0.1965635309736469	0.6249811910378682	0.17845527798848507
0.1992595297421869	0.6227654849107656	0.1779749853470476
0.20075305886592826	0.6157414610982703	0.18350548003580155
0.1984541435242261	0.6161137506885597	0.1854321057872143
0.19509198301590838	0.6168196739592586	0.18808834302483318
0.2000127224892479	0.6208807364825611	0.17910654102819112
0.19120447760253817	0.6186415437812067	0.1901539786162551
0.20005679110598062	0.6157359570766667	0.1842072518173528
0.19901242702269673	0.620697206148678	0.18029036682862548
0.19467784100631014	0.6178698602873453	0.1874522987063447
0.19764408075680362	0.6207459333431447	0.18160998590005184
0.19935834629268567	0.6234223215769387	0.1772193321303758
0.19412278986983955	0.6224243759270017	0.18345283420315883
0.1921343904168083	0.6188562326900259	0.18900937689316596
0.20010688428517523	0.6220829057551973	0.1778102099596275
0.2002787040836883	0.6180775268131767	0.18164376910313507
0.19316230760465886	0.6276979517455452	0.179139740649796
0.1914941257994781	0.6264869502953228	0.1820189239051993
0.1984003363507335	0.615960263962785	0.18563939968648166
0.19148265442707046	0.6176350894538596	0.19088225611906998
0.19898968201142145	0.6149962901829137	0.186014027805665
0.1983748363764998	0.6203018331191816	0.18132333050431862
0.19421221808596414	0.6172441572844742	0.18854362462956167
0.19772089207673407	0.6127471454192115	0.18953196250405452
0.1952041526488686	0.6266703438027749	0.17812550354835666
0.19697016587281974	0.6213465529078075	0.18168328121937283
0.19537752512930645	0.6282098125601541	0.17641266231053965
0.20031989987052584	0.6234562068840853	0.17622389324538895
0.19554151725780333	0.6140672142674906	0.19039126847470622
0.1962360402412	0.6172375759810389	0.1865263837777612
0.1980972145332458	0.6209334694313167	0.18096931603543764
0.19622311398727244	0.6282108210269464	0.17556606498578134
0.19750833085241096	0.6207930358934766	0.18169863325411256
0.20081323807985865	0.6119520772313214	0.1872346846888201
0.19903667651300028	0.610936105268195	0.19002721821880486
0.19155402921878428	0.6263909326467871	0.1820550381344286
0.2007571192058686	0.6105935395140673	0.18864934128006428
0.19242048913284876	0.6181462752655296	0.1894332356016218
0.1914774369041449	0.6220120138944878	0.18651054920136745
0.19913711343169138	0.6191568753938659	0.18170601117444293
0.19147935937346416	0.6209896980295857	0.1875309425969503
0.19224267122879501	0.6255686427275093	0.1821886860436958
0.19262234017781582	0.6207280431549795	0.1866496166672047
0.19602274111171725	0.6213198090241766	0.18265744986410626
0.20026888504984477	0.6171605924378182	0.18257052251233719
0.19439202658547905	0.6273450562395213	0.17826291717499979
0.20086038889098246	0.6194325380320287	0.179707073076989
0.19713267653450572	0.6222867256537328	0.1805805978117616
0.1985471567798007	0.6151909955394061	0.18626184768079318
0.19347066544065286	0.6192251762729994	0.1873041582863479
0.19755580779852494	0.626063769140216	0.17638042306125912
0.1950640769156751	0.6144964484333957	0.19043947465092925
0.20091312278743842	0.6201880837297851	0.17889879348277665
0.20044149398025912	0.6138531716343131	0.1857053343854279
0.19508615322378364	0.6268276432342857	0.1780862035419307
0.1997495192584778	0.6223069843339059	0.17794349640761647
0.20083936644802175	0.6182540063255099	0.18090662722646855
0.19754648715369796	0.6252451970153977	0.1772083158309044
0.19547620402123497	0.6220597900400568	0.18246400593870837
0.19647923272072082	0.6245855023895838	0.17893526488969552
0.19703831189205223	0.6202483356909623	0.18271335241698566
0.20053533045090774	0.612876624121721	0.1865880454273715
0.19927820746905323	0.6138427316477327	0.1868790608832142
0.19600082158370083	0.6252585449990787	0.1787406334172205
0.1975797232733158	0.6177733301300251	0.1846469465966592
0.19757886318996556	0.617566403842191	0.18485473296784355
0.193756691587246	0.625134056480026	0.18110925193272817
0.19609217930477466	0.6210582445068293	0.1828495761883961
0.194514204454154	0.6170571526296329	0.1884286429162132
0.19741332155538727	0.625164880547985	0.1774217978966278
0.1949253397524901	0.6289243506243987	0.1761503096231113
0.19935470833933475	0.6155278402644506	0.18511745139621477
0.19729893501254592	0.6151616665387529	0.18753939844870118
0.19663224419336348	0.6230995581006131	0.18026819770602356
0.19382861062018225	0.6247804690354917	0.18139092034432625
0.1986025313592132	0.6122831304096397	0.1891143382311472
0.19872974438287738	0.6166424977967866	0.18462775782033622
0.19894491549846763	0.6228684164498419	0.17818666805169064
0.20001142361053045	0.6142220973356152	0.18576647905385446
0.19482802725943865	0.6243566009556338	0.1808153717849276
0.19380266992639908	0.6201981080543221	0.18599922201927893
0.20094102927867566	0.6193531298677846	0.17970584085353994
0.1939872268237533	0.6159815828670185	0.19003119030922827
0.19990314144912097	0.6164433599967788	0.18365349855410035
0.19327177440863685	0.6201513802247254	0.1865768453666379
0.19946965158796734	0.611849456204554	0.18868089220747886
0.19716146702533027	0.6139320981781762	0.18890643479649366
0.19859671036125998	0.6151907151391237	0.18621257449961648
0.19670440827244046	0.6225719294021965	0.1807236623253632
0.2002787736854724	0.6159012592555804	0.18381996705894732
0.19650182156718232	0.6250755497004054	0.17842262873241246
0.19646677184427097	0.6252670341286475	0.1782661940270817
0.19780813006328662	0.6253722843978945	0.176819585538819
0.1943621503273647	0.6216311245243373	0.18400672514829813
0.19746365873872143	0.6263124230441062	0.17622391821717254
0.1989564284138475	0.6166468216389601	0.1843967499471925
0.19834203443005952	0.6175047267060738	0.18415323886386686
0.19591130970265935	0.6174335567400726	0.18665513355726815
0.19243171094298553	0.6287545284159324	0.17881376064108218
0.20030595321418432	0.6121373395239919	0.18755670726182394
0.1959680543250002	0.6148336898250759	0.18919825584992406
0.19406538589803102	0.6209543615579743	0.1849802525439947
0.19268773006621234	0.6227848154329427	0.184527454500845
0.19506938883702196	0.6213290567828191	0.18360155438015904
0.20046466454396766	0.6136242765291022	0.18591105892693016
0.19261108595553902	0.6193459765241607	0.18804293752030038
0.19798173576590253	0.6186490937402622	0.18336917049383536
0.19865627418395643	0.6215856269983886	0.17975809881765514
0.1983338273692365	0.6214638713925109	0.1802023012382527
0.20042710296128663	0.6110771039371792	0.1884957931015343
0.19413648729366967	0.6210365683172234	0.18482694438910702
0.19613422721193638	0.618587293834021	0.18527847895404276
0.1960575054181946	0.6183356572515126	0.18560683733029287
0.19301433494015857	0.6239904899254574	0.18299517513438418
0.19950644279418966	0.6219368077780759	0.17855674942773458
0.1932060032592552	0.6281732841970096	0.17862071254373538
0.19123307227400704	0.6276036988413	0.1811632288846931
0.19944023944587863	0.6249247039667285	0.17563505658739295
0.1999138013027328	0.6108426662181503	0.1892435324791169
0.19355684741086776	0.6212473749555734	0.18519577763355904
0.19900246180909714	0.614689214087411	0.18630832410349196
0.19608271886653023	0.6200628807301686	0.1838544004033013
0.1915944896209332	0.6199776426449642	0.1884278677341027
0.19769977542130612	0.6194270334807757	0.1828731910979184
0.20018446300899903	0.6206984438013211	0.17911709318967997
0.1913603938624523	0.6273069045029014	0.18133270163464638
0.19630994500095048	0.6268970853180844	0.17679296968096525
0.19529971787234704	0.6285475938756111	0.17615268825204203
0.20021140135816232	0.6194114450291245	0.18037715361271334
0.19937419997175487	0.6195552408995652	0.18107055912868014
0.1998359710781924	0.6226441065205243	0.1775199224012835
0.19171128220452777	0.6255628974427336	0.18272582035273868
0.19395177926915985	0.6201246231516238	0.1859235975792165
0.19313838975541248	0.6192630674634261	0.18759854278116156
0.19192310927613931	0.6245154835632656	0.18356140716059519
0.19259035445646908	0.6220134796998971	0.18539616584363394
0.19968814092089673	0.6234052730576144	0.17690658602148895
0.1989613484253115	0.622106817951397	0.17893183362329163
0.1995828589277111	0.6130844202559287	0.18733272081636027
0.19682244200588192	0.6133779533984665	0.18979960459565165
0.19650737089875897	0.61887138984161	0.18462123925963103
0.19697864370871995	0.6162692570897502	0.18675209920152996
0.19609317100857881	0.6223930494460589	0.18151377954536246
0.19873140700871422	0.6185511942288366	0.1827173987624492
0.19725801578137978	0.613169998239959	0.18957198597866132
0.19947183092725534	0.6176267446235322	0.1829014244492126
0.1921486161102649	0.6203513754965442	0.18750000839319095
0.19600438250077892	0.6206328533718717	0.1833627641273496
0.19381609452346366	0.6246148734540777	0.18156903202245864
0.19515582550606916	0.6178162801054622	0.18702789438846879
0.19488569439944545	0.6161922520012784	0.1889220535992763
0.19253593669438046	0.6208405880183532	0.18662347528726647
0.1954891057407344	0.6213347097763808	0.18317618448288495
0.200724054226434	0.6175909540818589	0.18168499169170715
0.1982021846739838	0.6123838373308113	0.189413977995205
0.1971885736233875	0.6165630609071708	0.18624836546944187
0.19500564815158383	0.6271322105173348	0.1778621413310814
0.20040537151517077	0.6111280381885074	0.18846659029632207
0.19702244869003444	0.614814041175388	0.18816351013457766
0.20102955450511412	0.622404693238321	0.17656575225656493
0.1954083324033583	0.6274185679117674	0.17717309968487444
0.19958221584112343	0.6229676415386924	0.17745014262018421
0.19248186571003284	0.6198683696774029	0.18764976461256438
0.19875580669729737	0.6123406438738943	0.18890354942880844
0.19381514838333627	0.6170397492456382	0.1891451023710257
0.19507687276204427	0.6156190422083716	0.18930408502958423
0.2003074970153301	0.6157188889935569	0.18397361399111312
0.19514413270457928	0.6144770168831778	0.19037885041224306
0.19647931847014072	0.6154443581570614	0.188076323372798
0.19210596551905168	0.618220163677283	0.1896738708036654
0.200902563558949	0.6203521926359203	0.1787452438051308
0.2002900339863907	0.6174583430057645	0.1822516230078448
0.19389123688269966	0.6253413969627146	0.18076736615458594
0.19993925750538424	0.6114935636493894	0.18856717884522642
0.19485038826344178	0.6179555570154026	0.18719405472115572
0.20005651924969095	0.6241066175262366	0.1758368632240726
0.19249346854647242	0.619525683340724	0.1879808481128037
0.191713682799703	0.6266344113681197	0.1816519058321775
0.20066813213617643	0.6172247931821037	0.18210707468172
0.19464253688703465	0.6259247841303535	0.179432678982612
0.19443755579636948	0.6287023349160263	0.17686010928760426
0.19596400773289824	0.6252723481166292	0.17876364415047258
0.19542219498692967	0.6198641545026107	0.18471365051045974
0.19559111518794228	0.6162915604907249	0.18811732432133293
0.19217578588987722	0.6210359813475823	0.18678823276254058
0.19548656755437843	0.6222115377819335	0.18230189466368815
0.19430069458866384	0.6189658629645518	0.18673344244678458
0.19843069233179428	0.6236691517784825	0.1779001558897234
0.19667802157518188	0.6224079981075368	0.18091398031728145
0.1924165870182908	0.6181916748288745	0.18939173815283478
0.19992638112514888	0.6140173201444384	0.1860562987304128
0.19539342451913141	0.6280018672521663	0.17660470822870228
0.19387198503438016	0.6257636105556621	0.18036440440995793
0.19337021099456042	0.6255115190751066	0.18111826993033303
0.1948902280803038	0.6250709592006134	0.18003881271908292
0.1919976252620044	0.6249413190929423	0.18306105564505354
0.19305018068863328	0.6223813438039861	0.18456847550738076
0.19259440180980325	0.6192052413830331	0.1882003568071638
0.19432800897651303	0.6215790169763766	0.1840929740471104
0.19600978630749993	0.6231550342920068	0.18083517940049343
0.19786291206264695	0.6133157863970301	0.18882130154032306
0.199967905497442	0.6128155219964704	0.1872165725060878
0.1957635490310519	0.6233550765036935	0.1808813744652547
0.1941631416302475	0.6160971058162912	0.18973975255346145
0.1946015506884936	0.6205668796984867	0.18483156961301986
0.19677457917047597	0.623245648688533	0.1799797721409911
0.19118330165520786	0.6245415660319853	0.18427513231280696
0.19271812252192372	0.6212191407131605	0.18606273676491586
0.19412295319599016	0.6253462302050157	0.18053081659899423
0.19830253477589296	0.6116788714469796	0.1900185937771275
0.19711570322113386	0.6187981750134222	0.18408612176544406
0.19868846448056382	0.6252312630815118	0.1760802724379244
0.19253609272029168	0.6269774886267747	0.1804864186529338
0.1966825031772057	0.6279319676797699	0.17538552914302458
0.1980166075534504	0.6192315832041212	0.1827518092424285
0.1917871085297913	0.6211831737709039	0.1870297176993049
0.19954000106544856	0.6235064277698964	0.17695357116465513
0.19898149098683776	0.6196785446122088	0.18133996440095349
0.20066376538317746	0.6178616332042093	0.18147460141261335
0.19710940447349398	0.6206409011816204	0.18224969434488572
0.1919748838006282	0.6221285478448253	0.18589656835454665
0.19816161168558735	0.6219822478618534	0.17985614045255935
0.19369870890030733	0.6267370936458545	0.17956419745383834
0.19395639323196567	0.6213579846569152	0.18468562211111925
0.19674155570204468	0.6218891162400859	0.18136932805786954
0.19306423186995078	0.6210923278292098	0.18584344030083955
0.1995423551660418	0.6242242882416069	0.17623335659235143
0.19837825632176795	0.6206987169469304	0.18092302673130178
0.19736310819065953	0.6259431512707585	0.176693740538582
0.19555078842228588	0.6252030790057452	0.17924613257196897
0.19209952242423783	0.6289000091920214	0.1790004683837408
0.1994695094000277	0.6192378605406912	0.1812926300592813
0.1938239201619288	0.6157432664630994	0.19043281337497198
0.20024648656492122	0.6128130810290057	0.18694043240607322
0.19423996186218	0.6295246671455599	0.1762353709922602
0.19804623364453006	0.6190608330497831	0.182892933305687
0.1919111192025852	0.6236907771807774	0.1843981036166375
0.1986630188853266	0.6253488899189811	0.17598809119569248
0.19796923186904253	0.6226477617972026	0.1793830063337549
0.199676767707464	0.6138584411274786	0.18646479116505765
0.200099941453582	0.6178303141080485	0.18206974443836968
0.19806599710314987	0.6265723090382008	0.17536169385864941
0.19977241860588724	0.6204425749788424	0.1797850064152705
0.20026936763464206	0.6152529527592654	0.18447767960609257
0.19447777110564024	0.6227956097776688	0.1827266191166911
0.19774869165039438	0.6253216561949448	0.1769296521546609
0.1978518862721215	0.6264910082148919	0.17565710551298672
0.20004797677752947	0.6106540988263507	0.18929792439611987
0.19550334579038103	0.6182266145425316	0.1862700396670875
0.1950016726815778	0.6203926441208826	0.18460568319753975
0.19184040742309022	0.6291317331491166	0.1790278594277933
0.19968521478351894	0.6187342495843151	0.18158053563216614
0.19700246325503135	0.6192727568990526	0.18372477984591615
0.19877485458834393	0.6108228473544867	0.19040229805716954
0.19983404403348115	0.61091721663373	0.18924873933278888
0.19247185648489512	0.6218901830568057	0.1856379604582994
0.19340774205147254	0.6226384122568265	0.18395384569170103
0.20096063674856793	0.6133958825055424	0.18564348074588974
0.20070146751642035	0.6111032850151072	0.1881952474684725
0.19297761283621986	0.6237400238716044	0.18328236329217584
0.19636287417575493	0.6254543363055314	0.17818278951871377
0.1920861728596165	0.6270137782042428	0.1809000489361409
0.19524442323136845	0.623456621022203	0.18129895574642868
0.20078955627372624	0.6229636533804562	0.1762467903458177
0.2004863844143469	0.6156707972229722	0.18384281836268093
0.19639789310177497	0.6216963080976632	0.18190579880056196
0.1935665731486402	0.6209828155861217	0.18545061126523826
0.19910616531267153	0.6224079612732352	0.17848587341409344
0.19950508473763884	0.6197630328843078	0.1807318823780536
0.19901659152689993	0.6224805254506943	0.1785028830224058
0.19552100557366564	0.6251096437568873	0.17936935066944715
0.19327011306683528	0.6222123349227144	0.18451755201045034
0.1936141369918178	0.6225008539057497	0.1838850091024326
0.19846758456150118	0.6230824575250449	0.17844995791345403
0.19471610226840258	0.6164282613065097	0.18885563642508785
0.1939679495125696	0.626512631867792	0.17951941861963835
0.19520825984731185	0.6274425179318716	0.1773492222208167
0.1966706824297533	0.6154774718461415	0.18785184572410535
0.2007845421339425	0.6164772124614082	0.18273824540464945
0.19879744960485923	0.6243554806524519	0.17684706974268896
0.195803871836405	0.6286812036961017	0.17551492446749348
0.19420093280759226	0.6151534636946756	0.1906456034977323
0.20076052904829372	0.6171044783299562	0.18213499262175026
0.19527847753621472	0.6274052106347635	0.1773163118290219
0.19496135148186053	0.6155508664640013	0.18948778205413838
0.19925800444285416	0.6206532185923772	0.18008877696476883
0.19673291595109654	0.6234774229761143	0.17978966107278924
0.20074352048330815	0.616114558799401	0.18314192071729096
0.19353942926901993	0.6217264849049859	0.1847340858259943
0.19954007144320787	0.6203317652510041	0.18012816330578818
0.20024541812841518	0.6129160985448008	0.18683848332678427
0.19540020275404457	0.6285339484382689	0.17606584880768655
0.19312968873180042	0.6174186802903121	0.18945163097788756
0.19801273874615216	0.6257928660014052	0.17619439525244274
0.19604905411787915	0.6182413055718525	0.18570964031026846
0.19830039760492346	0.6245516734429513	0.1771479289521254
0.1991822425139806	0.6154222459172198	0.18539551156879963
0.19116626062906747	0.6288911522369374	0.1799425871339953
0.19235091189105252	0.6249255020363509	0.18272358607259673
0.19301679359887874	0.6288667196345807	0.17811648676654065
0.1963665419882629	0.6224831161412341	0.18115034187050316
0.19249440323861333	0.6202555684551412	0.18725002830624557
0.1923973132956026	0.627500497769513	0.18010218893488453
0.19819093327062326	0.6230962092955821	0.1787128574337947
0.19278981003464346	0.6284277619460458	0.17878242801931088
0.19191632590492064	0.6172151801170833	0.1908684939779962
0.1998849986171952	0.6152261244533599	0.184888876929445
0.19986418054232624	0.6190998710233512	0.1810359484343227
0.1974527211601075	0.6158905307310893	0.18665674810880323
0.19566059761907212	0.6243443450642501	0.179995057316678
0.19896048281051437	0.613589034386969	0.18745048280251667
0.19942743837136656	0.6200516861536232	0.18052087547501042
0.19572079510621987	0.6222672596158498	0.18201194527793033
0.20005078062342685	0.6133709643938781	0.18657825498269526
0.1975152368036122	0.6163105670366962	0.18617419615969172
0.19590071475429363	0.6187841226392934	0.18531516260641312
0.1989968594803026	0.6104295413730132	0.19057359914668426
0.1964297438496735	0.6261842004570031	0.1773860556933236
0.19827766598684882	0.611976554731996	0.18974577928115527
0.19668276980144186	0.6222244151306333	0.1810928150679249
0.20096827567213882	0.61146623842499	0.1875654859028712
0.19305649624151716	0.6267281957675293	0.18021530799095364
0.19356833322226724	0.6162951546665747	0.19013651211115812
0.193175188586023	0.6165723323422898	0.1902524790716874
0.19152316550775417	0.6212134563659668	0.18726337812627913
0.19668151204256887	0.624556761788863	0.17876172616856828
0.19946087037938043	0.6168173327200595	0.18372179690056023
0.19635135803985082	0.627321201161686	0.17632744079846335
0.1981086891834503	0.6264755691523811	0.1754157416641687
0.1954525037159151	0.6222626597133869	0.1822848365706981
0.19278655066937117	0.622107951344287	0.18510549798634196
0.2011479218136689	0.6223253531357433	0.17652672505058792
0.1987235388017403	0.6182746930371656	0.18300176816109415
0.20115238627280407	0.6180774663136559	0.18077014741354008
0.1911619910904685	0.6223855697865731	0.18645243912295847
0.20012920476575902	0.6207107975988796	0.17915999763536147
0.20003082455446108	0.624562274663716	0.17540690078182308
0.1919982309790495	0.6248976743163337	0.18310409470461692
0.1921550932711133	0.6224978304846033	0.1853470762442835
0.1925337823190844	0.6260424207332576	0.1814237969476582
0.19604319957476085	0.6227451801407544	0.18121162028448493
0.19500527624513797	0.6198839777656386	0.18511074598922342
0.1944877639194083	0.6277005325529827	0.17781170352760906
0.19990863583254484	0.6245255981838467	0.1755657659836085
0.19938634740506456	0.6220294486949101	0.17858420390002552
0.19487798649316618	0.6269058245822205	0.1782161889246135
0.19333094369203	0.6197512766489865	0.18691777965898365
0.1963411952399296	0.6231086802547603	0.18055012450531024
0.19896360175910516	0.6136942076168526	0.1873421906240424
0.19420033479785137	0.6228823239275809	0.18291734127456782
0.1954946291505452	0.6136871365614714	0.19081823428798347
0.19134241600532845	0.626157691648829	0.18249989234584274
0.19473325081315934	0.6275616602651604	0.17770508892168035
0.2004254650407058	0.610856567326427	0.1887179676328673
0.19140476824620967	0.6188474364563119	0.18974779529747857
0.1956230672785733	0.6150485704577451	0.18932836226368183
0.19222325040989377	0.6254629377155729	0.18231381187453333
0.1939772895117065	0.6281340055935086	0.17788870489478498
0.19175540432058752	0.6182929208303556	0.18995167484905695
0.1991974512065295	0.6172103339864327	0.18359221480703797
0.1969668466419793	0.6221216613584721	0.18091149199954873
0.20088863850776015	0.6113798280768794	0.18773153341536053
0.20113103005665	0.6156473522802968	0.1832216176630534
0.19231831931492588	0.6254342199842133	0.18224746070086095
0.20044686150752722	0.6204233694354122	0.17912976905706068
0.1928380471739955	0.6203637030239684	0.18679824980203627
0.2002816838004609	0.616461929331098	0.1832563868684412
0.19369080203944913	0.6285630736636199	0.1777461242969311
0.19339240954480688	0.6284701456165261	0.1781374448386671
0.19730392527832008	0.6172186732309691	0.1854774014907109
0.19361576390565582	0.6207581721067922	0.1856260639875521
0.19966639544458836	0.619665471684841	0.18066813287057076
0.19750571073159545	0.614678138152897	0.1878161511155078
0.20079344096096546	0.6120775950622375	0.18712896397679718
0.19706418884607407	0.6166761038697307	0.18625970728419533
0.1937629641453724	0.6176848088717455	0.18855222698288224
0.1953979647829096	0.6288627100925638	0.17573932512452672
0.1929559764016912	0.6287931525694008	0.17825087102890796
0.19219238554535845	0.6261553861980782	0.18165222825656346
0.19296623850227604	0.6255334411213538	0.1815003203763702
0.19479797391922724	0.6152449328249657	0.18995709325580717
0.19726979215837542	0.6178690170094822	0.18486119083214253
0.19433684722948735	0.6149866374112327	0.19067651535928015
0.20072798445989376	0.6235245683492536	0.17574744719085278
0.19617252802080462	0.6247001112965753	0.17912736068262025
0.1969801310369357	0.6180251319650178	0.18499473699804647
0.19228405808384222	0.6249834058768102	0.18273253603934764
0.19613149846629976	0.6143202817468623	0.189548219786838
0.19776230896339017	0.6174638715315399	0.18477381950507002
0.19635144428279702	0.625315282530785	0.17833327318641803
0.19370377969575647	0.6264230251938105	0.17987319511043304
0.19823633965532794	0.6217944319535005	0.1799692283911717
0.19119990414757343	0.6288798584715374	0.1799202373808893
0.19227263533217348	0.6221772200786477	0.1855501445891789
0.1945590822474338	0.6183477288015358	0.18709318895103055
0.19607658550089738	0.6264990929202541	0.1774243215788486
0.1999320123883452	0.6113509222863155	0.18871706532533944
0.19519810872076285	0.6255342072115	0.17926768406773738
0.198912477463899	0.6128104368096979	0.18827708572640317
0.19991821992385003	0.6121170912601028	0.18796468881604733
0.19490426301231706	0.6233066131518026	0.1817891238358804
0.1926033956852572	0.6253388369815682	0.1820577673331748
0.19804597439396682	0.6176826562460204	0.18427136936001293
0.1941461751378919	0.618839839645968	0.18701398521614024
0.20077458205195106	0.612036310597428	0.18718910735062105
0.19725337606084786	0.6233625663766708	0.17938405756248152
0.19205614347592218	0.6297854808499885	0.17815837567408938
0.19658460648975454	0.620990159988102	0.18242523352214363
0.19363178000302378	0.6239228703962799	0.18244534960069642
0.19922168924677358	0.6227608578741581	0.17801745287906845
0.1935604148428514	0.6194182301690689	0.1870213549880798
0.195780041900591	0.6267017144668573	0.17751824363255175
0.19819179297525402	0.6257695562031252	0.17603865082162085
0.19245343442750523	0.6240300564449393	0.18351650912755568
0.19956968196007585	0.6244617574110742	0.17596856062885002
0.19452859434539307	0.6238806509026839	0.18159075475192316
0.1931999709402954	0.6276457009269685	0.1791543281327363
0.197266937696503	0.6257888245802001	0.17694423772329707
0.1972792189799059	0.6147421765816247	0.18797860443846956
0.19850059061494904	0.6171951739783202	0.18430423540673085
0.19189607816615695	0.6199278681944445	0.1881760536393987
0.19320888247282744	0.618832170974236	0.18795894655293666
0.1977347176389262	0.6190381424225803	0.18322713993849365
0.19911760565727568	0.6183059117624659	0.18257648258025866
0.20020786069015067	0.6239688171071665	0.17582332220268296
0.19970806945710867	0.6123088082782286	0.18798312226466274
0.19859242777266212	0.6164230386255352	0.18498453360180284
0.19511892239305195	0.6155058333913828	0.18937524421556537
0.19370471987021531	0.6281013478905841	0.17819393223920063
0.1968336644221506	0.6269209983815285	0.17624533719632113
0.19590325923502092	0.6195634675536272	0.18453327321135204
0.19597261888367204	0.6233277632026964	0.18069961791363162
0.19869815108403227	0.6177904537873078	0.1835113951286601
0.19787022303720372	0.6163904097406996	0.18573936722209688
0.19467515707322372	0.6205365476453619	0.1847882952814145
0.1917002943786772	0.6272825197232017	0.1810171858981212
0.19308855079046433	0.6229251858456915	0.1839862633638443
0.1960950943620357	0.6216981927729519	0.1822067128650125
0.199256935836815	0.6152852854047266	0.18545777875845842
0.19783547429914766	0.6175049862078008	0.1846595394930517
0.19784205092145968	0.6247299203004936	0.17742802877804686
0.1924534773039738	0.6186722897586521	0.18887423293737426
0.2003236174004158	0.6122602507005231	0.18741613189906114
0.19178050277157868	0.6249972248138703	0.18322227241455114
0.19577986270396908	0.6182359628702134	0.18598417442581772
0.19747460518320106	0.6200411582189418	0.18248423659785734
0.19607684218566213	0.6248698261524792	0.17905333166185886
0.1960568893917439	0.6247524837083687	0.17919062689988752
0.1917396924581137	0.6237234034130803	0.18453690412880613
0.19984235768630873	0.613161721536023	0.18699592077766847
0.19811426955434605	0.6115351780417513	0.1903505524039028
0.19695545900783262	0.6207361683765337	0.18230837261563387
0.19429620862136535	0.6291233391085562	0.17658045227007857
0.19886134229573194	0.6200323308526268	0.1811063268516414
0.1976302052125642	0.6158755248453188	0.1864942699421171
0.191447952481195	0.6183252069198113	0.1902268405989938
0.19995945588342165	0.6180080413681082	0.18203250274847022
0.19294201507306993	0.6232048557988321	0.1838531291280981
0.19135995820538085	0.6233317895002757	0.18530825229434367
0.19159643178805624	0.6221552975120942	0.18624827069984967
0.2003562210900314	0.6186586269203984	0.18098515198957038
0.19934971890024716	0.6236235841277279	0.17702669697202505
0.19272951785652997	0.628123060401307	0.17914742174216314
0.2002529725289722	0.6141393853912354	0.18560764207979252
0.19463731906250617	0.6293978126889057	0.17596486824858826
0.19934203692036553	0.6220246837818059	0.17863327929782868
0.19639514698121197	0.6254623345531201	0.17814251846566814
0.19673354212599947	0.6194744641686384	0.18379199370536226
0.20007588777481677	0.6207007951121342	0.17922331711304923
0.19614168824255268	0.6260757752672925	0.1777825364901549
0.20079961725833217	0.622798264632922	0.176402118108746
0.19662857065861106	0.6174687309230309	0.18590269841835813
0.19440008894966332	0.6285908207099629	0.17700909034037388
0.20025993202462472	0.6238103642929014	0.1759297036824739
0.20092400915433067	0.6121711862751745	0.1869048045704949
0.1925368723232464	0.6177508612441778	0.189712266432576
0.1970309367656686	0.6182342093744553	0.18473485385987626
0.2003383778310573	0.615958943121584	0.18370267904735882
0.193805727311547	0.6153478895371313	0.19084638315132185
0.19210645574323848	0.6232025914237576	0.1846909528330041
0.19292234892993576	0.6243455150621323	0.18273213600793203
0.19473815318817944	0.6175709810027044	0.18769086580911626
0.19619994944689043	0.6150670556252167	0.18873299492789294
0.19178194070462168	0.6186243989308852	0.18959366036449327
0.19931723284786582	0.625133510586705	0.17554925656542933
0.1983933379649104	0.6230812663255751	0.17852539570951448
0.19574716447852405	0.6234263570784095	0.1808264784430666
0.19173797760401262	0.6197028373298996	0.18855918506608788
0.19257004294965407	0.6183233445201743	0.18910661253017175
0.20004345332319673	0.6140391868502573	0.18591735982654617
0.20107897392248672	0.6207617239408143	0.17815930213669912
0.19776571581230717	0.6239935087304055	0.17824077545728745
0.19597279607529106	0.6242574638534371	0.17976974007127206
0.19626796052442125	0.6256044907111658	0.1781275487644131
0.1963403450676134	0.6168056479257511	0.18685400700663568
0.20014865622055694	0.6147859087142319	0.18506543506521128
0.19520130424060828	0.6151653353241854	0.18963336043520648
0.20034356979303455	0.6133487726834825	0.18630765752348308
0.1964230320225355	0.6164020906315558	0.1871748773459088
0.19774399395979886	0.6198677370385124	0.18238826900168884
0.194351542648442	0.6230318146811837	0.1826166426703743
0.19943614526895903	0.6233394828988935	0.17722437183214756
0.19470744420762656	0.6247357550909937	0.1805568007013799
0.19737203666142564	0.6220651887803936	0.18056277455818098
0.1995019473071865	0.6155562948094631	0.1849417578833506
0.19544863495572373	0.6218173682418717	0.18273399680240462
0.19846398081131103	0.6126160412731745	0.18891997791551468
0.19757796231137614	0.6160212163497949	0.18640082133882901
0.19813899517486297	0.615583380062425	0.1862776247627122
0.1917598593611493	0.6229562195168704	0.18528392112198044
0.19622499884674932	0.6136622459892618	0.19011275516398896
0.19610125103808343	0.6220989023089565	0.18179984665296028
0.20061908453985977	0.620650610856319	0.17873030460382128
0.1932285151975603	0.6176341130248708	0.189137371777569
0.1987059962560448	0.6146697608300189	0.18662424291393645
0.19860373627983485	0.6179763497086375	0.18341991401152774
0.19889624008893306	0.6208835739601786	0.1802201859508885
0.19831680887169456	0.6193145111527789	0.18236867997552675
0.1925335413633958	0.6284164514848001	0.17905000715180433
0.19681088116756243	0.6178037674748722	0.1853853513575655
0.19219480010352294	0.6184624787146064	0.1893427211818708
0.19496442657552976	0.6196877170651127	0.18534785635935763
0.1931963972162053	0.62908993576809	0.1777136670157048
0.19338696666806177	0.620982089391696	0.18563094394024235
0.19618006394114412	0.6129468102454874	0.19087312581336857
0.19115932709299768	0.623037694233903	0.18580297867309942
0.19404477859906377	0.6162056936453516	0.18974952775558468
0.19760877003108251	0.6231719450735893	0.17921928489532835
0.19395799192012905	0.6159225139053612	0.1901194941745099
0.19167930108974549	0.6192979382292572	0.18902276068099744
0.2003329830148744	0.6168945734022522	0.18277244358287348
0.19415714933900016	0.6158524389252296	0.18999041173577044
0.19431883918325482	0.6279558742272391	0.1777252865895063
0.19961729481152116	0.6123585872632337	0.1880241179252453
0.19725394834842708	0.6248533352447503	0.17789271640682275
0.20056189403633107	0.6122907606355391	0.18714734532812993
0.19277788021972397	0.6217147221924983	0.18550739758777773
0.19863146508333523	0.6180548821724792	0.18331365274418568
0.1965092196748871	0.6206784546823765	0.18281232564273656
0.19963258109699156	0.6132949064578072	0.1870725124452014
0.19451818339359433	0.6204965586174803	0.18498525798892548
0.19817668557056986	0.6247451646686684	0.17707814976076197
0.1982022408993282	0.6135849920558664	0.18821276704480555
0.1939843321761059	0.6295342237092714	0.1764814441146229
0.2003731701180335	0.6194692885931341	0.18015754128883243
0.19216466317151587	0.6198488477965449	0.18798648903193926
0.1947345220069524	0.6255649458378806	0.17970053215516713
0.19394749964095684	0.6213157783224621	0.1847367220365812
0.19960347710427992	0.6219794214032262	0.17841710149249396
0.2011201992616809	0.6169961635474379	0.18188363719088133
0.19796108967383882	0.6264627411099682	0.17557616921619307
0.19506687313049498	0.6262698810840384	0.17866324578546677
0.194118455257188	0.616679347422005	0.18920219732080712
0.1917904277326198	0.6252604982976429	0.18294907396973753
0.19671470174493094	0.6187788722755698	0.1845064259794993
0.19570656602664338	0.6278147464401975	0.17647868753315932
0.19232703247215752	0.6214909602622338	0.18618200726560885
0.19501122508566482	0.6179648508456108	0.18702392406872445
0.19889645698210304	0.6240040602083756	0.17709948280952148
0.20043737632766953	0.6146319101196792	0.18493071355265137
0.19931049005699472	0.6209271658265967	0.17976234411640873
0.19987477712121735	0.6131317298868579	0.18699349299192475
0.19206864710017502	0.6275351886816923	0.18039616421813276
0.19693847200945935	0.6202762574527496	0.1827852705377911
0.19415742990399953	0.6181636488553917	0.18767892124060898
0.1963737665208727	0.6208788308060484	0.18274740267307893
0.1954037120916946	0.6148253322402351	0.18977095566807056
0.19149782165581072	0.6267593490066625	0.1817428293375268
0.19968179138699896	0.6165933229554474	0.18372488565755363
0.200349469902817	0.6123084741072163	0.18734205598996675
0.19791368394414335	0.6144971065417181	0.18758920951413868
0.19938265800925095	0.6146307289350791	0.18598661305567005
0.19717618533698228	0.624049008095874	0.17877480656714373
0.19214282700368301	0.6226592502660115	0.18519792273030553
0.1955163912424404	0.6162479069367061	0.18823570182085364
0.20042034691550903	0.6132872053937436	0.18629244769074743
0.1995816636371111	0.6143505747473995	0.18606776161548955
0.19136381743729408	0.6184907957492178	0.19014538681348828
0.19717762969778482	0.6241566735011578	0.17866569680105748
0.19562458127973611	0.6153438888680327	0.1890315298522312
0.19919337387625796	0.6143926687695663	0.18641395735417585
0.19668853290977018	0.623025874083188	0.18028559300704206
0.19873016084014405	0.616070420382618	0.18519941877723808
0.19481473052658405	0.6212695087296572	0.18391576074375884
