0.15973793428475977	0.18892960278007953	0.08253642932915704	0.15827859359461113	0.03505295477290117	0.08931322833523278	0.18168124836551014	0.10447000853774817
0.016208862765822493	0.25619702167068403	0.1836330997061446	0.06434879674349403	0.05227513793164329	0.07831354011836106	0.2504033738290268	0.0986201672348235
0.14317915796108738	0.10971528128760134	0.04653546040628591	0.1325391564656484	0.04663568262917034	0.09534934445746328	0.25149683674654955	0.17454908004619354
0.06843419906440223	0.08145647094406372	0.2306567576573622	0.19869797772748565	0.0674848170387004	0.10595513330281262	0.15274424179690888	0.09457040246826413
0.07375928100284204	0.046332086122422136	0.2487464685250766	0.14830582670639286	0.05407518881755122	0.0883559071718344	0.20789450458656625	0.13253073706731433
0.18343755445679624	0.08697235743326029	0.22260122755217632	0.0752837770574546	0.04045390009598125	0.06675317069467676	0.20879836926412165	0.11569964344553266
0.1255636081364679	0.18303795101178222	0.13271667707504275	0.0502549269372303	0.042798788573444935	0.08366004305127092	0.24509570570832817	0.13687229950643257
0.21516754759126386	0.08678139043178952	0.09025548470413011	0.10112961782935266	0.054341726286144115	0.08947057595418267	0.26368171768986337	0.09917193951327344
0.23264117144852203	0.08814367405568255	0.10156360648044913	0.08193763456604136	0.03954200610052962	0.08367720796460071	0.26214907159988843	0.11034562778428585
0.2206905941707673	0.12360005817855388	0.06595498342189901	0.14448883954113892	0.038981960676335956	0.09347246031544906	0.1869018091643513	0.1259092945315043
0.04967938158494273	0.15227852237549605	0.15861109287854855	0.19720409627468985	0.04452753741174581	0.06282463817351955	0.17860220072788097	0.1562725305731763
0.14228215738840966	0.16369687825748314	0.10059613794453667	0.1340640451287936	0.043008854299409593	0.07787902729084865	0.22601976828300618	0.11245313140751229
0.13028857199193686	0.1436368210697457	0.22121643375137573	0.06254038770842694	0.03525651756551136	0.05762192311787484	0.2107272917005395	0.13871205309458878
0.05058967228512225	0.07521941887999554	0.25874764873178974	0.12131003314399487	0.045021987379266465	0.09449142456164682	0.23597376547251214	0.11864604954567197
0.12646480403382188	0.0831550870764359	0.14229387073282856	0.12912579989575718	0.06472332039404709	0.07963349416601512	0.2380955150269513	0.13650810867414276
0.08979481247971319	0.22629784461720054	0.08964098962743963	0.1295506012425487	0.0572144447357219	0.0674362851664834	0.16666163348409624	0.1734033886467962
0.11310034330403235	0.18242539786598377	0.04906757711650643	0.16912426760814567	0.03432685772988328	0.05479653387369526	0.25184088610812305	0.14531813639362998
0.1976305572317901	0.15132082925825227	0.11962542958298848	0.05296820434339691	0.06547464473709658	0.07043877567431311	0.199558513775601	0.1429830453965613
0.11659660793527538	0.10919888615180295	0.08915624079636605	0.20029090784397802	0.04408028303180593	0.06177031810958711	0.24270010088636962	0.13620665524481476
0.01901966822218945	0.37152722109788894	0.10462725631935474	0.041583511408622334	0.03340776975279246	0.08432379480851009	0.18208745639044877	0.16342332200019302
0.030561104313313422	0.1248559503839587	0.29260105773287653	0.055074891811048576	0.057621613829232116	0.06379794764629163	0.2387931182971878	0.13669431598609105
0.07715767325554052	0.34188724010224025	0.06162368363113692	0.042596428132919584	0.03830898400552517	0.08830777549003171	0.21038840790491553	0.13972980747769023
0.15817676249665907	0.03660368666446015	0.1604702750448697	0.19624216487461965	0.06731092742588676	0.07651603850023192	0.20124699675670307	0.1034331482365694
0.1827350396960621	0.3528209001040713	0.05818472947570312	0.025751513115028116	0.034066917153280626	0.06673786771309867	0.14633561782684526	0.13336741491591056
0.20196612567047545	0.07194123121074755	0.1677061123833927	0.0664746534273635	0.047581347126855036	0.07757963915270794	0.19395239453895263	0.17279849648950493
0.08117451044632143	0.08125612103187796	0.2535238021364053	0.06322301269053497	0.04248873194282747	0.0889657811412268	0.22302487545294913	0.16634316515785671
0.20370841407847012	0.15153111918431236	0.12745404934212676	0.0445992175752425	0.035923135356546634	0.0743484865852263	0.20365339857584158	0.15878217930223354
0.12356829661706369	0.08028126923393585	0.2901927198319598	0.06235327455006748	0.04722575528902637	0.07086282868790539	0.15023907037008583	0.17527678541995534
0.22791208479840935	0.03264415214129532	0.1589176342641272	0.09438098296180165	0.06479088857239655	0.10534275844589347	0.22165375231904333	0.09435774649703288
0.20923339729384144	0.20716029237129582	0.050610864412494794	0.030073850908461736	0.038882284114487964	0.09935602426211325	0.2184986108114423	0.14618467582586242
0.18691242666943553	0.07540327703259625	0.09249402301338644	0.20643932618666805	0.06463329702580548	0.05875810171143826	0.18898479699898474	0.1263747513616849
0.20503727860374277	0.12562729288466848	0.12246594821014796	0.04357788303589309	0.059603522930156305	0.05445869626982483	0.2218977399822113	0.167331638083355
0.09175957246607103	0.11377056394084342	0.25324134800421383	0.07507571027313642	0.03929313141902402	0.08564844205904572	0.1729845290420552	0.16822670279561014
0.19571898689748507	0.06811854566230026	0.13001742084762233	0.04071971170870946	0.05372508748021616	0.08259161608320585	0.2633743905135161	0.16573424080694454
0.15630907904369756	0.11615460124416824	0.2429039862737761	0.05779145578342264	0.04302065855592305	0.06964062211732712	0.18399151444272221	0.13018808253896283
0.14063406435379805	0.08589707805040848	0.14329151921483502	0.14227260408360318	0.03897854305019324	0.09807568986120899	0.17481685442859468	0.17603364695735813
0.1233967312099401	0.1055099730357108	0.11183169456114912	0.20054660982353495	0.04655459137515962	0.06594468625986308	0.25271175019794734	0.09350396353669471
0.020359923453633078	0.18484571300072455	0.28682719312837057	0.025111788871338386	0.051036813829221594	0.09400590227930952	0.16291741322420067	0.1748952522132014
0.04092262534423283	0.12803522613229895	0.07830715186297327	0.27639274097936184	0.05889096819358623	0.09998200604114343	0.16183769529629186	0.15563158615011138
0.16806209187880636	0.15578891423799296	0.1921697906769609	0.06844563590707564	0.06788573150369819	0.09105945311602072	0.1525760839907035	0.1040122986887415
0.08775356184220427	0.23769371077262702	0.05126015414699081	0.09337295450058175	0.04965146375554477	0.07211954280491498	0.26904488410868854	0.13910372806844765
0.16002881910454636	0.12555344400296178	0.16399286677563044	0.05407721900701308	0.05968355545101313	0.08572004766955281	0.25243926939953876	0.09850477858974342
0.07946179624876318	0.13432779419348168	0.10148435061856295	0.23844754510062394	0.04671352410667651	0.06874802948125405	0.19072801805321496	0.14008894219742252
0.2031524585573077	0.15015337296118486	0.1215166516053286	0.026971516859033318	0.062209620183701575	0.08006083853531884	0.19037382736105402	0.16556171393707084
0.18661732730854813	0.3090061188030624	0.045168359709907846	0.03393570749074354	0.05698725265498604	0.0602774408835077	0.21096699645318945	0.0970407966960546
0.09652669560806906	0.22766201374548128	0.1791390537258883	0.03453343394207874	0.03376125264668546	0.09500694674277663	0.21200416170475225	0.12136644188426803
0.09211575562036983	0.08801438276176124	0.18309638590948624	0.17527818032846695	0.039461476100128914	0.07480281350732121	0.24613231475585295	0.10109869101661242
0.059708173108416876	0.2828638640374823	0.10557735361415761	0.06688271630260288	0.0493365244034496	0.10373158293357111	0.16428209429046048	0.16761769130985893
0.054466274057872716	0.11073027170378305	0.09847911527592722	0.287950141891253	0.06599966159031309	0.06504838426597992	0.2098268029757735	0.10749934823909739
0.22710978095356824	0.21071044487198365	0.08059882351028924	0.08376619986790484	0.036906964151713365	0.06037305420035867	0.20627498197017158	0.09425975047401017
0.20390380379838613	0.09539483840944263	0.08585266571082972	0.07127715953396122	0.052363907186265074	0.06739488069778096	0.278156856629698	0.145655888033636
0.1301390402079373	0.055045202360692796	0.1621144811679364	0.12258571321477653	0.06488716855642643	0.1024206584250619	0.2001009091692118	0.16270682689795665
0.13240830970292444	0.08159171582157124	0.10524380224482939	0.26013942237131554	0.049906968712741584	0.0554863219619213	0.21312681399174505	0.10209664519295122
0.06319939360246082	0.19712304349037046	0.10102206102101403	0.13733768044345102	0.049102870802008425	0.07624996373936745	0.22159278741094646	0.1543721994903811
0.06546804859851021	0.2821723514666896	0.11108536027804358	0.03947148519681133	0.051378662602194286	0.09757868741282019	0.26037593732787156	0.0924694671170589
0.04220617132789259	0.20352675824456645	0.05855441401990802	0.16440346781067924	0.04437270775894818	0.10188207036419714	0.26420943133417907	0.12084497913962909
0.1984866252915293	0.1623661180224854	0.13710727139818418	0.037332965021564704	0.054228831524692794	0.06191937677190282	0.20418597208896713	0.1443728398806734
0.22657178654743376	0.13331701339604002	0.11392176407913264	0.08422035704321579	0.05131477371519806	0.07796436225315631	0.17795269623107576	0.13473724673474738
0.06958768194095556	0.1756300345541063	0.05253933976014433	0.21808918832206353	0.06106909610326565	0.10578435716871347	0.15969054858921147	0.15760975356153947
0.09915791116032165	0.12266356769018696	0.29703158939576924	0.05013731619440816	0.06018966930123315	0.06008346414577444	0.21014269963154403	0.10059378248076217
0.11153511814642322	0.28926748923823775	0.07465300891586955	0.030811968968508935	0.03641425314797257	0.07988905115202842	0.2111465706208537	0.16628253981010555
0.0447072719092325	0.301965805356197	0.092248245079897	0.13941401272501888	0.06256223304902148	0.07387893806001808	0.17054862093777962	0.11467487288283526
0.05381741720986716	0.1553235106897441	0.2712364462506689	0.10819232585508895	0.05017730018408162	0.10840052821035302	0.15257458613750777	0.10027788546268829
0.1395200148559594	0.16971330688580183	0.1139062634112929	0.15190859799150222	0.04973630877733587	0.07440293396205579	0.17876580660883745	0.12204676750721433
0.19291233428032212	0.08273531669734643	0.1325700057911465	0.09975605369662136	0.058983087677546564	0.06704474010502602	0.2709105559592597	0.09508790579273108
0.07708708652628429	0.1414406426258831	0.04345082814873347	0.19867396255127207	0.04584185173063825	0.10459649609363952	0.2559661501817831	0.13294298214176598
0.10682631506840136	0.16076288792391802	0.11423036902095572	0.08354710445139027	0.050947699271763416	0.07961817472029938	0.2355996865502311	0.16846776299304053
0.060972349825066774	0.15240140531099336	0.1418569095285117	0.2759117248903856	0.033512524758162826	0.0750862496950198	0.1638925208880506	0.09636631510380911
0.16548946948738955	0.06565971322481359	0.07675770878290172	0.29956965879293196	0.04574024479268231	0.060277683203117716	0.17644267023957086	0.11006285147659206
0.17226796375526532	0.12302735045969965	0.07506293026442983	0.17528424314461588	0.06157992168112457	0.07438721676155959	0.159586428405604	0.15880394552770094
0.09030597567087387	0.15015770303061654	0.19882020874198686	0.041689706497039306	0.06527785506381671	0.06305566701800704	0.2293210302458657	0.16137185373179377
0.0361646569407377	0.1674882753324827	0.16766825864946117	0.0636585835570671	0.05077896573972414	0.0735040819054166	0.27262896830536343	0.16810820956974692
0.14552085055638878	0.16138068057104415	0.08331093305314025	0.03262959998538581	0.05948842822715264	0.0790357205986172	0.26122512057375596	0.17740866643451497
0.16629042863024782	0.17626345876400434	0.04903121991274095	0.1294459482449982	0.06257869625448405	0.05809289299376923	0.23155589225685252	0.12674146294290264
0.07512138440275859	0.26193070714705685	0.08269243885080461	0.06242264896055698	0.041370665371930765	0.0989998960462168	0.20402939294393485	0.17343286627674037
0.11638890516794262	0.0884911816831231	0.2241795966999458	0.17128142402680396	0.0411001767219908	0.10108670384669835	0.1493406139346527	0.10813139791884242
0.05371519107630533	0.3455193974053664	0.05537211559172281	0.05298873673147875	0.040174417879828186	0.10640383635530765	0.17879749183085647	0.1670288131291342
0.08037546083375435	0.0983834259391012	0.1332067168280572	0.24840893221462604	0.04751533409942592	0.10363835766479879	0.1949210409634023	0.093550731456834
0.039241631311679445	0.09981716793903875	0.13754906246139623	0.2111913164100574	0.06050208767931614	0.0795438987053414	0.26391678182532063	0.10823805366784978
0.22031391208701478	0.11245841045319166	0.048521047555845756	0.05994307078533209	0.04546384411588797	0.1051468763273962	0.23873252980029266	0.1694203088750386
0.024667807954479093	0.2693710787593325	0.05269380230340312	0.1844514917638294	0.060278445145053705	0.07922291965470785	0.1952924853265623	0.1340219690926318
0.08313919961209978	0.20442578353624602	0.05059630293869162	0.16489622722845468	0.056316295492844184	0.10145853679765512	0.216552257289653	0.12261539710435539
0.1369044708153233	0.05432431270521457	0.18929415691316137	0.09182551412369776	0.06625614201512303	0.08302189080724426	0.2403887351726094	0.13798477744762605
0.14011236103931254	0.08199515269181301	0.14275171147719976	0.06550270833974442	0.04909707367442949	0.10679364418538664	0.2765583389885954	0.13718900960351854
0.14482449341140574	0.1452862579576033	0.1127756798431479	0.09728577395753048	0.05171872181374122	0.07800212402985601	0.2213242531134539	0.1487826958732612
0.15428286406826244	0.22610225372690151	0.09305874096051764	0.030657228784666785	0.045202307267824995	0.05442980394229485	0.23363311566496048	0.16263368558457103
0.13961278793039603	0.35781379931124707	0.054301814922607286	0.0476101809296401	0.04745553012685268	0.06424157596099682	0.17259355342074453	0.11637075739751528
0.09824612463721215	0.17148908156330783	0.2064592095248085	0.05902360206358864	0.0389756154084025	0.05901696808920255	0.20574211946122345	0.16104727925225415
0.2297278278636335	0.26683632515565575	0.06011282231754579	0.040675616001761936	0.03639683023795372	0.07229523568027449	0.18771022947837562	0.10624511326479895
0.17482683825637432	0.09289580372578415	0.23528247637453348	0.025756015426518272	0.038353794260171784	0.1044466224560438	0.21216194542065092	0.11627650407992302
0.09357282564887714	0.1602633511598992	0.10018175176996427	0.12280857105730532	0.056452967977548896	0.06806221319942828	0.26212687875916973	0.13653144042780696
0.15039853511138118	0.06445084967879043	0.22782667717333216	0.10492815654555104	0.03994853245705528	0.09996004462299171	0.1599243476952871	0.1525628567156109
0.062463535043087964	0.18002384678084088	0.15820649659404504	0.1392306655430975	0.03859144148252194	0.09122815051359459	0.18062974695749462	0.14962611708531726
0.038045754508944596	0.13044814216194825	0.18416838725257378	0.07739010833975227	0.04177548917943835	0.07922030850933448	0.28616628461377314	0.16278552543423497
0.02817189080061891	0.15112006497578653	0.16317376853633872	0.17508194705334906	0.05246550236645034	0.07403237509702917	0.24320245819211128	0.11275199297831574
0.038039912761537786	0.20768741200845636	0.19124279257821514	0.09969420074430779	0.05919257984571738	0.10394272099846617	0.17730982983166713	0.12289055123163209
0.11276296906307903	0.1480178568543022	0.14791744118025213	0.1317224545578957	0.04467259694548058	0.09102426419839063	0.18738954978944672	0.13649286741115277
0.14170426650872175	0.11611877221583243	0.10298004911248929	0.17391982241120793	0.039481313055257594	0.08207885044858025	0.21468821562420612	0.1290287106237044
0.04512891827351036	0.20574626675437274	0.24783918784697895	0.07717230717244344	0.03499909549414722	0.07410745692834811	0.17726524015948375	0.1377415273707152
0.0963468244494057	0.0762444663014773	0.19865202450219316	0.2353209495733711	0.06656649941574266	0.07351750441917278	0.15807993575467122	0.09527179558396587
0.1214056200825275	0.1273434033569168	0.17949955348137359	0.18030269513164288	0.04739150600524479	0.05588516516710776	0.1732069409286126	0.11496511584657386
0.061027916537064214	0.0721292134962688	0.3027588824307196	0.03130379727997583	0.04008793736025286	0.09465170908232953	0.26516897855957444	0.13287156525381447
0.16557352267961858	0.1178671478022599	0.1608057445677112	0.07926532254888588	0.057721269392310065	0.10468392064532027	0.20104425568794257	0.11303881667595125
0.181431330261706	0.07108632011018146	0.09387164097291051	0.031112869260011444	0.057387340874439446	0.10553444963891434	0.2905982853227701	0.16897776355906644
0.1410162895470673	0.0833654220597489	0.12655600979907683	0.15052783741888404	0.05064460805161368	0.06438792703006513	0.21421402514151117	0.1692878809520328
0.12079905374876532	0.15394802554797152	0.18593784440051242	0.08530369478547448	0.06195274938624404	0.08431275137504197	0.2011269121284555	0.10661896862753453
0.0593735478284763	0.2005799030703499	0.1301124343563808	0.08123645956870401	0.03923784252441623	0.09450357986676372	0.2469410674623086	0.14801516532260026
0.07534549967436248	0.07643033663968092	0.22925319493527296	0.16199137799633628	0.03919649893266021	0.06356929238419806	0.21061645395364803	0.14359734548384084
0.1823340266359951	0.14402501147480123	0.1937307627167886	0.05346595553704779	0.05421837305171061	0.09391271686882967	0.17153535233259554	0.10677780138223118
0.1424720977009745	0.1725529638587415	0.141323922635729	0.0786266313110336	0.047532986383611794	0.07155752088715985	0.21670029185760922	0.12923358536514035
0.04125668745788978	0.2751077586567225	0.09229367768048476	0.08902665854565557	0.05069722648991169	0.05538548679809745	0.26539483247615137	0.1308376718950867
0.10826702811278403	0.31419118864840834	0.09869944640653139	0.06321790915011363	0.06079586347263988	0.06470193727361012	0.19716388245578237	0.09296274448013002
0.039161742917123224	0.12824518761031795	0.2462144072073137	0.12361904695918276	0.06517271621623116	0.08003168527931417	0.22552795303171347	0.0920272607788034
0.059535724002831025	0.1478687451417407	0.24919872365511683	0.0916396457951609	0.04137159250823441	0.10740043675316241	0.1687643176937022	0.1342208144500513
0.19377821158266367	0.08466635149810733	0.15466833105639752	0.08298579883354303	0.05462467090335375	0.09749874484981676	0.21046102222262214	0.12131686905349554
0.04955915310800722	0.3332081746253356	0.11984815410979177	0.11052839675044852	0.03574085191059427	0.07489421421277435	0.17183497381111168	0.10438608147193638
0.02237824686744136	0.23387955509332187	0.04753048129944379	0.22797880891506195	0.06754203607886183	0.10346131087072502	0.14965442630602285	0.1475751345691211
0.02396372795593349	0.1255206046544068	0.26642690958564846	0.13680991728261677	0.064988312999088	0.09843504073642395	0.17718873355515014	0.10666675323073221
0.04032871219763902	0.15596606474798663	0.07970143467618004	0.29237201346152264	0.04752663194299782	0.08150003184683383	0.21051454109307036	0.09209057003376947
0.13284861883588525	0.06407617208195482	0.2732043277840601	0.05319904244820213	0.0479641509592211	0.10718777079883508	0.17712367792520575	0.14439623916663546
0.10029414641832887	0.029904272906009832	0.22558067113666877	0.12280439698587536	0.05366968582417564	0.08859044160191157	0.2815116448620052	0.09764474026502454
0.21725728727171809	0.09175764299156074	0.16567883832096073	0.11515480864439691	0.043172503304782686	0.06206201646022906	0.14717376007464186	0.15774314293170966
0.023207884787251873	0.24134807639025885	0.1298793941699569	0.026299373081941177	0.06001316974304015	0.08859405379697452	0.2795714234790132	0.15108662455156316
0.21834101382469723	0.036151047712888476	0.04492964496501292	0.24290241255339695	0.05054575205824753	0.08857047678875661	0.18818369157754128	0.13037596051945877
0.0907305442211485	0.18396747197534472	0.08756148566931671	0.10412373715554521	0.03629080732121587	0.06899594579638973	0.2578999069281447	0.1704301009328943
0.040338303791887534	0.06467875187677788	0.17147739666207173	0.2569056390836718	0.06433749988309613	0.06777984827824801	0.18712031724811512	0.1473622431761316
0.0718880196626967	0.14916504564806402	0.17806186694204776	0.054664815934298214	0.05654500386161776	0.0882058186093562	0.22450053519651647	0.17696889414540262
0.04108703103064984	0.2948402494917937	0.22953612755312436	0.032193195525117846	0.056648667322021576	0.08463780931624537	0.15758956388389572	0.10346735587715139
0.0930592738248828	0.09724317806259453	0.23348226910689784	0.11677522555141326	0.03671371612212794	0.0850483347567097	0.22763227401680525	0.11004572855856842
0.11130425710846711	0.1797047960800199	0.045091457598846835	0.08815140186463205	0.059656364917582624	0.09533517773267391	0.26522378044007733	0.15553276425769993
0.10742856102806846	0.2349231769804871	0.06058504034743427	0.12998761363468114	0.033778533231753435	0.05642284281496818	0.21017971152134646	0.16669452044126082
0.17145725126905825	0.17277433351204186	0.07148394678522568	0.15892459946318194	0.06738477132901108	0.08456308429067186	0.1562726622467821	0.11713935110402707
0.08234826465434247	0.058266966698507214	0.13140712829511406	0.22457856779999325	0.051768622266068695	0.08094364258413538	0.23335225264935738	0.13733455505248132
0.050593945040888794	0.08051222281317108	0.2991805340275643	0.10650085819795302	0.054737200912864895	0.0645462014128944	0.16696672428124906	0.17696231331341428
0.08037126998170745	0.12360887663617062	0.27371754076260146	0.08177966227593794	0.034565620114437506	0.08428135041162203	0.1546516305879901	0.1670240492295327
0.13027215344711104	0.07215007334239745	0.2548457938886414	0.14430565452066446	0.045095744104235974	0.08560349249184349	0.16966112425995195	0.09806596394515402
0.11925915093518828	0.10193468735237603	0.07333802362200309	0.26308853944657645	0.0435980926703531	0.08670915660336576	0.15847219970213147	0.1536001496680056
0.17018498744943997	0.19375388197095908	0.15943974055450333	0.08932917484297423	0.0559523280977553	0.07361136773216576	0.15524149781391242	0.1024870215382897
0.11973591575139217	0.1490988700354666	0.23523220139923445	0.047517761772794986	0.05113208010667168	0.06354492581298125	0.23697844401218426	0.09675980110927433
0.12350394564361689	0.14782333632427552	0.18748332262247075	0.03074433073790339	0.03559145427340803	0.08136625450889971	0.27150881680386885	0.12197853908555664
0.12505423689137624	0.23866808932878295	0.12008205676618806	0.05073281188809023	0.041962537305755276	0.0619330713380124	0.2672101125034033	0.09435708397839125
0.05588060262526305	0.18853281790341836	0.1150728211180461	0.22370165317809626	0.03912278524257372	0.102402462755763	0.1769811353718625	0.09830572180497679
0.2334195630728248	0.05120236481276125	0.05546760560725095	0.28415118496810043	0.037299445066170486	0.05896859952684712	0.15868007711026721	0.12081115983577755
0.07749594795791673	0.12225439746921787	0.20195090619474443	0.1565504303940699	0.03668246951289822	0.07812525529496447	0.22068250117239763	0.10625809200379055
0.12806081977024739	0.18411293829098038	0.07218578521741206	0.11825569755880394	0.045604644089854346	0.09363388352954989	0.26184775640874414	0.0962984751344076
0.09748561270679089	0.34267481730297933	0.045047254516137836	0.035675000916006006	0.0400748123728748	0.05512822261214602	0.23138212297760488	0.15253215659546007
0.22562236614856118	0.15970989350892104	0.0425610025848618	0.23111490835216164	0.035446056858598904	0.05576857189236073	0.15485423502044737	0.09492296563408709
0.04585406772646139	0.21398739664351846	0.09194050211516017	0.18229007640469205	0.03491086813406376	0.05590714114018991	0.2147837561195698	0.16032619171634424
0.08754307445250611	0.08575846732151077	0.06121512985914049	0.26875336190751864	0.042739014990396146	0.08403682699285615	0.2411628757713283	0.12879124870474323
0.1461000806716413	0.12562251217382073	0.0822787837507796	0.22261891759510058	0.04179854090617799	0.09406199883477077	0.1631169997090022	0.12440216635870664
0.1468189804842958	0.18355243325706433	0.05786524165394101	0.0904421638739496	0.0538337581200732	0.06002375062327102	0.2661928033793232	0.14127086860808158
0.06791161167795558	0.07022950215184155	0.2044247027561758	0.16424621675257203	0.04298925374281311	0.06975786313219584	0.25277802337928457	0.12766282640716134
0.16292273986407402	0.15008625321359736	0.12899106718810713	0.0417458935530267	0.04481209046093769	0.09363296996908557	0.23356583273984777	0.14424315301132348
0.19182506051863463	0.20292878324496144	0.05419759498741529	0.06407445155507432	0.04011003925403242	0.07731468391231253	0.2401450965395281	0.129404289988041
0.09588231753965601	0.11959228219242404	0.1552137706066351	0.1704110270477994	0.039941506253170195	0.06019029286945911	0.1848461498645282	0.17392265362632775
0.07139747250352285	0.22018908728194844	0.15743719925129296	0.06907682759983116	0.0680325120709015	0.07167457894234541	0.16782459592876128	0.17436772642139614
0.2129464935038324	0.04042756302220636	0.1856446890906425	0.11447318160113999	0.04829706832081432	0.08498874231626584	0.2183139121991472	0.09490834994595115
0.19375304792322864	0.0730755913784099	0.14871215060896859	0.19398659918723407	0.055455714706826406	0.05629332526938563	0.16710629610398398	0.1116172748219625
0.19795697550338118	0.23602532016949845	0.06216559596093539	0.041248791558247316	0.046973597822496535	0.10330844553069662	0.167676016793522	0.14464525666122222
0.08868815703177281	0.11163360361443125	0.13985173866484854	0.123049368851203	0.05735341524904758	0.0788817807553745	0.2617193176512803	0.1388226181820418
0.02815726108942511	0.1669995068190808	0.2661679034668125	0.060034158501508283	0.04080381376371141	0.09282223521129915	0.1936583406020393	0.15135678054612328
0.046810784797504834	0.301144706024165	0.11938320273090837	0.13711037698973177	0.050545904282991105	0.05894782039094461	0.1756276847759894	0.11042952000776472
0.01719458928666627	0.15255566627174	0.16773653191884397	0.1025523813041625	0.035412750132993775	0.10419127759862573	0.2525585286683447	0.16779827481862286
0.0690254672464915	0.10403298387996286	0.27239611564633925	0.04764324561268267	0.03737608667379007	0.08255499705553015	0.24285533258070768	0.1441157713044956
0.09845633681960315	0.17892070065588278	0.05739546219963332	0.2078780155557758	0.06456666200586969	0.07661373674732266	0.14735942549030356	0.16880966052560875
0.10908120996435307	0.08246293808516553	0.181803251765389	0.24014734365375245	0.052232870791965105	0.05919209053553072	0.16797136834512166	0.10710892685872228
0.03654205491216142	0.24325702333502247	0.10052876813288664	0.044365514662722524	0.03991506702379827	0.09217554664485479	0.2793552632318298	0.1638607620567239
0.025381764747075403	0.0739318478809019	0.07339986241553015	0.28289818609427597	0.03835676330719465	0.10264355692870253	0.2895252696552544	0.11386274897106485
0.2236162340052094	0.11147264816072479	0.13642835123048064	0.04201187273720289	0.050082548384745504	0.08186737787339772	0.2527221306460255	0.10179883696221331
0.05966184924475182	0.16383954943192536	0.19418393997939845	0.22840669634580738	0.04148639079640186	0.06182749296553043	0.15030427685735356	0.10028980437883095
0.09872200486492039	0.043712936665385296	0.16356419762858457	0.15928635718987544	0.05954365109521245	0.09273350975396125	0.28877687507898436	0.09366046772307601
0.112295273991015	0.19338177486076852	0.053811434144626524	0.10432620518758215	0.0628192575637512	0.0842949919717304	0.21193346646041458	0.17713759582011138
0.20528022528554796	0.1264994410244552	0.08684761062828017	0.10835464984913712	0.06018021014934487	0.07516806270880638	0.20600237343153943	0.1316674269228886
0.20583429406553416	0.16566307690467102	0.05181086071745883	0.049400052485393975	0.06511797667834654	0.07620641270876115	0.23308591433151238	0.15288141210832165
0.11220660583265736	0.11083037812511091	0.1675740615787322	0.17461730342659937	0.04440334685580691	0.10026637103999356	0.192986255558813	0.09711567758228651
0.1488731092158585	0.05375378610485293	0.13394140422597522	0.21664851137276617	0.04317080515381952	0.07758623782601987	0.20444667212130652	0.12157947397940104
0.22524859879780146	0.033340237038642556	0.28141135692868496	0.05662889571586313	0.05182800660797661	0.05656764518075198	0.20128532810664182	0.09368993162363727
0.04907685998699911	0.1566652659984798	0.1832072563566025	0.15829544061150752	0.04234311072284659	0.05808953439287508	0.2166248416399427	0.13569769029074646
0.0871130230732853	0.22333518864068735	0.18058127745283334	0.040449953065880964	0.05405027617728193	0.07195347414198622	0.22827090122808458	0.11424590621996016
0.1143607264256589	0.13425383669767152	0.05646802153882298	0.14728686100322458	0.06245730219153911	0.09891710399492448	0.23140757706317186	0.15484857108498637
0.18661941845650618	0.0905457167954052	0.19371344248957229	0.08595313384292058	0.042475721669977456	0.08767748321190905	0.20981590086506063	0.10319918266864839
0.1534146095813485	0.12575189248074528	0.10680581912316951	0.20936453466371785	0.03407005106168513	0.08521520064523541	0.1563026038618364	0.1290752885822616
0.14500255595415193	0.08880024235368415	0.15342010982747833	0.18704347469566301	0.06528182649326472	0.07933004009514626	0.16428115966732665	0.11684059091328472
0.10521020111674276	0.07066298433582219	0.07538188453378013	0.294049669497854	0.0394663791042089	0.10089628897056611	0.19793504058229153	0.11639755185873418
0.20427022700984332	0.10933363749838476	0.07171862577808086	0.23885268619629418	0.04992199117096725	0.060258902578528575	0.1607085636701688	0.10493536609773194
0.1407254510123635	0.18824433509737598	0.055362628113257345	0.03923449306881316	0.033398001854309745	0.10439561585010707	0.2633280500838108	0.17531142491996216
0.22630113551590675	0.05069603490261708	0.09090130092030388	0.2229482303378465	0.0476804119301967	0.06821264718708857	0.18107030348963343	0.11218993571640676
0.04853036097571989	0.13011191114680032	0.09356937606088625	0.20801870097679026	0.061045180892658646	0.08332102209241887	0.24141473393642915	0.13398871391829642
0.022682296564978457	0.0995349055233569	0.15318185171813917	0.20299371408567868	0.04619285893426109	0.10261572749949702	0.19241205881465095	0.18038658685943754
0.0799745155088419	0.07766701479131546	0.2119081826723277	0.10369691129307358	0.05925274116794055	0.10410096670114534	0.19497214451790734	0.16842752334744793
0.04516663496194931	0.1275498955878687	0.23680141579182662	0.1260514537683086	0.03804503468571015	0.07507969959610886	0.1845525720142433	0.16675329359398433
0.09654736803608006	0.2252474664662987	0.24921517893446207	0.03953336711489987	0.06363818555507311	0.05695490633462123	0.14681997485366066	0.12204355270490407
0.05423968684534308	0.04871971238932167	0.05344573734997682	0.28535924325919587	0.06148563333690672	0.08197366033190313	0.23812433597687108	0.17665199051048142
0.09266158373867478	0.32450754618746014	0.07621270487404284	0.059818394325665006	0.06725233997592586	0.08927530994249623	0.14638475865071487	0.14388736230502006
0.10981590691448137	0.13517828086378736	0.2130494978921778	0.09620798584243465	0.0659157964959439	0.10223078150131504	0.16364065191776164	0.11396109857209799
0.04451519558581199	0.11699319481310379	0.2386425644987979	0.12085678854967828	0.03877063973342694	0.07253247113000923	0.2299790422321779	0.13771010345699375
0.10457618970768415	0.05606343163949207	0.05947292610003804	0.2995968311682752	0.05519391835117557	0.07135908631736039	0.22384359400749307	0.12989402270848135
0.20470888227569162	0.16243090423329146	0.079739147377834	0.0499673307194691	0.05720946889170543	0.07763251988370087	0.26131332214706826	0.10699842447123903
0.07956981186228251	0.2985387651906726	0.08315291866530786	0.10410634849862417	0.03590319217981748	0.07698967525960224	0.191936263176369	0.12980302516732398
0.22397408577334657	0.20006607312778082	0.04653843638062927	0.09688407051110381	0.051314070651640856	0.0873929408823324	0.20204813401301122	0.09178218866015475
0.08641052801709131	0.1902720186002971	0.113848387268584	0.2277128409328691	0.047137644055168196	0.05605246738612206	0.15061872128160303	0.12794739245826497
0.10644447101962956	0.18902985124689664	0.13667769070228183	0.18586439713514996	0.05055504770723432	0.061938912544850955	0.1756609747764642	0.0938286548674923
0.11714611454552219	0.11389935242911266	0.20362020229082306	0.04991276924825759	0.05837498539059369	0.07781920963240199	0.2721252115212195	0.10710215494206912
0.11087211558008618	0.04903752978106317	0.16911296818970628	0.20292248161313348	0.043614417085009974	0.0834358842260807	0.1701569439853625	0.1708476595395575
0.10583287594067547	0.18303237691153865	0.28782679630026065	0.0430637379380185	0.05183300836248288	0.06691446030856543	0.1540455914594228	0.10745115277903539
0.15140251022072196	0.1459253176603629	0.1069918295944619	0.16684153468156154	0.045788030861180495	0.09272045638009802	0.17471188778277094	0.11561843281884199
0.16236072408333385	0.06542480122610639	0.1622333053506118	0.14577931886596796	0.05493386461682975	0.06898218482397632	0.19857960458306675	0.14170619645010696
0.13570323701965945	0.19484776791679298	0.1905736821620046	0.07998252936074997	0.03897238209236292	0.06365447854249104	0.1526822565633041	0.1435836663426347
0.03053657438201704	0.21724189100033386	0.10495172741451063	0.09074311004540851	0.0598470041727653	0.0739707342448476	0.26098599311508963	0.16172296562502725
0.14526081691932846	0.21797507239443115	0.18279963410265504	0.04392893920604944	0.04022090446340061	0.08608171061167744	0.16310649297519902	0.1206264293272586
0.07541309826608605	0.20615836297817552	0.25503399472561505	0.036475999468777554	0.05599778262132914	0.0561372406909697	0.17279085650605874	0.141992664742988
0.018228638570730052	0.07520945977805875	0.27085491723499044	0.12330121360186864	0.04569235706001282	0.06393380071824917	0.2542799830078839	0.14849963002820596
0.13934190697503826	0.28586799449975475	0.10552231587324108	0.028835997446018627	0.03624213481884775	0.08860619438210461	0.19748564100453114	0.11809781500046354
0.02445667332505838	0.2654332921116954	0.08543659616032402	0.09428867893630197	0.05007444962172419	0.10076692735260438	0.2748983960652709	0.10464498642702054
0.13521002998760512	0.1285711599405672	0.13108335639705923	0.18535966714008906	0.06409800375840052	0.060867939029481996	0.1970085001744562	0.09780134357234047
0.045640643600162734	0.25319207974625746	0.11425104360191536	0.10845709715767567	0.035874314480649	0.07465253064562824	0.22898336085039905	0.13894892991731236
0.14475484917666173	0.2444763134074724	0.0722290904076098	0.06257660159451595	0.05307313817830593	0.1046635970377278	0.199531249271802	0.11869516092590418
0.11867708184998703	0.27306957492810985	0.0487068778194225	0.1589703300165149	0.058834098130899404	0.054598036877681416	0.18264033062038254	0.1045036697570022
0.04690620965160293	0.249911842873354	0.1281429531041268	0.1598755077241376	0.04061057771856805	0.0874854756942074	0.19197709588128206	0.09509033735272103
0.03368450034445086	0.14278572750954127	0.13535777363068305	0.2589543382066627	0.05377994932645097	0.05479270425652158	0.18557327774608226	0.1350717289796071
0.07911692203604505	0.0979690381468344	0.19075866318947493	0.19426746619718765	0.0343432751987755	0.07168731921383398	0.18057361789672963	0.15128369812111864
0.2298814552697236	0.11512166471469414	0.16222053802047742	0.05129861676178692	0.052928862959808975	0.08162316935279694	0.20749709868949862	0.0994285942312132
0.04292043817008363	0.20572456228701186	0.14344175149299895	0.18878897289520832	0.06410134161569356	0.0630333095984394	0.17878288573972523	0.11320673820083882
0.18714918341284797	0.06900709390706097	0.08145732716670591	0.141940872740726	0.057666526263921006	0.08389562365947348	0.20909306348187912	0.16979030936738532
0.06490546312308482	0.2600347559841687	0.0423159803884519	0.21272197402328025	0.041772188771787955	0.09917660860134297	0.15337045979736763	0.1257025693105156
0.035856301950123445	0.2099990796954648	0.2516020993701388	0.10904444047065634	0.05874573077567863	0.06823286006606105	0.1561552261084556	0.1103642615634211
0.10832486482653009	0.22466480191316024	0.13993954686292417	0.06048958469426685	0.03627819139431049	0.08091844323712671	0.17420154730012216	0.17518301977155906
0.11491298311134657	0.11414506847088673	0.14780832487020495	0.12868140948385132	0.05819325671578682	0.0866888501885653	0.18220094724738284	0.16736915991197526
0.17290999760570447	0.17444457539804314	0.08468724699380728	0.06830254577216299	0.06432421061096928	0.09019714382996481	0.17220437899571361	0.17292990079363424
0.14498145397391357	0.06553381806816619	0.22561605904840307	0.0659748685773083	0.040307606818880515	0.06428549512908457	0.25093643265248944	0.14236426573175412
0.15329404929097085	0.19119828331969163	0.10441720891136291	0.1449896739639812	0.05038628182058502	0.061283454403077	0.19083321812220516	0.10359783016812601
0.05447466448245317	0.22974823474248102	0.21899186954522354	0.07496507942798229	0.05159261821639867	0.06963040885730407	0.16689724065503292	0.13369988407312408
0.1525620694993959	0.06631091643916857	0.19112578867638352	0.09266889738036074	0.06495706073817042	0.06790240592251877	0.18859879110964645	0.17587407023435542
0.16586881366372364	0.1284778811581188	0.22696965632996685	0.03398322435461462	0.05196109818189866	0.05460478980124649	0.19707469219717905	0.1410598443132517
0.09110522787330677	0.22620198240423336	0.12852006680042302	0.1336525054683747	0.041205315021839606	0.08816663339397765	0.1800665219600221	0.11108174707782263
0.04551275704000819	0.26960130061650855	0.061857878862190616	0.20550824161975478	0.05967107123054234	0.06250313756003682	0.14998478734270007	0.14536082572825842
0.15495371683490766	0.06542298608708946	0.19996378718303862	0.06969715564551908	0.040075551895701444	0.07808603245322536	0.2733043992884617	0.11849637061205644
0.06563598125793263	0.15902950735805707	0.28829306048353004	0.0683317795156481	0.04626154364977089	0.08130086468547779	0.18307085602163362	0.10807640702794968
0.11803664505077459	0.09300304464938874	0.15707865861104975	0.1261247614644714	0.04709689847551461	0.09573664048287772	0.20592654643713518	0.1569968048287878
0.09761650697833357	0.276868853149836	0.11178962812374027	0.10567301779086648	0.0459301530851301	0.05752002910871609	0.15109596424813812	0.15350584751523913
0.08612520443370267	0.03609970876279428	0.21120527898691882	0.10148073477464425	0.04632545292212807	0.07003836598425703	0.28402400567076247	0.16470124846479223
0.08432717914518259	0.22568194418148613	0.12798851233882666	0.11090075519300775	0.04841614908851599	0.07156910401133915	0.17308766389217253	0.158028692149469
0.12192221787585081	0.0732479198800779	0.14534238005512648	0.22081925144370373	0.035207483020912186	0.09941240211485732	0.16184470466589468	0.14220364094357668
0.16801498437617035	0.04978492640835294	0.14492255219916034	0.10556346308045966	0.04408046053349997	0.06514081525934937	0.2880158826333359	0.13447691550967122
0.08643015784389518	0.08731517209988121	0.05579972518406659	0.29545471003091284	0.03786285164431959	0.05981408943257671	0.20650383623549612	0.17081945752885155
0.04942296442411315	0.16625548355158182	0.221747256446861	0.04264413640712485	0.04727470829751709	0.06143697907240994	0.29036121468475956	0.12085725711563237
0.0957019837161841	0.18283193042730245	0.06802514373346237	0.13938302552740162	0.03808379760441942	0.09876407175779835	0.23589247123948615	0.14131757599394534
0.015952732609734344	0.27989537085334876	0.17988205086482917	0.06677474448504866	0.06793968287903432	0.1024356877808003	0.18300016779196027	0.10411956273524403
0.029816643937516096	0.18727416947406944	0.25120715091557433	0.09843877857536087	0.06567236303420149	0.08135852139111596	0.15410031512836042	0.13213205754380122
0.10545571778668289	0.19059478495675747	0.10904005572234249	0.139644731532268	0.058795792268127894	0.06697757567053975	0.22590623718479494	0.10358510487848628
0.04551929130970543	0.21488707836895485	0.05062602426457796	0.2940353525839971	0.04142296161787218	0.05615040714007212	0.18186370384759293	0.11549518086722722
