0.24163265394182132	0.2069837488405505	0.10309533204161173	0.27616490245695	0.17212336271906617
0.24158660732015508	0.2069714638095508	0.10342512340182584	0.2761352973216827	0.17188150814678532
0.24160890757283962	0.20711977083912156	0.10348694549082073	0.2759342870342897	0.17185008906292817
0.24153583965988928	0.20693259866503017	0.10310368676350441	0.276103230896834	0.17232464401474198
0.24159577472826996	0.20701012321829237	0.10303547819491979	0.2760181720963184	0.17234045176219925
0.2415917064935384	0.20696225834212859	0.10312795749581068	0.2759634165119065	0.17235466115661563
0.24128357391339605	0.2071286342270767	0.10314854239979611	0.27617008026948914	0.17226916919024177
0.24132006890604457	0.20713399812880734	0.10341255325224402	0.27603379746295187	0.17209958224995195
0.24159304261247178	0.206966257991831	0.10365103822876767	0.2759247126688877	0.1718649484980416
0.2414380947710419	0.2069455565429571	0.10318454244496744	0.2760972695348144	0.17233453670621895
0.24147878976297746	0.2070467317766151	0.10328214943098633	0.27595320588954536	0.17223912313987555
0.24164988882406246	0.20699435428397245	0.10335470588418771	0.2760470103930771	0.1719540406147
0.24158901644099356	0.20699907600848955	0.10329034676265972	0.2760876547392479	0.17203390604860908
0.24127313595734112	0.20700906105416927	0.10360893698594723	0.27607176494796826	0.17203710105457387
0.24126400967497869	0.20706882629657022	0.10356154316370157	0.27608535921581645	0.17202026164893283
0.24127250193641125	0.207111160069149	0.10354144219878121	0.2760429183138986	0.17203197748175963
0.24131346617016722	0.20711586264641765	0.10345249734159018	0.27610735940530506	0.17201081443651967
0.24117760685576284	0.20712911625557873	0.10349035849317148	0.27601769325710523	0.1721852251383815
0.24148020948786966	0.20710239318733667	0.10311135645505101	0.2759897075019111	0.1723163333678313
0.24153298027922088	0.20701036615384485	0.10348298356000564	0.27613949731161846	0.17183417269530993
0.2412772515775083	0.2071490739292631	0.10324141375758983	0.27595944615360224	0.17237281458203627
0.24134343392302773	0.2071082728679317	0.10331530251029691	0.2759332761860407	0.17229971451270276
0.24153759494016405	0.20708246655466642	0.10313693909165789	0.27606806845405496	0.1721749309594564
0.24165995760690995	0.20710775847424612	0.1031287099568893	0.2759262905966348	0.1721772833653196
0.24138831806020444	0.2069409076418142	0.10352959704982224	0.275958056369281	0.17218312087887785
0.24146223079854592	0.20717619687669017	0.10321720550965877	0.2761518934757743	0.17199247333933063
0.24153259972396068	0.20693671382941878	0.10313314583982924	0.27600685374285405	0.172390686863937
0.24157841045037387	0.20716785743001326	0.10323833844283897	0.2759296932096756	0.1720857004670981
0.24130112447548838	0.20716114253748355	0.10328218145171181	0.2760039470489989	0.1722516044863171
0.24165054494805246	0.20697209668170014	0.1033420893696649	0.2760004656946621	0.1720348033059202
0.24125474370182382	0.20708832601531008	0.1036256320229628	0.2762147048275707	0.17181659343233235
0.24127467814345724	0.20712346269016463	0.10352902297175466	0.27615424640233627	0.17191858979228697
0.24133827958968448	0.20701493958047543	0.10360988583742047	0.27600132104041264	0.17203557395200672
0.24136998237719487	0.2071383689414425	0.10344582022802493	0.27595094671842524	0.17209488173491228
0.24152072008717207	0.20701627681823537	0.10316177969610407	0.27592993854861475	0.17237128484987352
0.24152782314789084	0.20702259095596534	0.10329997419336844	0.2759163048710352	0.17223330683173999
0.24133742616509152	0.20709325108110935	0.10323414002273072	0.2761566102681271	0.1721785724629411
0.24137155462325127	0.20718558748692215	0.1031671139978342	0.2760240189749694	0.1722517249170227
0.24162997580563156	0.20697533638633092	0.10343297768577554	0.27596686763351486	0.17199484248874686
0.24139698024511982	0.2069428218387721	0.10374198206542784	0.2759200441121248	0.17199817173855517
0.24158680568872448	0.20712380607047334	0.10311826469335594	0.2759896491336581	0.1721814744137879
0.24127549014568717	0.20714591964770654	0.10334892320893409	0.27608761106576174	0.17214205593191018
0.24164374067130032	0.2069350917541675	0.10345107856711777	0.2759801011107227	0.1719899878966915
0.24132479222111441	0.20702224115773726	0.10359475690234814	0.2761219690742992	0.17193624064450078
0.24117743408210407	0.20712389159717298	0.10362926297297101	0.27609358567659836	0.17197582567115333
0.24130603499992068	0.20706003080867877	0.1035641927055777	0.27605461806448084	0.1720151234213418
0.24135718710347037	0.2070609291835493	0.10332105832898411	0.2759087713112355	0.17235205407276047
0.24152785881338756	0.20711699822980173	0.10310259792862835	0.27596101840357107	0.17229152662461106
0.24136967850864421	0.2069675163415497	0.10329525384790571	0.2760066602299826	0.1723608910719175
0.24159034589046235	0.2070678451595664	0.10342416682904451	0.27594353893790696	0.17197410318301953
0.2414111983773709	0.20705888345276185	0.10327848490141145	0.27619306447841796	0.17205836879003755
0.24153344867947157	0.20712044265929885	0.10325159705040017	0.2759947426707115	0.17209976894011766
0.24128510859805483	0.20706493820642163	0.10334411418107588	0.2759892836415287	0.17231655537291873
0.24122935607897192	0.20712756920333986	0.10376600982583739	0.2759374674273517	0.1719395974644989
0.24166762184530566	0.20700709330606357	0.10305718912782054	0.27599632983278005	0.17227176588802995
0.2416276120206976	0.20694560512493965	0.10324061441651167	0.27607737582458225	0.17210879261326864
0.24124221614818267	0.2069606779380003	0.1036189139961083	0.27619155887908353	0.17198663303862494
0.2413096855964924	0.207152775396546	0.10358156522500347	0.2761048528454332	0.1718511209365247
0.24144023685593835	0.20701827803029232	0.10316519339611215	0.27606486001469366	0.17231143170296329
0.24151004905388995	0.20702936677296313	0.10312726505894504	0.2762092378923205	0.1721240812218811
0.24153093747178014	0.20702618931906572	0.10305667641065784	0.2760348898396437	0.17235130695885234
0.24150775377985004	0.2071089369223911	0.10316054931727683	0.27594441037029394	0.17227834961018784
0.24128737701181957	0.20696515317776532	0.10343207237210462	0.27594141745115064	0.17237397998715961
0.24142718922469938	0.20705467136184502	0.1034973311153103	0.2760725550034182	0.17194825329472685
0.2416705973861351	0.20713481238004433	0.10316211111487249	0.2758957670249143	0.17213671209403353
0.24138870026716938	0.20701549684689707	0.10369336496486391	0.27605160203874735	0.17185083588232203
0.2413379807534026	0.20704469148614946	0.10323197289504772	0.27602095538093785	0.17236439948446214
0.241314188869583	0.20709960376375564	0.10322871474067515	0.27597225971784617	0.17238523290813984
0.2415171092768204	0.20697847352907006	0.10319936006482286	0.2761137159446881	0.1721913411845983
0.24120486708925276	0.20701374716097076	0.10335308795838222	0.2760445577830153	0.17238374000837872
0.2411919585063871	0.20702781599262743	0.10353987669960302	0.27613151259969965	0.17210883620168252
0.24141939697960133	0.20699059535858724	0.1031823462594585	0.2761668920552204	0.17224076934713228
0.24145390962438995	0.20715025174054807	0.10314468386517349	0.27605279853733294	0.17219835623255528
0.2412124264809905	0.20714960097771223	0.10329830915986424	0.2759368026813299	0.1724028607001029
0.24129417365777392	0.20699410843984747	0.10357163152887423	0.2759237031678202	0.1722163832056839
0.2412753804747278	0.20706941148666536	0.10366572156928879	0.27601797098824155	0.1719715154810763
0.2415006153971083	0.20710057619505787	0.10319993380014986	0.276141982485069	0.17205689212261474
0.24152403936564115	0.20703094637082922	0.10304056191603392	0.27608507913639463	0.1723193732111008
0.24161893902874018	0.20706958064803244	0.10325088077755663	0.27614954801230407	0.17191105153336647
0.2411776795666868	0.2071813175339909	0.10321975701988836	0.2761638204722827	0.172257425407151
0.2415392873091538	0.20702826302820565	0.10320595568848182	0.27621945729912345	0.17200703667503503
0.241499905639501	0.20696572885001635	0.10329462950536313	0.27617955854541354	0.17206017745970575
0.24129206403751574	0.20710148388447364	0.10330104629378618	0.2759264158987162	0.172378989885508
0.24130031564685944	0.20693589790596528	0.10352907670120096	0.2760877644444875	0.17214694530148655
0.2413267904138393	0.2070171210083881	0.1033307559658138	0.2761860228502433	0.17213930976171526
0.24122171481901522	0.20711181006907248	0.10375759234365951	0.27589896476928255	0.17200991799896995
0.24129871292842847	0.20708432473125357	0.10355234934903364	0.2760637608373362	0.1720008521539479
0.24142775169111397	0.20707256660916246	0.10321456586199446	0.2761625485661934	0.17212256727153552
0.2414542323322993	0.20700557089325775	0.10347709439381846	0.2759885522484005	0.17207455013222378
0.24155512573431998	0.2069997726130144	0.10351231347518755	0.27591038311988797	0.1720224050575899
0.2415241316993379	0.20708410131366808	0.10310928118567597	0.2759768648965293	0.17230562090478851
0.24124367213991477	0.2070255924407301	0.1033366369186931	0.27607494237670566	0.1723191561239561
0.24141616207585384	0.20699984397762453	0.10327183982412298	0.2759604769377509	0.1723516771846475
0.24153150170544746	0.2070047654271946	0.1030249002427662	0.27619377639910275	0.17224505622548877
0.24120013820385475	0.2069621138408524	0.10369915342518128	0.2759636977391754	0.17217489679093592
0.24131963107483395	0.20714888333853804	0.10343773262445079	0.2760221328515593	0.1720716201106176
0.2415481041353697	0.20696357691667452	0.1033836793872277	0.27597724852207617	0.17212739103865163
0.24122334024684433	0.20709156986403363	0.10321667756420688	0.27611486147426534	0.17235355085064955
0.24151399406655635	0.2071217276061162	0.1033324484699118	0.2759500651681676	0.17208176468924782
0.24166648445681813	0.20697034254014776	0.10322930520657554	0.27608699818712823	0.17204686960933005
0.24136732221899956	0.20706673090268302	0.10377077571264093	0.2759752061566869	0.17181996500898933
0.24149947693384516	0.20712462114177058	0.10327342311454088	0.2760985972950092	0.1720038815148339
0.24152988730678482	0.20715023407080627	0.103190133723905	0.27614208296779763	0.17198766193070605
0.2416747976348988	0.20715990027312264	0.103113776799005	0.2760712955645668	0.17198022972840651
0.24161734206050098	0.2070288863200046	0.10303386639545789	0.27603012965346796	0.17228977557056832
0.241578057891186	0.20713704426831592	0.10306545240983002	0.27611903115212977	0.17210041427853803
0.24148192145730224	0.2070712870773881	0.10339511997372847	0.27603170417196077	0.17201996731962013
0.24120680744256195	0.20694316884756453	0.10339857809246958	0.27614404424414485	0.1723074013732588
0.2412297219295791	0.20707688469590416	0.10335723552543988	0.2759386294837942	0.17239752836528238
0.24138129024104588	0.20709237432711938	0.10304879473258631	0.2761064069421395	0.17237113375710872
0.24125053359849552	0.206936165671952	0.10355131778663301	0.27597956806734897	0.17228241487557022
0.2412123474572972	0.20706663051817914	0.1033261246618053	0.2761087054794721	0.17228619188324606
0.24162835501073246	0.20707575239863416	0.1031980808995496	0.2760919220400271	0.17200588965105648
0.24128376398159196	0.20697527813640285	0.10351391656836229	0.2760374686327274	0.17218957268091528
0.2412225349399963	0.20705536968638905	0.10335897239769926	0.2761146507156216	0.17224847226029358
0.24131209613952498	0.20698475559735205	0.10356282477130418	0.27590902403406586	0.17223129945775267
0.24154367587089393	0.20698323629595397	0.1035439621731675	0.2759340095139499	0.17199511614603444
0.24153269022600332	0.20716456987231957	0.1033331045350103	0.2761039840147244	0.1718656513519422
0.24119715448007523	0.2071013951861238	0.10330541145225575	0.27604603635828456	0.17235000252326044
0.241466420247751	0.2071633268397073	0.10305587256687222	0.2760896481523796	0.1722247321932896
0.24120710125448186	0.20693604842455174	0.10375647108673301	0.27601409619249057	0.17208628304174256
0.24123989033882748	0.2070504576157181	0.1037501289521629	0.27594574837892605	0.17201377471436524
0.24162410254028022	0.20696874355083741	0.10366596951765046	0.2759084434334461	0.17183274095778556
0.24126779222385583	0.2071468951759458	0.10326719502881734	0.2761659026262359	0.17215221494514485
0.24128610005422782	0.20703878408307574	0.10362452919846912	0.2759312066719987	0.17211937999222834
0.24146843793163794	0.20692951200469337	0.10369659580057977	0.2759627283366046	0.17194272592648407
0.24132756818545875	0.20703801744007408	0.10339991098140823	0.27593689128018295	0.17229761211287573
0.24162517066875644	0.2071748886726957	0.10309287087121495	0.2761645309059869	0.17194253888134572
0.24151820585773304	0.20700452316937035	0.10334199938580212	0.276161205379735	0.17197406620735922
0.24146195737284756	0.20713569399706017	0.10339171000065707	0.2760541126472301	0.17195652598220482
0.2416371983702961	0.20707429859114723	0.10336259164506464	0.2759366471526727	0.17198926424081912
0.24133263276917669	0.20700781550874925	0.10330277621222625	0.2762109493337411	0.17214582617610652
0.24154230647027683	0.20707597794949537	0.10324313555014779	0.27616744913457025	0.17197113089550953
0.2412227475608721	0.20705937914993708	0.10369312199200166	0.275937813923559	0.17208693737362993
0.24141933034986557	0.20698815292155046	0.10363541478335639	0.27600603551916963	0.17195106642605767
0.24163435598136407	0.20706725239399573	0.10327678181318714	0.2761530278470828	0.17186858196437005
0.24165421373719678	0.20705856510210024	0.10309027699786731	0.2759053729384975	0.1722915712243379
0.24117752390538383	0.20717457836375702	0.10344581741222694	0.27592515035759757	0.17227692996103444
0.2412240052653532	0.20700321166206911	0.10361539308579662	0.27607410975844227	0.17208328022833855
0.24136134140495377	0.20701982829419496	0.10316912026378207	0.276139616667693	0.17231009336937594
0.24140448109272128	0.20708339496689723	0.10304707692575092	0.27605650766288353	0.17240853935174677
0.24160241314319467	0.20693601920712207	0.10323427280237847	0.27607571918336815	0.1721515756639364
0.2414460883859214	0.20707094120357175	0.10326386784850941	0.2760321463376066	0.1721869562243906
0.24123911987999347	0.20693686681303858	0.10368421542273557	0.27619542727726365	0.17194437060696846
0.24136190944484792	0.20694377609129908	0.10359018089378935	0.276149510484215	0.17195462308584836
0.2413724093004113	0.2069340981164209	0.10331759880157831	0.2760663666670495	0.17230952711453978
0.24155536780532266	0.20701701384503932	0.10355305592412455	0.27593256023288976	0.1719420021926235
0.24130114155787788	0.2069880983946705	0.10374962087367683	0.27591189598497967	0.17204924318879491
0.24163304369972316	0.20694830574969011	0.1031325507780825	0.27605965299344726	0.17222644677905674
0.24132850730065625	0.20710945195848016	0.10348809229041152	0.2761919192137671	0.17188202923668466
0.24138333327298567	0.2070301778677891	0.103301070363446	0.2761198000991983	0.17216561839658068
0.24160123925891702	0.20705825492250285	0.1031416293165157	0.2759204176575343	0.17227845884452989
0.2412517796667191	0.20716135204260056	0.103463554546279	0.27606291701666796	0.1720603967277332
0.2413750196484407	0.2070498383635815	0.10324501656096244	0.2760467409787668	0.1722833844482483
0.241577277379245	0.2069816553424662	0.10324316212540621	0.2759036547704269	0.1722942503824554
0.24145730506449806	0.2069906409090737	0.10314948162010268	0.276203518372631	0.1721990540336943
0.24146325388525325	0.20698769839740133	0.10362936696109794	0.2760864716881565	0.17183320906809074
0.24129391146445495	0.20698051726124642	0.10308569847674633	0.2762106187633421	0.17242925403421
0.24161490962360954	0.20699001567944728	0.1032675239827464	0.2758974139915686	0.17223013672262794
0.2413965504540761	0.2069612087928862	0.10318767151392436	0.276113968683358	0.172340600555755
0.2414334904673206	0.20713886973160672	0.10310987126067818	0.2759927494833659	0.17232501905702838
0.241383410106969	0.20705841023936092	0.10355251084042986	0.2761737125022321	0.1718319563110079
0.2414900926710627	0.20696767271294444	0.10319317718795491	0.27603865295638763	0.17231040447165005
0.24161313637805715	0.2069438828201126	0.10334815400739399	0.2759477541610196	0.17214707263341641
0.24131606573110936	0.207176202731079	0.10302945255740235	0.2760980792120215	0.1723801997683875
0.24139570599161514	0.20702995646205213	0.10355037018365676	0.27600244268108554	0.17202152468159018
0.24140622608654871	0.20708538210164512	0.10330901156261438	0.2759105782445654	0.17228880200462615
0.2414625735491755	0.20703979499712663	0.10305391009350356	0.2761803265582684	0.1722633948019256
0.24149698266675257	0.20713924018854343	0.10323336977978188	0.27609248713755596	0.17203792022736586
0.2413267866338628	0.20698581555863385	0.10362886224517338	0.27621870184811836	0.17183983371421135
0.24135658843776547	0.20706407858528236	0.10357614031549023	0.27603349089346363	0.17196970176799803
0.24145920467476495	0.20704861657755022	0.1035828246713676	0.2759434458604934	0.17196590821582358
0.24135726059953114	0.20707985651573022	0.10345071799973754	0.27613287967721867	0.17197928520778222
0.24145077732546202	0.20708223313201574	0.10306468886777076	0.2760569755831934	0.1723453250915578
0.24154046431764697	0.20703982741976204	0.1034983260841551	0.27602157225977697	0.17189980991865866
0.24133323945490867	0.20698635160753956	0.10338469758757672	0.2759912415854737	0.1723044697645011
0.24138300425645068	0.20694555715232227	0.1037540270071274	0.27607740356229604	0.17184000802180338
0.24149147311209485	0.2069772857044627	0.10323141538632688	0.27602434898739087	0.17227547680972446
0.2416268087115137	0.20701577046827954	0.1033364004834222	0.2761266484993364	0.17189437183744788
0.24124630329556365	0.20704805716298014	0.10342794120681709	0.2760576326731059	0.17222006566153295
0.24147632921081305	0.20708919365244227	0.10355186685742952	0.27596470911862525	0.1719179011606897
0.2411882806599545	0.20701315542067794	0.10341063860873209	0.2761772466907586	0.1722106786198766
0.24146337037006918	0.20715255434759705	0.10313334485023667	0.27603150420419736	0.17221922622789945
0.24152775241976704	0.20708235497295033	0.10324059428729462	0.27618358491449774	0.17196571340549
0.24130943087982903	0.20715360637842214	0.1033610836010637	0.2761127122093514	0.17206316693133347
0.24133455094608605	0.20704775438045014	0.10357420881583793	0.2761248876561101	0.1719185982015156
0.24126710887558261	0.20707865631042868	0.10315697888269007	0.2761492352215032	0.1723480207097952
0.24134153103221256	0.20715899890049097	0.10331820369302239	0.2759579961476375	0.17222327022663633
0.24144535384470195	0.20710648642954416	0.10305881467079393	0.2761591536385828	0.1722301914163769
0.24128124837448928	0.20709898964097173	0.10332498634272713	0.27620803544188244	0.17208674019992914
0.24132789614894057	0.20704879244615024	0.10322834631618838	0.2760920256851709	0.17230293940354974
0.2414477669067122	0.20699230432506627	0.10323866751237645	0.2759153194976345	0.17240594175821033
0.241493009901399	0.20699699479771852	0.10321400075107291	0.276185081717138	0.17211091283267135
0.24152315985728878	0.20709606675173686	0.10306673127242925	0.27591753217941534	0.17239650993912956
0.24153579434441128	0.2070890055415171	0.10333381573303067	0.27615091177933315	0.17189047260170756
0.24139563331181219	0.20710847866316104	0.10336084936956681	0.2761410326943018	0.1719940059611579
0.24135532924279154	0.2071706566404074	0.10366248740093853	0.2759349496476931	0.17187657706816917
0.24125292845664523	0.2070316667541246	0.10360351842213596	0.27618136780679753	0.17193051856029645
0.24127556796971023	0.20706144378073937	0.10312212657272313	0.276124856536686	0.17241600514014102
0.24164494578360793	0.2071581285250349	0.10311681932493531	0.2759012020661106	0.17217890430031102
0.24157755620880655	0.20705206681195604	0.1034162554753651	0.2760573740488069	0.17189674745506517
0.2415866046802179	0.20701214815826263	0.10353880135854009	0.2760327004425154	0.17182974536046378
0.24127846706754036	0.20698385248974452	0.10351841897613188	0.2761789800571621	0.1720402814094209
0.2414548443135118	0.2071047682509915	0.1033067947772452	0.27597208132061607	0.1721615113376352
0.2412851038487622	0.20709705585002533	0.1037270585019824	0.27597018400317697	0.17192059779605287
0.24140134866764235	0.20709129124527229	0.10366342639700886	0.2759108912170795	0.1719330424729968
0.2413157894216078	0.20699708062299169	0.10327587916356123	0.27621986444659186	0.17219138634524717
0.24151395874355697	0.2070056581385471	0.1032737526193899	0.2759260142077877	0.1722806162907181
0.24123093084559022	0.20693578588828934	0.1035344205015436	0.2759450548244598	0.17235380794011682
0.24131878909195936	0.20710689314019656	0.10349082540226004	0.2759576183133129	0.17212587405227095
0.24162134347912656	0.20700293118947585	0.10351342732092937	0.27589533380538017	0.1719669642050878
0.24124019306015376	0.20701052210464577	0.10324304509626259	0.2761066030498894	0.17239963668904823
0.24151570474473807	0.20700170698423864	0.10315932342443307	0.2760325462150345	0.17229071863155548
0.24158204045860945	0.20717187854250566	0.1030541761383594	0.2760158687466936	0.17217603611383164
0.2412181505739053	0.20713759188555925	0.10360757862952416	0.2759309956792201	0.17210568323179098
0.24138559182030256	0.20715126391834957	0.10313039350361057	0.2761179220660887	0.17221482869164836
0.24129715051500056	0.20695416074888665	0.10361796314376208	0.27620983449351477	0.17192089109883568
0.24163579239009242	0.2069485872297565	0.10331138421185078	0.2759637634558817	0.1721404727124183
0.24121814347745849	0.2070985948730891	0.10369503343811196	0.27612158070535964	0.17186664750598052
0.24143410147514727	0.2071238590692368	0.10338994441258138	0.2762006986403355	0.1718513964026988
0.24128952277124122	0.20698821829943415	0.1034085477724576	0.27599336845770067	0.17232034269916613
0.24136876611118638	0.20703219900552744	0.10320884354981984	0.2762187573392777	0.17217143399418838
0.24136732949709802	0.20709186244650418	0.103287916958094	0.2759989676952554	0.17225392340304818
0.2413541792018426	0.20697312391435757	0.10328066363440547	0.275973900170488	0.17241813307890613
0.24157403053515203	0.2070528748904743	0.10323381009486016	0.27605985497366314	0.17207942950585012
0.24140298651635375	0.20693288508128585	0.10315475072414587	0.2761188841233412	0.1723904935548731
0.241202738706481	0.20716245797950522	0.1031165566876999	0.27609127528814476	0.17242697133816892
0.24136172218439153	0.20703372707116843	0.103596759905139	0.27595749083686455	0.17205030000243624
0.2414087165136919	0.207030505860774	0.10338831264859377	0.27606079070968303	0.17211167426725704
0.24133725756982047	0.20694080292220768	0.10332067771145073	0.2759850082216802	0.1724162535748407
0.24141929146368848	0.2070558400299448	0.10320734850181747	0.27619024533551084	0.1721272746690382
0.24147963141453527	0.20694582379292992	0.10335254496853807	0.27610311589942316	0.17211888392457336
0.24142774391715605	0.20694888038543655	0.10326554229853085	0.2760162427829183	0.172341590615958
0.24128325226994227	0.20713126728396022	0.10348637726354135	0.27590416400807305	0.1721949391744828
0.2412028545835224	0.2069972859172438	0.10347552915777897	0.2759068194958674	0.17241751084558715
0.24142946935630635	0.20694915834568645	0.10355528006395338	0.2760119183068388	0.17205417392721478
0.24152185475528853	0.2070992564968694	0.10309898128609288	0.27607520378758765	0.1722047036741613
0.24124993725383787	0.2071793046723523	0.1032068379224116	0.27608067520451757	0.1722832449468804
0.24118861967783736	0.20703176026971862	0.10376189659868768	0.27596732263788204	0.17205040081587403
0.24131471320774484	0.20704532821290927	0.1036372386099608	0.2759796964204721	0.17202302354891277
0.24162800757351846	0.20692851313660762	0.10357562039865267	0.2759072718374656	0.17196058705375541
0.24124250960455831	0.20701298051448636	0.10362428670549466	0.2759160731176358	0.17220415005782463
0.24139370314519157	0.20713905361275511	0.103454762394877	0.27593272703657656	0.17207975381059945
0.24143108491877996	0.2070074258805091	0.10373599788934995	0.27590483709548497	0.1719206542158758
0.24140422275943735	0.20712358853675236	0.1031837364777308	0.2759379270305794	0.17235052519549984
0.2416147575539458	0.2069842123845851	0.10340990615035625	0.27601070032075725	0.1719804235903554
0.2416274769435628	0.2069874797525189	0.10362516690827299	0.27593753150014644	0.17182234489549864
0.24151843871644274	0.2071562199186186	0.10303229259231125	0.27619099004964165	0.1721020587229855
0.24127202811673887	0.20707740241015776	0.10340248158069598	0.2761935886658893	0.1720544992265179
0.24135788907616398	0.2069913166989378	0.10326039614836797	0.2761975285726756	0.17219286950385437
0.24128197436077276	0.20715439876923686	0.10331978416532875	0.27613150019106947	0.17211234251359195
0.24123114074506138	0.206982474282996	0.10347825156178159	0.27618979614835104	0.17211833726180972
0.24139605461122932	0.20700380330196497	0.10353037943157724	0.27594948770949657	0.17212027494573165
0.24154651522650575	0.2070288567832051	0.10311717345427607	0.27612139486703424	0.17218605966897862
0.24132799261845322	0.207044779420667	0.10304348030464543	0.2761964304944827	0.17238731716175135
0.2415410589721562	0.20711937923694373	0.10327908767334129	0.2761523042098506	0.17190816990770794
0.24154461961973211	0.20706239333790571	0.1032799183811883	0.2760401040295354	0.17207296463163824
0.24150326097637542	0.20698565332417038	0.1034921454135618	0.27600306679855946	0.17201587348733272
0.24147124644000142	0.2070265423523407	0.10327964887974148	0.2760510163690524	0.17217154595886378
0.2411883945498734	0.20707692416649587	0.10348822842213341	0.2761301605102468	0.17211629235125028
0.241605262787757	0.20705422716283556	0.10305432786716176	0.27609520642693247	0.17219097575531295
0.2412889297796745	0.20698177586346925	0.10329863217749158	0.27614647110410895	0.17228419107525547
0.2412452855948406	0.20694476790006364	0.10349267045203	0.2761120021391166	0.17220527391394896
0.24127942336248964	0.20716883093103525	0.1033947520202043	0.27598680316337004	0.1721701905229005
0.24127300481904596	0.20694206196299764	0.10331562361058565	0.27619128176675223	0.17227802784061827
0.24128477690783093	0.20705926888349613	0.10367057687580364	0.27615117268150136	0.1718342046513677
0.24145087163087206	0.20707082629907186	0.1031482210778236	0.2761340244094298	0.1721960565828025
0.24155449194661294	0.20706277600243156	0.10314490270506511	0.2761790416420531	0.17205878770383704
0.24119073137754998	0.20707733843597742	0.10372157849005754	0.2759863260412625	0.1720240256551523
0.24132003692841253	0.20718212174088796	0.1031961047186016	0.2761436256094769	0.17215811100262074
0.24126869389793573	0.20717007176515953	0.1031827838162995	0.276064886998665	0.17231356352194
0.2413895177859292	0.20708965609541172	0.1035957614324846	0.27596748951344935	0.17195757517272486
0.24142619426787282	0.20706925957989225	0.10323482797782706	0.2759209797696884	0.17234873840471923
0.2413402628200789	0.20712424268322807	0.10374162388694405	0.27590240009533673	0.17189147051441203
0.24142132963677426	0.20712408208526942	0.10348961813791298	0.27591471588234784	0.17205025425769527
0.24134886285821205	0.2070553057336318	0.10336340096272777	0.27598323834405303	0.1722491921013751
0.24151412679811982	0.2071493105410222	0.10304479251467347	0.27617918661254204	0.17211258353364225
0.2414382502980135	0.20707226619833352	0.10313696361704526	0.2761464423264588	0.1722060775601487
0.24125317312448913	0.20695517671232685	0.10372973413433621	0.2759647731845714	0.17209714284427616
0.2413973631543779	0.2071019242778869	0.10340714813703031	0.27597829577656924	0.1721152686541354
0.24164639448560626	0.20714066365983946	0.10308464992919956	0.2760182137909333	0.17211007813442114
0.24128379180048043	0.20711382718097243	0.1036675079915056	0.27607431088091633	0.171860562146125
0.24127291326955663	0.207124547624918	0.10332241668115354	0.2760940201991411	0.17218610222523045
0.24121789148400596	0.20696551005880706	0.10342282332646963	0.27618670348157176	0.17220707164914534
0.2412200038893452	0.20701297933841	0.10358369200018479	0.27620931675017923	0.17197400802188048
0.24132660799597033	0.20708829497458428	0.1033067970012493	0.27615129753442613	0.1721270024937697
0.24138504775340086	0.20697083718270676	0.10370741662299642	0.27600954226351504	0.17192715617738072
0.24139329599195247	0.2070967440169736	0.10348926601523768	0.276174002218492	0.17184669175734404
0.24150579823896987	0.20706000898098811	0.1034946809872366	0.27605860616475497	0.1718809056280502
0.24145147764742148	0.20693001769369962	0.10363080689903213	0.2759410923245801	0.17204660543526645
0.2415798740909999	0.20695088797149522	0.10311189795270508	0.2761975936711986	0.17215974631360093
0.24125447533305983	0.20705846961590021	0.10318694922056172	0.27618000268018583	0.17232010315029217
0.24156177388572483	0.20700452854437898	0.10343521383416124	0.27612622450090835	0.17187225923482638
0.24136586240145752	0.2069920739942628	0.10361197528561372	0.2759027212679598	0.17212736705070592
0.2416309203236851	0.2069304791125518	0.1034977054220926	0.27590133183069687	0.17203956331097334
0.2415068486753286	0.20712712938353345	0.10315452144789408	0.2760911257780029	0.17212037471524078
0.2413369285720589	0.20704163813656654	0.10349599303869	0.27606394305187026	0.17206149720081398
0.2415309193163076	0.20710514051948478	0.10330280710186465	0.2761536625938523	0.17190747046849042
0.24125786841404223	0.20693811403027845	0.10326613369886548	0.2761371094493723	0.1724007744074413
0.24155733966215803	0.20702120288186074	0.10305725054265699	0.2760045589702542	0.1723596479430698
0.24131279689459914	0.20717350483457836	0.1032720542428281	0.2761797147956125	0.17206192923238167
0.2416676474458201	0.20695592118429168	0.10315893668086722	0.27609936656808853	0.17211812812093225
0.24117846327502135	0.20711395136320182	0.10336854424344234	0.2759157726419326	0.17242326847640163
0.24165604428479298	0.20698004003796688	0.10314145470337684	0.27604991873429885	0.17217254223956427
0.24133436086792884	0.2069791463265822	0.1033281446107899	0.27611423122757256	0.17224411696712624
0.24123313341295888	0.2070014310485104	0.10324233901496199	0.2762149750186256	0.17230812150494287
0.241467793289253	0.20703998636140578	0.10360803840963688	0.2760527554035548	0.17183142653614936
0.24159959506383405	0.20696724066015576	0.10308247737856899	0.27604234785018206	0.17230833904725887
0.24121474359151024	0.20692764532313393	0.10333284518764546	0.27611215039839165	0.17241261549931852
0.2411857985731104	0.20714030663371377	0.10361830679228827	0.27608878952001425	0.17196679848087307
0.24149107013856574	0.20704699034544655	0.10330601517718718	0.2761271118950257	0.17202881244377455
0.24119203792248722	0.2070748785342328	0.10376049708792033	0.2759158410725109	0.1720567453828485
0.24136249904058665	0.20715098631677967	0.10312694987190624	0.2760475810986923	0.1723119836720349
0.24136516381496315	0.20711100573730054	0.10318261830446912	0.2760235338958141	0.17231767824745287
0.24142749676610145	0.20708406492083098	0.10336967379599331	0.2760774185779955	0.17204134593907855
0.24161388810364615	0.20716833247340574	0.10310880577641054	0.2761521652350556	0.17195680841148178
0.24159527226591598	0.2069853223073265	0.10315370840306581	0.2759411762803639	0.1723245207433276
0.24136390026699794	0.2069473614264128	0.1035999937016513	0.27609291455634133	0.17199583004859642
0.24166758970688734	0.20702286270968676	0.10324064379040189	0.27594069163903917	0.17212821215398458
0.24166428918580296	0.20704637276120755	0.10335932345650196	0.27604281482169757	0.17188719977478967
0.24119184787368453	0.20703661265369866	0.10324102478260397	0.27611539767849824	0.17241511701151432
0.24159127977366207	0.20708771446981097	0.10334507882679383	0.2759676620069997	0.1720082649227332
0.24150462436004833	0.20715437502446712	0.10333175139978208	0.2759068018087051	0.17210244740699715
0.24124160074689854	0.207012226351573	0.10329969098550984	0.276037234490629	0.17240924742538938
0.2415295795692613	0.20705217280585148	0.1034764945868092	0.2759507308932343	0.17199102214484346
0.2413466840444179	0.20703095200766053	0.10368113191661726	0.2760618020641241	0.17187942996717992
0.24130227395840786	0.20717717426730017	0.10371045270009432	0.27595817714963156	0.1718519219245659
0.2412494430958711	0.2071311940889419	0.10338936119960881	0.27616605979163145	0.17206394182394646
0.24138172338157177	0.20710019606533212	0.1031896097682378	0.27591595575086864	0.17241251503398947
0.24165126463273473	0.20695173137034628	0.10303194617997802	0.2761480473617406	0.17221701045520016
0.24126009553445166	0.20709164500358454	0.10333800889917351	0.2759053711213363	0.17240487944145375
0.24152289528707854	0.20703199041920994	0.10310890713615369	0.2761183550170053	0.17221785214055224
0.24129293455311318	0.2071777501266922	0.10311894524634305	0.27603416640891193	0.1723762036649394
0.24142666838476376	0.20717980004863715	0.10362200521104535	0.2759148991689677	0.17185662718658584
0.24141056030814753	0.20708261352559684	0.10321621287256826	0.27608437177668876	0.17220624151699837
0.24149530385585175	0.2069642587789273	0.10332700752907158	0.2759638976478641	0.172249532188285
0.24126220676722684	0.20695949657051244	0.10334065316608387	0.27606818327877125	0.17236946021740535
0.24158666362342437	0.20701744614180945	0.10340942516781013	0.27611940140318936	0.17186706366376645
0.2415882664812563	0.2069779571080723	0.10309041626438588	0.2761896167301759	0.17215374341610937
0.24151497751936152	0.207077284220507	0.1032209513492223	0.2759727619668444	0.17221402494406457
0.2415815760938784	0.20711836123187458	0.10332905646331883	0.27599581613104895	0.17197519007987896
0.24150732942014935	0.20711437002072028	0.10348108316740649	0.27593486419292	0.1719623531988036
0.24141627628649903	0.2070690288033742	0.10341883253388955	0.27598195638411216	0.17211390599212484
0.24146050372776337	0.2070269564176747	0.1031769012992089	0.2759465409493907	0.17238909760596208
0.24129211757345675	0.20712773166697723	0.1035982346591605	0.2760637446346981	0.17191817146570712
0.24121090549890767	0.2071855793853421	0.10325463299651494	0.27597087997920616	0.1723780021400289
0.24121131293590425	0.20714108161899508	0.10369533406377637	0.2759332774647718	0.17201899391655226
0.24147467997975486	0.2069350233352565	0.10370069248347179	0.2760585182447516	0.17183108595676502
0.24129757366057134	0.20717705795278712	0.10318559218197276	0.2759509084124096	0.1723888677922589
0.2416033524444023	0.2071555815934433	0.10343376866882227	0.27593798827489396	0.17186930901843794
0.24125390397404356	0.20700194651829376	0.10368673532860749	0.27612335772927304	0.17193405644978188
0.24163616095876062	0.2071797873749557	0.10303485640670691	0.27600806369201875	0.17214113156755778
0.24160042851384217	0.20706904774882792	0.10346666581993147	0.27594577594387376	0.17191808197352443
0.2415675643288812	0.20698963267473103	0.10334383363691248	0.27620272232289333	0.17189624703658174
0.24141306919666813	0.20698883926102396	0.10359407706149208	0.2761700125649531	0.1718340019158625
0.24151533808472647	0.2071334637130097	0.10305939633630055	0.2761410096230518	0.17215079224291116
0.24117925509880664	0.20710325764109522	0.10373577846087251	0.2759531461881195	0.1720285626111059
0.2415507019946258	0.2069490219635323	0.10309361414871883	0.2761165670334136	0.17229009485970925
0.24146352915687957	0.20699388513408978	0.10332068404641964	0.2761433678043817	0.17207853385822908
0.24164195415550271	0.20711551982440596	0.10336724944211598	0.2759464822625358	0.1719287943154393
0.24133401520240014	0.2071674932155443	0.10342605160107245	0.2761477373954665	0.17192470258551634
0.24117692693802703	0.20702928614815044	0.10340874656823099	0.27607141802258917	0.1723136223230021
0.241257753062115	0.2070834761263007	0.10364845150569899	0.2759480051203971	0.17206231418548804
0.24162966258760585	0.20709733721694934	0.10329353683850608	0.27598718977545494	0.17199227358148353
0.24161259750694866	0.20704764019537675	0.10328735980499953	0.2759929110395385	0.1720594914531363
0.24151412728294458	0.20703263668406005	0.10359485964675973	0.27601568006946187	0.17184269631677354
0.2416110467925947	0.20703485399235644	0.10316337468155345	0.27613850176631666	0.17205222276717852
0.24135378352424497	0.2070239807132026	0.10351766157387608	0.276113122406875	0.17199145178180109
0.24141289555487155	0.2071266848804627	0.10355323193874122	0.27606026019086255	0.17184692743506175
0.24139200953938292	0.20696150615207082	0.10330618034096542	0.27592604859561715	0.17241425537196348
0.24123959176068666	0.20698767075730068	0.10378146144763191	0.2761547303699591	0.17183654566442141
0.24152295648800567	0.2070565588008105	0.10310003197748227	0.27601477193024493	0.17230568080345643
0.2413439830457426	0.20705839216501648	0.10323116541154519	0.2761091027685365	0.17225735660915897
0.24161096669719084	0.2069742823321189	0.10337608327867472	0.275938976658352	0.17209969103366327
0.24156644085784273	0.20706741647845084	0.10313505618495344	0.27598117451352006	0.17224991196523268
0.24150080665064677	0.20701307139923147	0.10316879404164198	0.2761105690040243	0.17220675890445528
0.24123534114655387	0.20693683411864983	0.10365106424856763	0.27602212072141746	0.17215463976481096
0.2415399480536303	0.20697910239326936	0.1035613346815199	0.2759022972873669	0.1720173175842132
0.24123057043306753	0.2071715322738461	0.1036126392303601	0.2760015991939761	0.1719836588687499
0.24158389583674922	0.2070356750569982	0.10309262435683071	0.27595293180229097	0.17233487294713065
0.24118804261593146	0.2069568726034341	0.1036020429700639	0.275976035067272	0.17227700674329838
0.24158130482563522	0.20700961677805899	0.10337847299602858	0.2759485545547628	0.1720820508455142
0.24124648343747984	0.20707639507893535	0.10343358567508389	0.2760363154063519	0.1722072204021488
0.2413593735684938	0.20707208218631876	0.10336781320135086	0.27593649527421743	0.17226423576961886
0.24136782791273398	0.2071282847856357	0.10362412792263531	0.2759184346788248	0.17196132470016992
0.24156402191042275	0.2070372529363452	0.10316363279492073	0.27616990375626005	0.17206518860205106
0.24152150124761376	0.20711966767071124	0.103272657070622	0.2761530871502131	0.17193308686083963
0.24149181972856582	0.20707174669342196	0.10369763375823327	0.27592148692389146	0.17181731289588723
0.24125888034311366	0.20694455513788157	0.10348588504679054	0.2761486801650841	0.1721619993071299
0.2411958588382056	0.2069400810069726	0.10349378557984118	0.276033049460705	0.1723372251142754
0.24149467474875203	0.20711509886865984	0.10333134142246606	0.276037904975214	0.1720209799849078
0.24156822195924943	0.20696351030304028	0.10317028170773755	0.27590083352595307	0.1723971525040194
0.24122249560504808	0.2071293312474478	0.10361230881562468	0.27592845238269637	0.1721074119491828
0.24131262210554236	0.20716301357100067	0.103477299019725	0.27597422946171846	0.17207283584201327
0.24131410992789845	0.20695739488603326	0.10371764410327328	0.2761347419164649	0.17187610916632987
0.24140558463902334	0.20713373345750719	0.1035660743182271	0.27604603817709833	0.17184856940814383
0.24150478394561128	0.20699635589302284	0.10358388002257105	0.27605163708781116	0.17186334305098344
0.24148071680003413	0.2071192231993162	0.1035318663846995	0.2759201847168564	0.1719480088990935
0.24158866556989156	0.20692957649637783	0.10363452623735807	0.27590508215137044	0.17194214954500184
0.24132746699186355	0.20708275528768255	0.10363567171775867	0.2759714707597603	0.1719826352429347
0.2412073694302141	0.20694037859043163	0.10371487423442387	0.27607454664210884	0.17206283110282128
0.24157189712332794	0.20706285045531386	0.10344932104434913	0.2759325113602964	0.17198342001671246
0.24134684787527627	0.20715156338428892	0.10360798776851342	0.2759106741857291	0.17198292678619206
0.24163021923718178	0.2069664789377941	0.10312160380161461	0.27614863201105855	0.17213306601235068
0.24164862412331062	0.20701552317762487	0.10312423372342466	0.2761874819787256	0.17202413699691402
0.24150782235991408	0.20717017493637435	0.10334934103082498	0.2759762325526496	0.17199642912023677
