0.3452928973009306	0.40477230959085264	0.2499347931082169
0.3457344664187565	0.4029451274672584	0.2513204061139852
0.3513648352858356	0.4126964644892574	0.23593870022490715
0.3505565201968976	0.4115654148686613	0.23787806493444125
0.34455459404979283	0.40623115095589635	0.24921425499431094
0.349975312570031	0.4130676739945719	0.2369570134353972
0.3423487542316915	0.4054705920403453	0.25218065372796333
0.35218841834635134	0.4051980655512324	0.24261351610241633
0.3486061202066002	0.41389726354636386	0.23749661624703605
0.341486017820851	0.4138610318219648	0.24465295035718432
0.3423071546821336	0.41610633485343784	0.2415865104644287
0.3414113202899793	0.4134402492615571	0.24514843044846374
0.34640648642460464	0.41225309020934536	0.24134042336605013
0.34481925390815554	0.40652256716547674	0.2486581789263678
0.34205864093447297	0.4111000353323125	0.24684132373321463
0.34318887524164815	0.4174215142874538	0.23938961047089816
0.34420634884376944	0.4073608282795795	0.2484328228766512
0.3452890868041497	0.4139234534235706	0.2407874597722798
0.34700724936260846	0.40159425304600865	0.251398497591383
0.34143355979150575	0.4060236091636931	0.25254283104480124
0.3446172392775512	0.4118875100238728	0.24349525069857614
0.35178166705892217	0.40096774734263907	0.24725058559843888
0.34993528957836484	0.41223255259630504	0.23783215782533024
0.3463209841934628	0.4071436396585939	0.2465353761479434
0.34423282549484796	0.41149937499118894	0.2442677995139632
0.34188739257039324	0.4088391398699059	0.24927346755970098
0.34353161799441867	0.4099395643705738	0.2465288176350077
0.34651848915428685	0.407674440584573	0.2458070702611403
0.3504704979549461	0.4122339012567794	0.23729560078827455
0.3454386401117442	0.4104566548756977	0.24410470501255827
0.3424298507193794	0.4140741797250491	0.24349596955557154
0.34329679607645325	0.4093322960312563	0.24737090789229055
0.3458445954175494	0.4148137030484208	0.2393417015340299
0.34557133019195563	0.41733306740614895	0.23709560240189553
0.34980425650098673	0.40767857063830737	0.242517172860706
0.3496499288033355	0.40269147541865835	0.24765859577800625
0.3452398599717756	0.4170181524427553	0.23774198758546916
0.3493628782981193	0.4068233790280258	0.24381374267385503
0.3443629033665182	0.41111803695351523	0.24451905967996665
0.35209544169519846	0.4051489073751706	0.24275565092963103
0.3451909239126716	0.4159951772747759	0.2388138988125526
0.3481082773023286	0.414276896268244	0.23761482642942755
0.3497530089287313	0.41027334663694903	0.2399736444343198
0.34333383860546657	0.405719897010416	0.25094626438411755
0.3455156099751582	0.41022749975731304	0.2442568902675289
0.3461176457142479	0.41419358903235814	0.2396887652533941
0.3466866495837869	0.410341440586541	0.2429719098296722
0.34832422916419215	0.4075680788352058	0.24410769200060217
0.34294996614752016	0.40478384425911257	0.25226618959336733
0.34662410951508593	0.40754794109935405	0.24582794938556013
0.3505768563063509	0.4093062311144794	0.24011691257916984
0.3495053718167517	0.40672170840348687	0.24377291977976157
0.34923352105757044	0.4032138391316557	0.24755263981077397
0.34865160395509553	0.4014275079272318	0.24992088811767282
0.3511611777604736	0.4079202226891364	0.24091859955039008
0.343620284967684	0.41782738452607626	0.2385523305062399
0.34802953320346464	0.4076241861223914	0.2443462806741441
0.34424995373616873	0.41510406776718634	0.24064597849664499
0.3422431810978271	0.409560197763744	0.248196621138429
0.34451027011427127	0.40639544634802327	0.24909428353770557
0.3460833919084488	0.4054732528124415	0.24844335527910982
0.3433773552057006	0.40799539721916134	0.2486272475751382
0.3509835975207787	0.40448171537828137	0.24453468710094003
0.345736163975564	0.41289231930922	0.24137151671521617
0.34680406907476896	0.41619516147744284	0.2370007694477883
0.3433573809338233	0.4110687335921283	0.2455738854740485
0.3485171211861718	0.4149076994577294	0.23657517935609895
0.3465707664039413	0.409162812255322	0.24426642134073684
0.34906124082264833	0.40305543495044793	0.24788332422690385
0.34962936251353166	0.4074618060833196	0.2429088314031488
0.346606936242635	0.4085536191261804	0.24483944463118468
0.34321442729956336	0.4126609898769392	0.24412458282349753
0.3426517967791546	0.405155558302559	0.2521926449182865
0.3450189299194708	0.40637922050616915	0.24860184957436018
0.3494852380101856	0.4026685271269181	0.24784623486289648
0.34681867531734467	0.4162769317732373	0.23690439290941806
0.3426218630192958	0.40874842579624904	0.24862971118445523
0.3452502264204968	0.4145659844471726	0.24018378913233074
0.35075241742326174	0.40406853096260037	0.245179051614138
0.3425465324445959	0.41525720002726396	0.24219626752814022
0.34162557952122646	0.40662658188332945	0.2517478385954442
0.34252064943536575	0.4159871944727834	0.24149215609185098
0.34585115222609436	0.4084374488584553	0.24571139891545046
0.34439052598389686	0.40291730002541787	0.25269217399068544
0.3436395101343653	0.4152051606511281	0.24115532921450672
0.349890505712764	0.40666154894021617	0.24344794534701997
0.3429132913237149	0.4053037443788684	0.2517829642974168
0.3443030289413022	0.4192210721396342	0.23647589891906368
0.3469014002397544	0.4134873043249002	0.2396112954353455
0.3507911190809513	0.4129372784848001	0.23627160243424872
0.34622724401297816	0.41069675011050033	0.2430760058765216
0.3516359459103941	0.40979645314557844	0.23856760094402754
0.34679776219909675	0.4170412368472604	0.2361610009536429
0.3458172956624894	0.4063822610763911	0.24780044326111955
0.3491993302398144	0.4137309989024758	0.2370696708577099
0.345191056362536	0.40652927648167064	0.24827966715579347
0.3513074011291624	0.4089143573792994	0.23977824149153829
0.34612826540427344	0.40945604997193613	0.24441568462379054
0.34895583838422245	0.40643715934835406	0.24460700226742363
0.34720130684947814	0.41556121668856083	0.23723747646196108
0.34148810931386486	0.41071086190321837	0.24780102878291688
0.3434863638964605	0.4142940647799417	0.2422195713235979
0.3513147265034836	0.4026707739469597	0.24601449954955673
0.3450085094722412	0.4147923909279865	0.2401990995997724
0.3482527243838779	0.4120837499444305	0.23966352567169175
0.34692251656759343	0.4165121307047114	0.23656535272769533
0.3443105534925545	0.4131877147148689	0.24250173179257667
0.34704868236626263	0.4042900909316668	0.2486612267020707
0.343789944523364	0.41454198927040153	0.2416680662062346
0.34498472255152146	0.41865262252089014	0.2363626549275885
0.34261138340875585	0.4216871751763236	0.2357014414149206
0.3484815473489706	0.410474004016337	0.24104444863469254
0.34883975736033535	0.40229783591392365	0.2488624067257411
0.3502052297600393	0.405359489601903	0.2444352806380578
0.342649192726405	0.408132334597287	0.24921847267630814
0.3497769109041051	0.4139065960921525	0.23631649300374247
0.35036793561230173	0.4069224035359492	0.24270966085174916
0.3467377267120222	0.4087366554738586	0.24452561781411927
0.3514880304145121	0.41282387080926436	0.23568809877622365
0.34557908477692884	0.409010173579907	0.2454107416431643
0.34177926409027815	0.4163825878495726	0.2418381480601494
0.341435839070288	0.42229185368885713	0.2362723072408549
0.34933311128790906	0.40730630948009766	0.2433605792319934
0.35157387561875	0.40572393712780735	0.24270218725344272
0.3471954636974362	0.4078338764190381	0.24497065988352582
0.35134055733921815	0.4111741756005692	0.23748526706021278
0.3435302052834775	0.40606010246302615	0.25040969225349646
0.3514541737632825	0.4023140606272652	0.24623176560945245
0.34312759681980176	0.4140258370126409	0.24284656616755745
0.3510125582956272	0.40595503334015953	0.24303240836421333
0.3519767817506337	0.408448468173485	0.23957475007588142
0.3434079928698179	0.4194672445149218	0.2371247626152604
0.3417053092706217	0.4056870875120368	0.2526076032173416
0.3447773925283308	0.40896061640520565	0.24626199106646368
0.345435713875352	0.4041162414399772	0.2504480446846709
0.35067060177314185	0.40312506554805805	0.2462043326788002
0.3419849090584238	0.410387864400528	0.2476272265410483
0.3439318420234214	0.4172119575032058	0.23885620047337294
0.34420156037032695	0.4104662825849852	0.24533215704468797
0.35166598681399086	0.4013002505758627	0.24703376261014656
0.34300587892775874	0.4178204459057102	0.23917367516653115
0.3504660024065723	0.4090136261304138	0.24052037146301403
0.3456395691261289	0.41817650459391675	0.23618392627995444
0.34153512721006024	0.4170377192580338	0.24142715353190608
0.3420687662439179	0.41685276485586914	0.2410784689002131
0.3471615386563937	0.4030108060043951	0.24982765533921128
0.3478459433099879	0.4107430510633795	0.24141100562663267
0.3448965428901852	0.41571766157095313	0.23938579553886183
0.34592526792093514	0.41063475510928116	0.24343997696978384
0.345516542305204	0.4177385285470253	0.2367449291477708
0.35011658853225114	0.4042695342285283	0.24561387723922068
0.3509513581370989	0.4033116334018435	0.2457370084610577
0.3469482769008255	0.401243672229395	0.2518080508697796
0.34979925941463524	0.40533940923255096	0.24486133135281388
0.34618433345295513	0.41243304551827975	0.24138262102876523
0.3422142837468699	0.40916445747082386	0.24862125878230634
0.3475326584260426	0.41092354305263196	0.24154379852132557
0.34779734950649993	0.40950334521383447	0.2426993052796657
0.3457322704812906	0.41271796417337003	0.24154976534533948
0.3466979006087535	0.4007743692600473	0.25252773013119933
0.3483411761338859	0.4133463575317531	0.23831246633436112
0.3420497598955621	0.40646085686926375	0.2514893832351743
0.34232959666369916	0.4178092761625788	0.23986112717372216
0.34352056716406537	0.4061051590255626	0.2503742738103721
0.3488202960057802	0.40959649545660887	0.24158320853761106
0.3468146584462257	0.4078983075059982	0.2452870340477762
0.34451697061934466	0.4156905474257456	0.23979248195490976
0.3505522374227717	0.40493737281204156	0.2445103897651869
0.3501005553402027	0.4085883405094915	0.24131110415030593
0.34628893992969517	0.41648991931228374	0.2372211407580212
0.3506301647661999	0.40918375757907965	0.24018607765472055
0.34384441718871017	0.4170031959903147	0.23915238682097523
0.3435433073214283	0.4185717321951715	0.23788496048340033
0.3478173839339764	0.41012405698116516	0.24205855908485863
0.3435298329849653	0.40449728301774995	0.25197288399728485
0.347190003235299	0.41648877794318184	0.23632121882151924
0.3461961629951649	0.40622287780360467	0.24758095920123052
0.3473153663666282	0.416176724689875	0.23650790894349688
0.3482466797311715	0.40215621542473107	0.24959710484409753
0.3451220057341346	0.4125999635530519	0.24227803071281365
0.3459272193265933	0.40370066818568917	0.2503721124877176
0.3500019945860935	0.408112165397807	0.24188584001609964
0.35138134558823203	0.40892608253351087	0.2396925718782572
0.3464617976541098	0.40659297159858676	0.24694523074730357
0.34183483116839186	0.40944434190944545	0.2487208269221628
0.3492046430539756	0.40697150376574964	0.24382385318027494
0.3475005522910825	0.40308766062724133	0.24941178708167627
0.3519199365249915	0.40831323498192124	0.2397668284930874
0.3479132154481213	0.4093428877766834	0.24274389677519542
0.3487543159520431	0.4030401820772995	0.24820550197065755
0.3475721741325516	0.40805458042231413	0.2443732454451344
0.347185038711747	0.41468796531953883	0.23812699596871428
0.34820560491573405	0.4039733361849602	0.2478210588993059
0.35008948692732467	0.41129601502260477	0.2386144980500707
0.34358054160516627	0.4171184869080796	0.23930097148675428
0.3497725072364788	0.4017596930127709	0.24846779975075037
0.3513132509847973	0.40983523602342026	0.23885151299178256
0.34157212583054597	0.4196282966021654	0.23879957756728876
0.35079890990298446	0.40936202848268677	0.23983906161432889
0.34280111789992995	0.4063206600324252	0.250878222067645
0.3494029988405109	0.41151338619725103	0.23908361496223818
0.3475009771440966	0.4075915604510506	0.24490746240485292
0.35065741917906856	0.4130196989892468	0.23632288183168473
0.3420148006549569	0.4061443580941557	0.25184084125088757
0.3470625464200419	0.40548656076449724	0.24745089281546095
0.3490884182236171	0.40145077274787605	0.24946080902850698
0.34901026819156705	0.41307529380638414	0.23791443800204892
0.3463064148853378	0.40920656736644423	0.24448701774821807
0.3437335591049993	0.41606389723799264	0.2402025436570081
0.34733678545902547	0.40846313420068403	0.24420008034029062
0.3423683329271872	0.41830723256421937	0.23932443450859356
0.3454169587249658	0.41368535931893724	0.24089768195609707
0.3444576048948611	0.41383505020892863	0.2417073448962104
0.343222589756952	0.4125127572899395	0.24426465295310856
0.3508164976351491	0.40140767462500593	0.24777582773984508
0.34709074134523044	0.4142921753537041	0.2386170833010656
0.34837473566127075	0.4102439163107057	0.24138134802802358
0.350001311312055	0.4021659703337717	0.2478327183541734
0.34558455578782643	0.4027001947496689	0.2517152494625048
0.34363718890476097	0.41966134122679	0.2367014698684491
0.34202695661388993	0.4166260491830956	0.24134699420301453
0.34611809069534055	0.40138196207197185	0.2524999472326877
0.3434782252609762	0.4074000214353764	0.24912175330364747
0.3501781314368686	0.40644391283337034	0.24337795572976118
0.3420632322358164	0.41029838410286423	0.24763838366131943
0.3489704668552837	0.4034257618892024	0.247603771255514
0.3517046094807622	0.4115558226143372	0.2367395679049007
0.34655032512674555	0.4011312519161325	0.25231842295712203
0.34176695999624956	0.41008090525647245	0.2481521347472781
0.3439569868954055	0.41441882649537753	0.24162418660921708
0.3489611047347026	0.4136546930727157	0.23738420219258186
0.34896946393037076	0.41035411222147083	0.24067642384815852
0.34283738234185357	0.40752061182313626	0.24964200583501028
0.3503052145124988	0.4020830548490939	0.24761173063840738
0.35057268846172207	0.4027670684203534	0.24666024311792462
0.3492424842886995	0.40803075698683744	0.24272675872446314
0.34949257073437295	0.40685937454680887	0.24364805471881834
0.3507548301352316	0.4075321891371503	0.24171298072761827
0.34547096831057555	0.4100326950515328	0.24449633663789178
0.3428752587410896	0.41858957660822455	0.238535164650686
0.34371434151038116	0.4201008177439012	0.23618484074571777
0.348345998412688	0.4062214578306686	0.24543254375664358
0.34210361540551276	0.4121727606176129	0.2457236239768745
0.34684394820680675	0.40222350525039197	0.25093254654280134
0.34782782314166166	0.41292341602038735	0.2392487608379511
0.35181564959691003	0.4061025393271076	0.24208181107598242
0.34925524821017906	0.4138740424949173	0.2368707092949037
0.3459237755546619	0.40963303865927436	0.24444318578606386
0.3479626631320422	0.40330547176007037	0.24873186510788753
0.3494971802257439	0.4027919928777789	0.24771082689647733
0.35016831492800593	0.4017008895737367	0.2481307954982575
0.35015138291747794	0.40078228380391856	0.2490663332786036
0.3417435954510139	0.4149286455914659	0.2433277589575203
0.3428306624905993	0.4074676596473763	0.24970167786202452
0.35150293888563466	0.40598267122155657	0.24251438989280888
0.3426634663656128	0.4197354845169006	0.23760104911748667
0.3486877416370681	0.40109954122480207	0.25021271713812987
0.34732517563749055	0.4113689633522512	0.24130586101025833
0.35025842136990704	0.40876329974683845	0.2409782788832546
0.34582966423030226	0.4081014437291943	0.2460688920405035
0.34742984781435926	0.4106122986391019	0.24195785354653895
0.34617841502195756	0.40387097088625545	0.2499506140917871
0.3428495664221097	0.42021850078384493	0.2369319327940455
0.34393129368417924	0.41943302971805096	0.2366356765977699
0.35168535614638613	0.404322022894971	0.24399262095864294
0.3487728438193356	0.4128764390261029	0.23835071715456163
0.3457896401110335	0.41301413321663527	0.24119622667233132
0.3488346086588419	0.4079882554153383	0.2431771359258199
0.34149633569978716	0.412520446754744	0.245983217545469
0.3467882075606795	0.41676403974068116	0.23644775269863938
0.34910370719671235	0.40806383954375575	0.242832453259532
0.3504746087379157	0.4130938400841289	0.23643155117795556
0.3469782018971742	0.40573609094512036	0.24728570715770556
0.3454039932902009	0.4024029067705259	0.2521930999392733
0.34294484303277695	0.4075910183390278	0.2494641386281954
0.3451871769354043	0.41142981511535204	0.24338300794924372
0.3462666900332941	0.4153103722181445	0.23842293774856155
0.3416536400479883	0.4190050495328673	0.23934131041914447
0.3453765311243059	0.4067055004186376	0.2479179684570566
0.3419286214889926	0.41944459386563027	0.23862678464537718
0.3460504218171684	0.41339780880130994	0.24055176938152184
0.3433250981511529	0.41066126079209986	0.24601364105674736
0.3418788391637306	0.4152475813630535	0.24287357947321606
0.3502546271968787	0.409554939954967	0.2401904328481544
0.343722016575311	0.4077840938333471	0.248493889591342
0.34237057894083506	0.4081929356752251	0.24943648538394
0.34587669352186995	0.41537032471730484	0.2387529817608253
0.3437435483887381	0.40734532154996206	0.24891113006129997
0.3418343789652704	0.40922067097458426	0.24894495006014547
0.34747470450502327	0.41000262573477664	0.2425226697602002
0.3500198836123946	0.41061984764847953	0.239360268739126
0.34216823159519394	0.4150721063937443	0.24275966201106186
0.34570355841633105	0.413629525129733	0.24066691645393604
0.3430211883362284	0.41219775663392166	0.24478105502985004
0.34241948090655017	0.4109846402415696	0.24659587885188033
0.3473227552027756	0.40564698724701864	0.24703025755020586
0.35003395656069536	0.40570727634819675	0.24425876709110803
0.3464223391738376	0.403193639533853	0.2503840212923095
0.3502106031284253	0.4047061340010515	0.24508326287052334
0.34973035378000766	0.41136895489598746	0.238900691324005
0.34879005346732284	0.40266999784126073	0.24853994869141655
0.3487864524080043	0.4034758548086134	0.24773769278338237
0.34224834401661586	0.4164007682644295	0.24135088771895477
0.3426488647015602	0.4211687051935195	0.2361824301049204
0.3456709787838163	0.4170362826905364	0.23729273852564742
0.34473951279284615	0.4169620412879543	0.23829844591919971
0.3465865706054241	0.4168241399335068	0.23658928946106922
0.35063044197487814	0.40413840374366744	0.2452311542814545
0.343545447137117	0.4180297050290533	0.23842484783382986
0.3421739339590098	0.4089509653047653	0.24887510073622499
0.34344326263289904	0.42085828927481084	0.23569844809229024
0.35204479003433375	0.41211803104993916	0.23583717891572717
0.3453025434728957	0.41276995838197095	0.24192749814513348
0.3447023774400466	0.41581143530893044	0.23948618725102305
0.3418139235742481	0.4155535322993956	0.24263254412635638
0.3428651928221219	0.4120945020725273	0.2450403051053509
0.3478790810597247	0.4125476267224933	0.23957329221778212
0.3431245523865541	0.4158009505865545	0.24107449702689157
0.3452239510791416	0.41076005442758845	0.24401599449327002
0.34485237109666733	0.41894956429841335	0.23619806460491943
0.34541454418856676	0.4131819348491955	0.24140352096223777
0.34234558435048457	0.42005219553513495	0.23760222011438054
0.34542964049067526	0.4121986616003274	0.2423716979089974
0.3446424538395618	0.41476985463757887	0.2405876915228594
0.34516790419891474	0.41400113337330496	0.2408309624277804
0.34960413121996714	0.4076850111050876	0.24271085767494532
0.3482000033754867	0.40544017555512807	0.24635982106938537
0.3453092259239775	0.41347967678432573	0.24121109729169682
0.3442596832949723	0.41057091337208196	0.24516940333294585
0.3519631769377694	0.4087642820860693	0.23927254097616138
0.3495227935954008	0.4054310473304719	0.2450461590741274
0.3498955165843447	0.41010957312692053	0.23999491028873482
0.34600140220633846	0.415328064189762	0.23867053360389962
0.3422080644676684	0.4099608670254878	0.2478310685068439
0.34530137016526347	0.4050982782184332	0.24960035161630345
0.35158820616892034	0.40211840910204394	0.24629338472903584
0.343637919404669	0.4188976242676391	0.23746445632769209
0.345564016577879	0.40439716682599325	0.25003881659612787
0.348376086073561	0.4118245680811159	0.23979934584532314
0.3465197107487909	0.4031654243356319	0.2503148649155773
0.34706974065988405	0.4072411903060032	0.24568906903411292
0.34763064139037514	0.4116724693316588	0.24069688927796618
0.3453087726058193	0.41446702945557357	0.2402241979386072
0.3512398619137258	0.4127303000435985	0.2360298380426758
0.34878611537456033	0.4123163077848062	0.2388975768406335
0.34403655637548086	0.4159242695157249	0.24003917410879427
0.34930007166387284	0.4080056915760793	0.24269423676004798
0.3478712954790275	0.4148390216379359	0.23728968288303673
0.34183135204541665	0.4117698642578304	0.24639878369675303
0.34333594538019274	0.4065162167364804	0.25014783788332695
0.3415167120849567	0.4170083045227261	0.24147498339231732
0.34571564201550975	0.40417832196460535	0.250106036019885
0.3504306534307531	0.40818266261198277	0.24138668395726431
0.3459962749661939	0.4016491075738599	0.2523546174599463
0.35162022054370673	0.40624676030290524	0.24213301915338814
0.3503043203510044	0.40190119594575185	0.24779448370324383
0.3429909111781931	0.4126622174240016	0.24434687139780542
0.34916538232776395	0.41401612823642797	0.2368184894358082
0.34922156000740073	0.4137545779254316	0.2370238620671678
0.3451687818161083	0.4109934401846528	0.24383777799923903
0.35087524841051354	0.4096543690519685	0.239470382537518
0.34900156218333295	0.40229538416808464	0.24870305364858247
0.34471512686331285	0.40971346877653597	0.24557140436015126
0.3505689017174963	0.40426588596776736	0.2451652123147365
0.3507017052966832	0.4042132784741173	0.2450850162291996
0.34657496741062443	0.40517986250493043	0.2482451700844452
0.34221069483056615	0.41741678466577753	0.24037252050365643
0.3478995029164019	0.41535372394739134	0.2367467731362068
0.3420173120371577	0.4150879746964125	0.24289471326642995
0.3423608170335874	0.4077518630840621	0.24988731988235063
0.3464100993185344	0.4145218581550356	0.23906804252643007
0.3511503092250799	0.4100045491640073	0.23884514161091286
0.3483409579952175	0.40832895651968915	0.24333008548509344
0.342261713675122	0.4096489443997087	0.24808934192516943
0.34744481483809336	0.41665530741269297	0.23589987774921378
0.34186163246308227	0.4165134481271182	0.2416249194097996
0.3461926294570896	0.4046406240927699	0.24916674645014059
0.34322200951279025	0.4092754273011583	0.24750256318605154
0.3455294745911814	0.41653837972062363	0.2379321456881951
0.3520525180948756	0.4018529505023345	0.24609453140278997
0.34511802982827633	0.4079026835050642	0.24697928666665958
0.34746860731658735	0.4121011740729905	0.2404302186104222
0.3422415520610832	0.4073204225575614	0.25043802538135546
0.34780466458327947	0.40937335075209563	0.24282198466462504
0.3466819300783943	0.4107227985387162	0.2425952713828896
0.350518659619082	0.40341190912257063	0.24606943125834746
0.34691996765604405	0.41549938802678854	0.23758064431716752
0.3446722948780267	0.4171387760160479	0.23818892910592554
0.3489709120609101	0.41283039020932744	0.23819869772976254
0.3477278718075525	0.4112122011818185	0.2410599270106291
0.34145248601310907	0.4067144255312777	0.2518330884556134
0.3464611763576279	0.4135596359960968	0.2399791876462754
0.34325026730846236	0.4179486414185617	0.23880109127297605
0.34459542971973917	0.4107526251827088	0.24465194509755217
0.34489236741955503	0.4121721290634082	0.24293550351703685
0.3442241273291984	0.41174047398460206	0.24403539868619967
0.35034608365465325	0.406068898946117	0.2435850173992299
0.3457679748646979	0.4162042510676509	0.23802777406765127
0.3417213104542787	0.41629334492886527	0.24198534461685609
0.34964428084929583	0.4074063168192992	0.2429494023314051
0.34328363045095256	0.4059604253473076	0.2507559442017399
0.3432612694586051	0.4109359325976137	0.24580279794378135
0.3473275358710111	0.40797940581824943	0.24469305831073956
0.3476986495288353	0.40177962158305347	0.25052172888811136
0.3453930595282836	0.4166317527334408	0.23797518773827578
0.34437128870250255	0.4071923683213357	0.24843634297616185
0.3520833139287639	0.41193315311048845	0.23598353296074775
0.34293241385246853	0.41751860877077307	0.2395489773767585
0.34335004379615347	0.4172860543091091	0.23936390189473752
0.34634656113802903	0.41004442945124203	0.24360900941072905
0.34985439613197405	0.4111791337120939	0.23896647015593214
0.34763612134615707	0.41422110630881614	0.2381427723450269
0.3505710679588918	0.40518839575324184	0.24424053628786646
0.34916149250531475	0.41441535510563865	0.23642315238904668
0.35118636829621663	0.41125503475008685	0.23755859695369663
0.34938488565597237	0.4033482661667808	0.2472668481772469
0.3456254416422069	0.4136557738634828	0.24071878449431044
0.3477186801327294	0.4072554275326622	0.24502589233460853
0.3496758115165696	0.40095266086069703	0.24937152762273349
0.3501570990565439	0.4038467917996206	0.24599610914383563
0.3507870595352253	0.4049621805420111	0.2442507599227637
0.3520290971815858	0.4076079053789944	0.24036299743941988
0.344452688400937	0.40921291962429474	0.24633439197476836
0.349848979136906	0.4105149330163225	0.23963608784677157
0.3475875361059795	0.4109046695550282	0.24150779433899244
0.34944050444502855	0.4042484859442703	0.24631100961070124
0.34487795058669724	0.415031552743607	0.2400904966696959
0.35159919796250394	0.4081106352603956	0.24029016677710058
0.34784099833905896	0.4061133477881659	0.24604565387277527
0.3516510748446764	0.40103157532547296	0.24731734982985076
0.34669413867534793	0.4070353895059864	0.2462704718186658
0.3441829476541927	0.4038810727281258	0.2519359796176816
0.3519127006178925	0.4017062921350827	0.2463810072470249
0.3490955586835754	0.4098027250723436	0.24110171624408117
0.34490682218475854	0.40408783153531047	0.2510053462799311
0.3426421946132278	0.410024444656648	0.24733336073012424
0.34772549471858927	0.4134239713061166	0.23885053397529427
0.3437588064348399	0.4190970412440447	0.23714415232111558
0.34950736583378555	0.41050910569849913	0.23998352846771542
0.3492825796661229	0.4071763559147177	0.24354106441915951
0.35209064598416917	0.4093621467970149	0.23854720721881606
0.35047343427142963	0.40493678063406063	0.24458978509450985
0.34455569273700937	0.41511939439238515	0.24032491287060562
0.34717878041122363	0.4126010293572021	0.24022019023157437
0.3427859574302101	0.40565626087641427	0.2515577816933757
0.34847485384039945	0.4038636173905474	0.24766152876905329
0.34910239778340785	0.41121781531448887	0.23967978690210345
0.3476126935233854	0.40284565675664946	0.24954164971996526
0.3430449047916502	0.42010211458073327	0.23685298062761673
0.3442415824080913	0.4111273197519445	0.24463109783996434
0.3452184815130563	0.4091273360712656	0.24565418241567819
0.34148203550264544	0.4208187520828401	0.2376992124145146
0.34852106767577107	0.4055053436120712	0.24597358871215783
0.3440927907247551	0.4194032964174381	0.23650391285780692
0.3519722889201208	0.4082474037769106	0.2397803073029687
0.34419603330253473	0.40700865933289415	0.2487953073645712
0.350146474173074	0.41038157738236786	0.23947194844455824
0.3479281303216769	0.4155264479918428	0.23654542168648038
0.3432946519644224	0.4139500451213641	0.24275530291421363
0.34780532573002815	0.41392191869756667	0.2382727555724053
0.3456421530088919	0.4042102654209825	0.2501475815701258
0.3459678347237516	0.4123611721327279	0.2416709931435206
0.3467779815347375	0.4053032723314314	0.24791874613383125
0.3463827425397911	0.4161568576283684	0.23746039983184059
0.35139093749412886	0.4124062598203093	0.23620280268556193
0.3480957616876738	0.4141990667562999	0.23770517155602638
0.3501770694804438	0.40951669993551376	0.24030623058404255
0.3462304892456252	0.40240417114061133	0.25136533961376356
0.34167006156707036	0.4089196872643336	0.24941025116859622
0.34851614224101873	0.41208656957683626	0.2393972881821451
0.3511047896088716	0.4009105437121745	0.24798466667895402
0.3488444396234598	0.4110438859190205	0.2401116744575198
0.34736617617681087	0.41258640322982143	0.24004742059336776
0.34210601895365167	0.4194881187090359	0.2384058623373125
0.3483658733363515	0.4094239230974359	0.2422102035662127
0.34784840953728213	0.4058303857294588	0.2463212047332592
0.34151783519402373	0.4185732183869707	0.23990894641900573
0.3425422065744056	0.41819232159521097	0.23926547183038355
0.3473424015944456	0.40362121127393985	0.24903638713161463
0.348431763874759	0.413652680942385	0.23791555518285612
0.34842254136323036	0.4138356327594136	0.2377418258773562
0.34280488395364894	0.41164541646853003	0.24554969957782108
0.3424892565357082	0.4148410541895	0.24266968927479193
0.350752641663055	0.4014848544954872	0.24776250384145795
0.3453199835180256	0.415114326698801	0.23956568978317355
0.3480214458777213	0.41153219677691444	0.24044635734536435
0.342435489428771	0.406141992938005	0.2514225176332241
0.3509776431862696	0.40762405260076295	0.2413983042129675
0.3508038157176705	0.4076152313261765	0.24158095295615312
0.35172204247570743	0.4036253591742017	0.244652598350091
0.34580302961042386	0.4083317653759021	0.24586520501367415
0.34871423735019563	0.40485075694561	0.24643500570419447
0.347090048631123	0.41199168463892477	0.24091826672995234
0.3518665839794513	0.401657606308504	0.2464758097120448
0.3464449116380867	0.40261720077106333	0.25093788759085006
0.3444622063282679	0.41029565639953053	0.24524213727220168
0.34290694633516206	0.4175952553140123	0.2394977983508257
0.34302238257212103	0.4066997961671971	0.25027782126068204
0.3455243367958102	0.41658328560304214	0.2378923776011478
0.342633429806129	0.41341096096158325	0.24395560923228793
0.3511420998476187	0.4084014462161074	0.240456453936274
0.3423154137235659	0.40873064913591217	0.24895393714052205
0.34469892870377417	0.41398527147253034	0.24131579982369564
0.34164590670529615	0.4148616221831565	0.24349247111154748
0.3510217217369628	0.406819013268756	0.24215926499428136
0.34248181756041607	0.4215607067309566	0.23595747570862746
0.34244967745714144	0.4097968338782615	0.24775348866459723
0.3449588763873762	0.41223279323834766	0.24280833037427624
0.34610148383271305	0.4034344288766649	0.25046408729062214
0.3517521986703956	0.4040808209084086	0.24416698042119592
0.3488461957782332	0.4102877362473444	0.2408660679744225
0.3426598308006158	0.4104406673536638	0.24689950184572051
0.34817905160918394	0.40589527362283895	0.24592567476797722
0.3472337664741565	0.4103054379223956	0.24246079560344802
0.34199400694115367	0.42086528868762935	0.2371407043712171
0.3489827180559185	0.40568222147157573	0.24533506047250583
0.345854597540031	0.41118418929010825	0.24296121316986086
0.34711483687820704	0.4064228880871372	0.24646227503465584
0.3506409443070078	0.40402639009911195	0.24533266559388034
0.3495220574091263	0.40482358855225953	0.24565435403861433
0.35109233397150563	0.40405775110943276	0.2448499149190617
0.34612084612288446	0.40439103535654924	0.2494881185205664
0.3501028498795945	0.4076693496964227	0.2422278004239829
0.350254272740128	0.4058353034109509	0.2439104238489212
0.35182725886119603	0.40823753856985373	0.23993520256895035
0.34785625311724117	0.40877869604651684	0.2433650508362421
0.34581173803914805	0.41053041445795757	0.2436578475028945
0.3460337488460279	0.4158827462882264	0.23808350486574584
0.3501537309082372	0.40234706401297415	0.24749920507878875
0.3446545672599372	0.4084918779385015	0.24685355480156138
0.3468391028278976	0.41184412645173796	0.24131677072036456
0.3444906479129933	0.4034561643168385	0.25205318777016833
0.34653407078250253	0.41042276049453674	0.2430431687229608
0.3503571196475834	0.41384856744528975	0.2357943129071269
0.3477745308688359	0.4147624101987224	0.23746305893244174
0.34525240903748516	0.4112272468056465	0.24352034415686846
0.34822464129089215	0.40791991000658845	0.2438554487025195
0.34920774131689764	0.4110372458551107	0.23975501282799178
0.3450346705692119	0.40346549935315784	0.2514998300776304
0.3414766593927002	0.41662062212533985	0.24190271848196004
0.34162210397573994	0.40727902729783566	0.2510988687264245
0.34977328067796215	0.403523469537362	0.24670324978467598
0.3438180244071988	0.4128475325079683	0.243334443084833
0.3482305992380357	0.40227859020441403	0.24949081055755037
0.3472365827311033	0.4107019745799152	0.2420614426889816
0.34227001607970886	0.412173528730848	0.2455564551894432
0.34384038477934514	0.41707108429646245	0.23908853092419252
0.3458782928063427	0.40375726452770666	0.2503644426659508
0.35196040432922265	0.4098505162040553	0.23818907946672213
0.35018073549273543	0.40952998255623485	0.2402892819510298
0.34833357723332564	0.40849032022365817	0.2431761025430163
0.3458513859170546	0.4148947038873161	0.23925391019562942
0.34780887665049115	0.4065852582095527	0.2456058651399562
0.3443629374890367	0.4071435918225966	0.24849347068836686
0.3446680632836505	0.40253431291521147	0.2527976238011381
0.34828868782740674	0.4150406203477677	0.2366706918248257
0.35190387206839985	0.4035940571070337	0.24450207082456654
0.3444268606276294	0.4043313299004841	0.2512418094718866
0.345416511492102	0.4147479616988605	0.2398355268090376
0.3508250498712022	0.40635419768175957	0.24282075244703832
0.3463963188425124	0.4146639464623663	0.23893973469512142
0.3450279389595486	0.41093901971237484	0.24403304132807668
0.34239265949576164	0.40580095125963506	0.2518063892446034
0.34206061829215684	0.4172559938356937	0.2406833878721496
0.34561441972963336	0.4063953576595685	0.2479902226107982
0.34783197274341365	0.4017162376189647	0.25045178963762177
0.3468780288426364	0.41520606785198044	0.23791590330538323
0.3494011303826123	0.40421245947971873	0.24638641013766913
0.3430737811582027	0.4117663250287873	0.2451598938130101
0.3509347520268163	0.4103171357374433	0.23874811223574058
0.34624128095823437	0.40975825531072835	0.2440004637310374
0.3457451628986208	0.4107157684378698	0.24353906866350955
0.34582464238214855	0.40693012142721763	0.24724523619063393
0.3467137027231502	0.40607616860569484	0.24721012867115502
0.3422789653604361	0.42008390527251693	0.23763712936704706
0.35129655645052843	0.4057954213744843	0.24290802217498736
0.34723190282050975	0.41233257738605206	0.24043551979343833
0.3469495933259282	0.41066351584584915	0.2423868908282228
0.342344460749742	0.4072331870511794	0.2504223521990787
0.34671510487812157	0.4081139579328852	0.2451709371889934
0.34951552947738174	0.41462741303706946	0.23585705748554894
0.34885046833781574	0.4013373041190353	0.24981222754314908
0.3425988826480635	0.415140679191436	0.24226043816050064
0.34539847042979727	0.41181791124316025	0.2427836183270426
0.34914454639243	0.41106258311277205	0.23979287049479808
0.34307370664091036	0.4163206120242244	0.24060568133486537
0.35060228246353964	0.40778185628238606	0.24161586125407442
0.35038963898271874	0.40870044645998205	0.2409099145572993
0.35206400060604415	0.40446723647839056	0.2434687629155654
0.3509131691610759	0.40584362636204774	0.24324320447687647
0.3427038608814951	0.42116635317561346	0.23612978594289152
0.34538761368231374	0.4113455496485014	0.24326683666918497
0.34913108242449453	0.4091753325855271	0.24169358498997845
0.3468350525266604	0.4158493569448662	0.2373155905284735
0.343721650106831	0.418343977820874	0.23793437207229512
0.3514564440136914	0.4071522925667908	0.2413912634195179
0.34747319627840323	0.40342848264219433	0.24909832107940252
0.3461746903777538	0.4081650438327521	0.2456602657894943
0.3435965591993908	0.40526656665374144	0.2511368741468678
0.3510393953076639	0.41079458926801193	0.2381660154243243
0.3473428674163693	0.40747653086766744	0.24518060171596334
0.3427938741369038	0.41668967538152324	0.24051645048157308
0.34676303584853546	0.4018812540483624	0.25135571010310226
0.35175418271270226	0.4113131491424548	0.23693266814484304
0.34467635408306024	0.4030179748958479	0.25230567102109197
0.35045644833313694	0.41229774251629336	0.23724580915056986
0.34612184860117234	0.4025885189853704	0.25128963241345736
0.3501077496257795	0.4103306130812183	0.23956163729300228
0.3427723683933334	0.4046401581853607	0.25258747342130594
0.34373720436939637	0.40667667560629	0.24958612002431374
0.3490103280716915	0.4126879003409607	0.2383017715873479
0.34563478330295716	0.4101683689361488	0.2441968477608942
0.3517776786633958	0.40684189605367627	0.24138042528292797
0.3490005866571233	0.4013029460872764	0.2496964672556004
0.34616964462645106	0.4049232590076963	0.24890709636585276
0.34746552848187495	0.4104663617463875	0.24206810977173765
0.3443591046653096	0.4165717620787136	0.23906913325597695
0.34483939975746886	0.4064971378266842	0.2486634624158471
0.3478024788396163	0.4042442008687656	0.2479533202916182
0.35094446511422245	0.4131306231565991	0.23592491172917857
0.34606975406485757	0.40299028853132085	0.2509399574038217
0.3423156999260493	0.4073117148388763	0.25037258523507455
0.3452886148009722	0.4163002836858788	0.23841110151314907
0.34693615024190816	0.4161345642227244	0.23692928553536757
0.35014637687969	0.4065635400476276	0.2432900830726824
0.3470308291713102	0.4098389679322495	0.24313020289644044
0.3425881454338311	0.4088187681315942	0.24859308643457484
0.3468833444349089	0.4132149197330596	0.23990173583203162
0.3506489567994417	0.41062986078257224	0.23872118241798618
0.34511220279972893	0.4139917165392773	0.24089608066099388
0.3510660671783162	0.40925759116741167	0.23967634165427232
0.3415305981614092	0.41750583466128305	0.24096356717730794
0.3457457476819268	0.41554660845892416	0.23870764385914914
0.34732136151700416	0.4044235809270401	0.2482550575559558
0.35079768659556343	0.40654824804653467	0.24265406535790202
0.3424096474074214	0.40966101291524437	0.24792933967733435
0.34377988085810784	0.4110524064213077	0.24516771272058452
0.348762188644051	0.41083834869035957	0.24039946266558954
0.3520393805719764	0.41079303041208043	0.23716758901594326
0.34936300621773564	0.41422309126055507	0.2364139025217094
0.3443708756852762	0.4198003578693384	0.23582876644538553
0.34747636525057485	0.4020992599935055	0.2504243747559197
0.347515488660611	0.4085596645506178	0.24392484678877127
0.3516716060053608	0.40453019448033056	0.24379819951430876
0.34438136110935347	0.41476613901684534	0.2408524998738013
0.3464710701766942	0.4172998052480067	0.23622912457529927
0.34906234576162043	0.404253936243291	0.2466837179950887
0.3484844565412974	0.41009879218807976	0.24141675127062298
0.3481970814979616	0.41251923987189587	0.2392836786301426
0.34327476283943004	0.41274127141396555	0.24398396574660455
0.3499605460242659	0.4083448115232085	0.24169464245252573
0.343332036295789	0.4133424513510301	0.243325512353181
0.3425805947687153	0.4151444366972761	0.24227496853400876
0.351286284806266	0.40170271584106015	0.24701099935267395
0.34330307269381455	0.41013453580555875	0.2465623915006268
0.3500617250807321	0.409159478872664	0.24077879604660402
0.3465384830226191	0.4102046707609305	0.24325684621645055
0.3516270208872557	0.4067814481240444	0.2415915309887
0.3501700512168864	0.4052188542036234	0.24461109457949032
0.34265030464351	0.4112987075493063	0.24605098780718376
0.348945847247249	0.4129460069205978	0.23810814583215334
0.3490985715760246	0.4105255255333772	0.2403759028905984
0.3519263613950467	0.4097130260031311	0.23836061260182234
0.3472405059283687	0.41613509909992985	0.23662439497170157
0.3415897190714466	0.4132829733859787	0.24512730754257483
0.35025224993274695	0.406814016303274	0.24293373376397914
0.3508507741577268	0.41255454773868094	0.23659467810359242
0.3438623135478184	0.4070176737980589	0.2491200126541228
0.34598064880851465	0.4172385065197051	0.23678084467178034
0.3492961264891684	0.4013635202286609	0.24934035328217075
0.344319484202912	0.41753293014604453	0.2381475856510436
0.3420176015067511	0.4114291370127643	0.24655326148048468
0.3416509218727891	0.4212388068252969	0.2371102713019141
0.3462474475895236	0.417925634792231	0.23582691761824548
0.34178620087352096	0.41900518835041617	0.239208610776063
0.344868609250944	0.4131125060887938	0.24201888466026233
0.34417490440986914	0.41864644687913893	0.23717864871099203
0.34761712884268636	0.4024447777111836	0.2499380934461301
0.3469749592352197	0.40891126310395065	0.24411377766082976
0.34961829556382584	0.41293102603388404	0.23745067840229023
0.3414801393042662	0.4189336093158158	0.23958625137991818
0.3471716327576174	0.4038492733149477	0.248979093927435
0.3484568985648404	0.4056719624817931	0.2458711389533666
0.34316926269648695	0.40661158746702303	0.25021914983649013
0.3479563951625432	0.41055635787438804	0.24148724696306884
