0.02451655293406549	0.04134468491848595	0.1267286839014978	0.05863594950778217	0.13954240071384513	0.3517949239665559	0.23687666204409838	0.020560142013669
0.017942171240650423	0.05164801117977967	0.1370514609341245	0.06870742398833148	0.10762894061149414	0.35232351650829097	0.24664846466828572	0.018050010869042912
0.014984404923546246	0.05206986879921252	0.20583997665129689	0.06541633036729459	0.1258848479285386	0.34063379145197636	0.17655630974086925	0.018614470137265332
0.017999644200666576	0.03448804561115491	0.12444887933236455	0.04320374544223329	0.13957796439675405	0.43755692646166855	0.18527817283647524	0.017446621718682637
0.017187771178636457	0.04328564834485968	0.12597378955478425	0.05641731413420288	0.15331227432139052	0.45021273645525717	0.14221894251511524	0.011391523495753647
0.012226547144293068	0.04365114788737348	0.28290795426109483	0.0697706143702126	0.09349905705608313	0.3385494385533795	0.13444829556849147	0.024946945159071796
0.024878904117887318	0.03868627066816098	0.32975194243729933	0.03059496803638906	0.09418757506206434	0.35217705591886816	0.11591308769253171	0.013810196066798938
0.021937070243436815	0.03279889338994442	0.29105282886880013	0.07159476096784473	0.10014087530686783	0.349277733843372	0.1192852791005853	0.013912558279148557
0.014779029260891516	0.03717344776538614	0.27466231714780076	0.07040404290327042	0.11045222046929719	0.36942435043610133	0.10350009045187017	0.01960450156538232
0.016435237547130846	0.04847447499682821	0.18442494058254003	0.05265415409272868	0.14893360819407328	0.3849599170004049	0.14753784358653185	0.016579823999762017
0.012468940028662001	0.046946501952990105	0.2058101228152912	0.047353631117788356	0.13383265626531304	0.4187016779891053	0.11632255237315949	0.018563917457690343
0.016732848555616603	0.0477258644051273	0.12843695956181841	0.05253673716457116	0.09667508130859313	0.4371043308475637	0.20411861517966434	0.016669562977045235
0.016088360614887692	0.048805229532812563	0.2398547502022687	0.03506669832033715	0.10352466857265491	0.3935159980537368	0.14390998896538187	0.01923430573792012
0.014200573249731452	0.047150406655538574	0.19991527760111413	0.05274974708558833	0.14664017607784136	0.40646458169767286	0.11047176770554284	0.022407469926970264
0.01963961389548609	0.04315689018954612	0.16384536836049576	0.033306447750586096	0.12390376808231902	0.34004810922800544	0.25878837922807685	0.017311423265484474
0.022392665348496654	0.045901805534216744	0.13200828810851914	0.06795660200013291	0.1427446419342004	0.3919952157156068	0.1741129330889991	0.02288784826982801
0.02132514242276573	0.053150939471086095	0.17505525038324954	0.04354536630847054	0.13332285833482574	0.40741870780328004	0.15001580136967152	0.01616593390665058
0.017830616471013763	0.03797821659525197	0.18110172697791133	0.04355365860044111	0.09191095684060872	0.4795569703743928	0.13750318714829363	0.010564666992086386
0.02058671693663139	0.04506861072890979	0.16313063122602764	0.06646774313260376	0.11472843461748601	0.41525649625129324	0.1641499136773665	0.01061145342968145
0.01316842207821882	0.05128785853094932	0.20007773777446222	0.04959287567600083	0.1442868190665772	0.3778432812585414	0.13894601717342847	0.024796988441821627
0.023875571249596703	0.038729449440356514	0.19313032599543178	0.057944625442054365	0.1054966938231359	0.41417354340167345	0.14396884222975986	0.022680948417991273
0.02025157201000577	0.035365212746942445	0.1896711654958006	0.03468294377161456	0.1387276762164544	0.42795791854699594	0.13376351822260335	0.019579992989582767
0.01886979959949847	0.04845103780770067	0.13669489092827164	0.048020654858356285	0.0991440718935778	0.4193912270753978	0.20530001786913146	0.024128299968065647
0.024862753329164794	0.04669182974142906	0.17983737847475156	0.04452635930201254	0.0956961658736751	0.3886442591111726	0.20548883595403733	0.014252418213756807
0.013144101862097246	0.042355517287057914	0.23316257712018318	0.06005090292963111	0.10628359274369448	0.358634396557058	0.16904104335674233	0.017327868143535638
0.019303878458423823	0.05294032870117657	0.2608164418169763	0.06223514648186923	0.09578918273296899	0.34459644430299186	0.1506779383260221	0.01364063917957091
0.015172550264731147	0.04253287765357808	0.24842186603632613	0.03437296459357361	0.11269414246854145	0.33510687510237336	0.19227440965224454	0.019424314228631487
0.018299127222815376	0.04967723330414575	0.257549694287484	0.05612183639561659	0.1162838417426098	0.37334166558774373	0.10578297374555852	0.022943627714026055
0.01925721574382039	0.031385528349676034	0.23897969449971052	0.04677414864285087	0.1322225334976196	0.36696508471669675	0.15174803560324618	0.012667758946379504
0.01741517474059559	0.03927149147696185	0.22268217681778807	0.05769127040069014	0.10032336376169618	0.3611086288736264	0.18921781093134699	0.012290082997294602
0.01575236988106818	0.039797881745969974	0.22359589763946036	0.04039131967306868	0.09864492262914157	0.41012977981210186	0.15328059349016898	0.018407235129020136
0.02245360242244565	0.042513430849955985	0.20108976447363414	0.06830748923342397	0.10167553180098826	0.4129937719325516	0.13460591332279706	0.016360495964203192
0.019554785182756718	0.0478139670453739	0.24458997629668133	0.06129494646285226	0.14028512273739885	0.34180064116267617	0.12757797524442502	0.01708258586783555
0.018925170838785213	0.035519305832225984	0.23712270285614867	0.03990425829781516	0.11772695910225431	0.3577484091691788	0.17246071894305087	0.02059247496054073
0.012714373415706526	0.04541520134347066	0.19889975618788802	0.06756056880988887	0.1275625566371371	0.39496587999452093	0.13105903693206594	0.021822626679321847
0.01462829692798609	0.0399057183564826	0.22545478154638518	0.05073924494136933	0.09546863546550446	0.36770028370996966	0.19443932600725883	0.011663713045043655
0.01735975172553958	0.030583219759078545	0.228860609619299	0.06005348232636769	0.1349732702485601	0.3900431036508095	0.11622600912980614	0.02190055354053924
0.01468314409275312	0.03525382951135306	0.2302188085574897	0.050878973680168804	0.09967668346347719	0.3721859722151421	0.18654260188109129	0.010559986598524612
0.019753144672316855	0.031629570503612425	0.1257106202411688	0.035107779153798896	0.14157412436315353	0.36674934732296327	0.26591156610856553	0.013563847634420506
0.022995516182771722	0.03231357870716017	0.2305871230820759	0.04089907633362397	0.10953218009965335	0.35840334666513907	0.19450623417236063	0.010762944757215037
0.01765085395529914	0.041052945872469854	0.13736057519151904	0.05909401437034706	0.1358446440450864	0.3773288696685405	0.2176855282279622	0.013982568668775605
0.022015673992166584	0.04129300047699333	0.18330015288820806	0.03248213934588	0.12472985986623564	0.3511353306626665	0.22048777652782864	0.024556066240021088
0.015516821400450007	0.05059134482860872	0.13247955546927723	0.035095216461352316	0.12573711789815345	0.404131582898004	0.22199280640377816	0.014455554640376025
0.024009911690339017	0.04014599151740214	0.1945149337097199	0.052047879439281644	0.1483369974667438	0.3594090361622678	0.16882073476307244	0.012714515251173064
0.01883481926325277	0.038890432041579534	0.24600979429564324	0.04215246582029174	0.11922472543314097	0.3877506240900932	0.12546261178512588	0.021674527270872462
0.01317004539002109	0.049892235899259674	0.2133497880061996	0.05960934592862985	0.15107681229039616	0.39073447624424773	0.09998286954011264	0.022184426701133075
0.018120959652227583	0.031240666716263563	0.2621602397755135	0.06300000071818754	0.11872409741798817	0.3789339617280817	0.10668664106889122	0.021133432922846557
0.019407614750733784	0.032395936204821854	0.1778799407267126	0.05653865801332372	0.15308264344059877	0.34409118294547236	0.19837340868358216	0.018230615234754555
0.02211919990559999	0.04013549311011956	0.20950560660424555	0.06861721651571834	0.12382809310475858	0.33887761763946866	0.1810439589989482	0.015872814121140943
0.014978164054214954	0.04494594445451956	0.18196140279076972	0.06433717751602958	0.13850467903078778	0.33870980919021243	0.20030585826222522	0.016256964701240578
0.019865495990982168	0.032394158828044015	0.20113916194077464	0.05885330421128329	0.11246362765864687	0.3438097761887574	0.21125949946302564	0.020214975718485795
0.02387209382147014	0.04884128777613621	0.15683677097000864	0.029981182571274953	0.0929380160711857	0.42387237678882994	0.20357502473313233	0.020083247267961873
0.02185990189867623	0.03083313272216863	0.26438026014113447	0.042656157297967484	0.12091070420195288	0.3873186040195027	0.11553293272773132	0.016508306990866084
0.019426691403064716	0.04357265246293961	0.2087299101484782	0.05787895885007879	0.1429205992769564	0.3338869589768614	0.17752151147755388	0.016062717404066826
0.023361948443576863	0.04557236565834878	0.22309281565662403	0.053430134761532466	0.09581822557509642	0.3645964657679259	0.1769563860561891	0.017171658080706198
0.013983548475483706	0.03885407590805588	0.14732658952541886	0.06521736067493814	0.13083607063471756	0.4484133327271034	0.13036715167270196	0.025001870381580305
0.015882919471613535	0.04942375538216286	0.1369766469433073	0.07178304714286099	0.153712235743493	0.45803069905390714	0.09966241380170923	0.014528282460945771
0.02202550403745679	0.04248382994044156	0.25919692369778735	0.0540122096007265	0.10374167386310856	0.40063986712729316	0.10353993516344669	0.014360056569739182
0.01798549072845064	0.04969561493701598	0.19367819365841518	0.04385403827330116	0.09151324149821713	0.42305196836534553	0.15651246796113108	0.023708984578123177
0.022666683153473463	0.04209915521522929	0.1270210559529956	0.043923571239208606	0.12112574357018127	0.4145352329055033	0.21441569693276258	0.014212861030645701
0.022959767061638145	0.04138317926944021	0.15124775371923427	0.05742761805278747	0.10298087101672682	0.4755606510601249	0.13364087550344614	0.014799284316601907
0.015862742466566243	0.03968902860681313	0.21422495215316378	0.034311463027679776	0.14204694633043527	0.4235021252752924	0.11303599710798955	0.01732674503205979
0.01322056104305741	0.03191910751760792	0.19159740404191133	0.045150556235292974	0.14458671357627775	0.40711565837570873	0.1417545533621938	0.024655445847949806
0.022369402525827364	0.05122283493163349	0.16982623041871092	0.030426501056428412	0.12242774899292959	0.35161276794458307	0.2405129394972309	0.01160157463265607
0.023694976695688735	0.03153308250982555	0.14301574868785488	0.07182852506176465	0.14088316282318641	0.3844039954300239	0.18573100945668347	0.018909499334972324
0.01399428682775769	0.04186553484320865	0.11767439632474065	0.05819808217442389	0.10556284848768357	0.40551778025944496	0.24609191280090542	0.011095158281834966
0.015347094235818828	0.0473000755246516	0.13444441177171054	0.0509840774495806	0.10329877468193346	0.387214573824164	0.239086844226899	0.022324148285241777
0.013512840373930385	0.051337235544716434	0.1376383900613834	0.051556514213732085	0.12163239314238777	0.42016077401500607	0.19016795089242838	0.013993901756415322
0.02025165450144177	0.0365310570211826	0.15539075412527534	0.030455977668065543	0.10394878707682488	0.43358683611373816	0.2095692889358367	0.010265644557634873
0.012579020414579839	0.039206989395008815	0.20029516278154208	0.06303316084090616	0.10512206177836324	0.4462986604215752	0.11858029387300151	0.014884650495022966
0.014254248168212816	0.05141019785192251	0.22613974036054368	0.049340517465116904	0.13649853480893712	0.38655381862818816	0.11307301834001146	0.022729924377067126
0.01843661813637487	0.0515062797739695	0.1607474585076793	0.06448083206340738	0.11788905773961308	0.33207186326226423	0.2319341113437112	0.022933779172980173
0.017214025642152977	0.050435809796305575	0.23460429472367667	0.05022090701905485	0.1385429099556497	0.33316962326229616	0.1649370568921237	0.010875372708740227
0.022992588260664693	0.033103466016634525	0.25660143568479343	0.04555150167632446	0.13601294962697555	0.3613414167706791	0.1283159180286852	0.016080723935242763
0.02363761487263999	0.03281369958580266	0.27796436873088093	0.0359013708221156	0.09975019819213715	0.3562071628766059	0.1571839997923751	0.016541585127442443
0.018649615899112515	0.03222909442311031	0.2550646407178586	0.04280390549023619	0.11068512798196342	0.34018211277769395	0.18019007235768347	0.02019543035234131
0.020671376208142217	0.04021486557067369	0.2691085042085773	0.03515178480425153	0.14306512507838798	0.33921344067927134	0.12752434602791987	0.025050557422775913
0.021338456352402085	0.04760179896449575	0.2598792417785005	0.05506227847743467	0.0914221166514041	0.393212646625802	0.11075912392807254	0.020724337221888114
0.024448454375632117	0.03563427740955932	0.2243336096769332	0.030188567603635474	0.09332847896078963	0.3981814649707317	0.17983752274376483	0.014047624258953492
0.012552663650405943	0.0335165461924911	0.25473968735435276	0.06422410956089353	0.10881001518807779	0.35437812605786	0.15362394021319364	0.018154911782725047
0.016884217449850886	0.032343526298005285	0.2391598229153741	0.041350329155810855	0.12213751344460878	0.3445972360610483	0.17871181455294327	0.02481554012235837
0.019721912129681524	0.05184114756561661	0.2039581020782294	0.03944007085266436	0.10597601012008306	0.34540433479104315	0.2139993695707396	0.0196590528919421
0.01790501691546713	0.04850176747468854	0.21091959992325462	0.07171650100165727	0.11705829048882432	0.40602245633970624	0.10572640056453025	0.02214996729187141
0.02295103651996977	0.039242697686379155	0.18665851531624547	0.04101447945648404	0.09317950226967597	0.4321606775642526	0.1679331033575809	0.016859987829411893
0.0148622977457607	0.0356422108433828	0.20090718008974356	0.059069016588287684	0.10039353417332682	0.341285203268179	0.22824857179345412	0.019591985497865116
0.014729069340762402	0.041240635571330064	0.11633413549799876	0.060159527726143025	0.1165619038350613	0.3994980133259808	0.2368433138618925	0.014633400840830979
0.016989418238403192	0.03513852038226081	0.1470376146796213	0.030889360891083767	0.0963749195119594	0.38813552166291887	0.2653487239169218	0.020085920716830616
0.02120600189076023	0.037755505556148955	0.15438443005862013	0.04122475424143461	0.15237745657943688	0.3801007783517619	0.19151874820482606	0.02143232511701096
0.020372672771461403	0.03423891613182367	0.21062591863543406	0.05379534897259891	0.12484759084929051	0.4255140082894582	0.11861777813594113	0.01198776621399189
0.0244949532636545	0.05238468280227558	0.12057328988976407	0.05338829337866015	0.0957441697438321	0.45789447330386046	0.1764512605404769	0.01906887707747612
0.01602646427212258	0.03751106945673699	0.2165030522743934	0.05599867507722464	0.11704413591012497	0.38036947392383536	0.1662699120412813	0.010277217044280473
0.023571073738294382	0.03461218560097064	0.13252649465739938	0.03112941597949724	0.15337096354468902	0.37490563507528085	0.23477026849811528	0.015113962905753009
0.024183700684965392	0.04577395450300928	0.17686300673304056	0.04615898107822315	0.0904869064570652	0.3765060339634747	0.21752144783160382	0.02250596874861771
0.013543721567756087	0.037484687771791786	0.11963507480303033	0.052962794812589406	0.1518486925876911	0.3486048797483199	0.2565238347936598	0.01939631391516143
0.01768277128721571	0.04462010607500283	0.16847782329851257	0.03208045815306179	0.1285215806994818	0.4729049766414223	0.12474734432416693	0.010964939521136002
0.01336365065370139	0.03929867446869942	0.17213666236892933	0.06981979756415935	0.13005822661807306	0.35819795025822143	0.19613797869602972	0.02098705937218609
0.02451149699289562	0.053256404214395356	0.154505057131539	0.0392845466515874	0.12196981774101617	0.44403589888663886	0.14420153647536724	0.018235241906560187
0.024025007845261667	0.04182222022264309	0.2129969914472299	0.04723016406826672	0.11853480337859558	0.3329058367464184	0.20257262426372813	0.019912352027856378
0.02391068875652931	0.05113618937676931	0.15143966455780822	0.05629347304592296	0.1083100496644315	0.3897769375980431	0.20766652306179784	0.011466473938697624
0.016028767821349973	0.0413806925604918	0.17218477168988572	0.03317833003143926	0.12948651111351037	0.3502356380956444	0.24346747345548642	0.014037815232191789
0.02454543841886546	0.04768796995855351	0.23444024067887848	0.036225327253935666	0.14474419155007542	0.3700240382295118	0.11945521435862007	0.022877579551559432
0.024186162579064793	0.03237089149006074	0.3258728376524632	0.05420749401788166	0.09235487641089705	0.332335208488203	0.11790683179231078	0.020765697569118474
0.024939573844992388	0.03528319698225987	0.2707979916566867	0.06544795543050341	0.12436295847675632	0.35548180981344735	0.10459207208883488	0.019094441706518833
0.0173828643641675	0.0346633538945504	0.26580219522812865	0.04204613186256388	0.118804630714496	0.334487292419933	0.17060827905979262	0.01620525245636774
0.02277165703067416	0.053273097209059705	0.29714607758252565	0.03156152215076821	0.09268703650028912	0.3520000236136188	0.13693400160742963	0.013626584305634515
0.019089742008377555	0.03253466799075033	0.30697454022524684	0.03725886033120687	0.13710104043741683	0.3414698103705066	0.11531396514552615	0.010257373490968696
0.018398535202263727	0.04391588938377679	0.2383065477323554	0.03354238910104096	0.12740710283487666	0.3582307498722598	0.15502089135357797	0.025177894519848504
0.024231846633728904	0.04162168270866687	0.253904845672125	0.06282770188905906	0.10262821502484935	0.3809509078458141	0.11406686921712424	0.019767931008632236
0.018187544944685788	0.05351820806655577	0.22177339704598126	0.06031964348403358	0.13253973124809446	0.38551980769125016	0.10772461588710441	0.020417051632294236
0.01882948926998368	0.040961725372294006	0.23036577528345364	0.05228847815442461	0.10743666436711401	0.3627343395572561	0.1736998910368649	0.013683636958608941
0.022500469505271528	0.036210887426794056	0.23727334757078444	0.032849162849684435	0.09792032036131684	0.4490523784729845	0.10652385350441389	0.017669580308750044
0.015361066047395594	0.045957469154792874	0.24263414219116786	0.03496178878779235	0.14608991290034506	0.3748296907132941	0.129302116563807	0.010863813641404957
0.014782497541540138	0.04498237362790976	0.19541485865580527	0.06930015095856981	0.14338326070576682	0.3958427485373365	0.12563051859060398	0.010663591382467641
0.019999464253543237	0.03358019150196208	0.1220668507817525	0.06623028423177132	0.1519756848012161	0.4358433209858046	0.15256661027758495	0.01773759316636503
0.02333507373082011	0.041602772732380194	0.17654984838462123	0.03848647926649522	0.11120296201612724	0.4375505301830076	0.1563593160768564	0.014913017609691756
0.018961927309527393	0.04078286079476026	0.18279538306245255	0.054826525851760094	0.15069468016453894	0.40856142899438497	0.11863092592561052	0.024746267896965074
0.013498085570057439	0.05223438229641689	0.1158926761507829	0.0357588920654575	0.14867684152019314	0.48447143264800896	0.13583791244982651	0.013629777299256463
0.0173664580926797	0.05005651425787022	0.28459718313657467	0.03930788477230476	0.12416578436496067	0.35067249006240453	0.1094672688805806	0.02436641643262455
0.015825515522682326	0.04419207218602275	0.2740699544283001	0.05611042545083764	0.13548204236155814	0.3420516235808546	0.12143489395071047	0.010833472519033771
0.014930807584262393	0.0453283921653727	0.15299448230752738	0.06176078193925823	0.10938970125028499	0.42537441623124994	0.1654031874797333	0.024818231042310956
0.02171128724381087	0.05112431212615798	0.12276311466376817	0.04503352519446485	0.13377397398414953	0.37381039314934855	0.23558338425209063	0.016200009386209246
0.024952721765419003	0.04991948145006436	0.11742542362098451	0.032080124018617526	0.14153659506503402	0.38288994644515095	0.2386482126313641	0.012547495003365286
0.013213849390665958	0.03308246845392969	0.18649301059623463	0.04931670302826052	0.1254049068378483	0.42212088662171243	0.1563315770123184	0.014036598059029903
0.01965807444877915	0.0438611826316478	0.21190109538785962	0.051655299094995416	0.09376679137573173	0.4258645356226006	0.1416346996218263	0.011658321816559222
0.01884497749239769	0.052370398833376394	0.1260633216738562	0.07093974958627347	0.11190840222248936	0.4769680265716253	0.13167281847058543	0.011232305149395938
0.02489100174918006	0.03672270826312213	0.1226380209514743	0.03453682580850982	0.13116322809027112	0.4198652219380643	0.21124692584139765	0.01893606735798037
0.022200538624968458	0.03513180653711906	0.22607768685980284	0.04141422859660712	0.08961325093271358	0.4116636882573341	0.16184715844522662	0.012051641746227998
0.020696628162809053	0.04485182441915522	0.2121223769235323	0.0493031946481563	0.09506294331065313	0.3816935698685785	0.17456005926117021	0.021709403405945085
0.014912776663704441	0.03587055190247759	0.21575517296721972	0.03343023040959209	0.12940009084995313	0.4209032279721814	0.1302501338126261	0.01947781542224533
0.023851585427756367	0.04551005182012441	0.143531901921449	0.0684648428286807	0.1113351148049414	0.45562985892548347	0.12902115094926775	0.022655493322296757
0.01222389683929137	0.03330826717756105	0.17282174541858616	0.06044876330003532	0.10912292351000216	0.46127346955084725	0.1312565707313859	0.019544363472290605
0.020236339477923013	0.04276746392890264	0.13666274299467468	0.05879281869855381	0.12334471978986429	0.4121897707314579	0.18127273283337564	0.024733411545247844
0.01717402279658531	0.037408999716399494	0.18718984965513902	0.04925899311599606	0.09528682169567056	0.40895749248543267	0.1825957527574373	0.022128067777339347
0.017419651148961643	0.035020852893304394	0.3099086713651956	0.03803213909381353	0.09221922395648965	0.3686350024972035	0.12795751140086153	0.010806947644169868
0.01567456863533845	0.05336669227590654	0.31114719805808183	0.03165250941889704	0.11065006165286287	0.34065883356863247	0.11504247909819185	0.021807657292088833
0.013766661319417325	0.03984978641110022	0.3423321166066904	0.03001996851239258	0.09664574265390155	0.3423403567187847	0.11637314746033045	0.018672220317382637
0.018548470472670595	0.032158194147817884	0.2453869542643109	0.06206673928814503	0.09625104164502506	0.3762575464057023	0.1569426771705256	0.012388376605802442
0.024989599117232336	0.04776933627395184	0.2567343334728764	0.07211875214486181	0.1054347532192127	0.3540036908319294	0.12266509070118253	0.016284444238752818
0.01999334000863867	0.04172030692507192	0.24862658413791017	0.05006223406380317	0.12227707415115045	0.3611208029093524	0.1456027091212709	0.010596948682802157
0.01906482000509095	0.03221269277821323	0.24207850528464125	0.0551956040026651	0.13790205647379591	0.35198950976702303	0.14722186836102827	0.014334943327542093
0.014936783639604309	0.049527386071582066	0.2857029239935863	0.038574321500774306	0.10478181674166165	0.3339956421813048	0.16167572653153894	0.01080539933994741
0.015764652575439353	0.037575687341682734	0.2059224502484476	0.06782952032830647	0.1225111405492921	0.3431351070303065	0.19389100072060916	0.013370441205915948
0.016373438262476697	0.042853404050751595	0.12801321519519615	0.03265937413446003	0.14248705839911852	0.4181557003990046	0.1986260599110486	0.020831749647943654
0.01752582961487549	0.03406832285188298	0.1690564335009895	0.0656537357883882	0.1354508842085573	0.40150797530246496	0.15403391692878726	0.022702901804054085
0.016433327511243517	0.0411994390613961	0.12578912285297655	0.06707364452292373	0.1460500073753152	0.35493977183224357	0.23671259481499746	0.011802092028903755
0.022968043840084815	0.044230356984773345	0.14288945999836658	0.07116679144239493	0.09685217618521096	0.35080472506527616	0.24620059255515303	0.02488785392873992
0.02425168005183885	0.05067569544289985	0.12621928467349172	0.04706008864310973	0.1314624673990494	0.3417789807872633	0.2676483440056888	0.010903458996658039
0.01953457753857571	0.04336554708894913	0.22041537583871146	0.06131942138760636	0.14596300692031428	0.39629358689661653	0.10167115195379875	0.011437332375427572
0.01697587643954193	0.04673930491291928	0.21891043220456657	0.03760418547187344	0.10451848467195526	0.36020614788403726	0.20331547218152485	0.011730096233581289
0.01912955425482385	0.05055211949701584	0.19786581362267758	0.05937035640344862	0.09383489252075426	0.4048909944664112	0.16193462307338724	0.012421646161481253
0.023543788906161073	0.03694706976301999	0.24973469501005552	0.05651032594243184	0.13795341410358028	0.35399558238154194	0.12606072159072343	0.015254402302485703
0.01474966204494925	0.03513984339634102	0.16182936560095104	0.06040527859856472	0.14236327489229053	0.38293956564979403	0.1835806657046559	0.01899234411245329
0.019021485046539457	0.03068531649002089	0.23596279201701698	0.04227165856639371	0.12196311225603698	0.4126172981288603	0.11399709404808796	0.023481243447043554
0.015583942121655509	0.042459167976293594	0.15344855251444484	0.03451968664930809	0.11627344463479754	0.4274647687759898	0.18667297384225257	0.023577463485257744
0.01767936983600299	0.04404153212247197	0.2284283692730024	0.04930433425394923	0.11034375676297012	0.34894578889854777	0.1826819708024782	0.01857487805057713
0.018937433629636458	0.05340197472780518	0.1267239612123183	0.0611474518532608	0.1468408630432535	0.33971083803970825	0.22893745974601573	0.02430001774800164
0.017326985755786894	0.0533866081895437	0.1708225381587725	0.06465131245876266	0.12262894788924017	0.34580951579683394	0.2090178981774554	0.016356193573604585
0.021204575417346216	0.04043047079638462	0.21562457728782813	0.04582351445853822	0.1038348294104785	0.3354863452954697	0.2176615102299272	0.019934177104027187
0.017029320884061255	0.039910957996473345	0.1967325540438163	0.05328250662808272	0.09241737546913638	0.4499532992013021	0.1301912341460169	0.020482751631110754
0.02210716993612713	0.03662890875496205	0.11491246661745408	0.038087001613278076	0.1209712618227296	0.4756774783794592	0.16744566625722604	0.024170046618763624
0.017973211493498592	0.030410171128028254	0.16328410937031712	0.05184262935152065	0.12287214452149639	0.44142051558461004	0.1471318872629806	0.025065331287548148
0.025352765409037373	0.04702217972283819	0.14323536410835291	0.06727182042593981	0.14837788564548032	0.38543953026447875	0.16660663338507894	0.016693821038793494
0.015504614925707122	0.0457509324777169	0.19553132505092077	0.033195262361122566	0.12156193300499411	0.38857418350780626	0.18806037300463274	0.011821375667099315
0.020047470602780476	0.04535119519501089	0.20416842600728285	0.029847213657487937	0.10409828681438485	0.45298603667288195	0.12367277432041934	0.019828596729751513
0.015243777358617414	0.03591443989008264	0.16439608337684528	0.033699959166479554	0.12668033425721184	0.3802385107853058	0.2270455020035394	0.01678139316191797
0.016939615662782043	0.037585607710503344	0.2044614471440966	0.05593980150073295	0.14700427711870978	0.3508658269041109	0.17106271032259593	0.016140713636468268
0.020520634750898603	0.05073468623323557	0.25906801866186335	0.031733978074390795	0.11781305477073951	0.37086808026004825	0.13326290742480157	0.01599863982402208
0.016153860502027842	0.040159915243994745	0.26948803315814884	0.041543821427410824	0.12923761578647314	0.3668441804553626	0.12073766939048909	0.01583490403609278
0.018285223625884833	0.038402716936800405	0.14439029774572937	0.062052027735211276	0.11327480151830167	0.4512099639432823	0.14715494402848814	0.025230024466301917
0.01542716923891195	0.03468179290898911	0.17724398289968327	0.06042321111189117	0.13547829409982057	0.3358157013161097	0.22678738228874817	0.014142466135845869
0.025162482189070884	0.048580034090379545	0.14056426849412607	0.053861577543448697	0.10634142656413817	0.3328917305488159	0.27237204151394034	0.020226439056080125
0.016901613537685628	0.04848379965534251	0.22824956964952253	0.02985504294460692	0.0984890958919249	0.3840108967406264	0.1729229955695074	0.021086986010783515
0.0170101080054485	0.03363682138860756	0.1722154335385546	0.0472797193307648	0.14604632604160597	0.36706866135455446	0.19400259109761778	0.02274033924284613
0.015747788715829658	0.041783354633769226	0.1591589276901669	0.05146881966034418	0.1303537578602394	0.4371725495691269	0.15067327563158017	0.013641526238943491
0.013221670520827483	0.042078786814969266	0.11804362181787091	0.04553596627857759	0.1305924498465996	0.46452783296591393	0.16126931449953497	0.024730357255706104
0.013110293105468615	0.030451980415090493	0.13262918486576702	0.035717916310053874	0.1044608412830581	0.48284383600182645	0.17951367547018543	0.021272272548549784
0.02307828937023411	0.03362737656345105	0.1958712919236602	0.05114052943263542	0.1016704281102454	0.36683014336982933	0.20451201600919117	0.023269925220753107
0.020125855479909874	0.04569437077051203	0.2748427124956899	0.03807629856229153	0.1130053399093055	0.33366075686526075	0.15118286443951195	0.023411801477518285
0.014394195922359715	0.03870192408925445	0.3340686706894353	0.04622077509324114	0.09009619895805324	0.34476399426890575	0.11424847759919378	0.01750576337955638
0.020968991815532814	0.03107810716401574	0.2328813983897795	0.03918966367580122	0.12382173745931165	0.41732347229311495	0.11184026278782708	0.022896366414616842
0.016897908042616955	0.03890540078365522	0.25319070202805594	0.0364771846994386	0.1301104023860863	0.35773619048835736	0.15093236826611356	0.015749843305675845
0.021363802699173096	0.03222267781899632	0.2698863080458276	0.05467379214757899	0.0958548197960947	0.4098496379204394	0.1023809381474134	0.013768023424476333
0.020727576300542255	0.04389911743225326	0.22291085444988384	0.03118129942902402	0.13658790923780645	0.37450732807305587	0.15796296111359986	0.012222953963834327
0.0223783135237718	0.030776325489010145	0.28447635315715314	0.029890054812776595	0.14839501945246802	0.36060764950075747	0.10508289091090317	0.018393393153159493
0.022975429688222082	0.05316501296502159	0.15021568399907712	0.07097378445244715	0.10299766983038354	0.33633503612151694	0.251651159456056	0.011686223487275466
0.018022104188265775	0.03305455220176977	0.1714782728445039	0.03468972075796094	0.10754229411832246	0.3608691288578306	0.25700403151256035	0.017339895518786022
0.02245884630714165	0.04954770100334882	0.13404843366920632	0.05580095312387898	0.1332266609760249	0.42738171886629006	0.15854254376917618	0.01899314228493279
0.019086343354298388	0.05015650616604879	0.21958428273340402	0.03669292607493528	0.095764971625345	0.44568409846373847	0.11535946595150076	0.01767140563072911
0.013372520827717116	0.036027888979676015	0.1210680259744742	0.04894653512491799	0.13288132642744954	0.47529199309430636	0.14992866512240127	0.022483044449057243
0.016683866461884092	0.052290805488670086	0.1631678618362086	0.04503330170831747	0.12091576664661813	0.43456918069536254	0.1518171740273333	0.015522043135605665
0.02353614461582766	0.036413067466443585	0.15171944437935073	0.054810993403411404	0.1324728043968041	0.40875211832374736	0.17083256146082823	0.021462865953586804
0.015093593091881685	0.04369946676628381	0.23733423606991383	0.060704797787597575	0.10682188508029344	0.3543072190275899	0.15714486388164461	0.024893938294795054
0.022515270654824435	0.04917840548817426	0.23510680647140839	0.03571502188510049	0.08977110477820471	0.34554067162002705	0.20955902429561657	0.012613694806643913
0.013342020077339936	0.034877095671319094	0.17417908182564548	0.0697903679863981	0.12974013745701168	0.4508570559128442	0.1024638558459521	0.02475038522348924
0.012410373817216172	0.04526505692465621	0.11879524269341403	0.06534854448043889	0.11185434957510443	0.48080955581393003	0.15299470414750274	0.01252217254773734
0.01470171167746731	0.043744146685192595	0.11971501178633814	0.060547767562653024	0.13522798173704756	0.44794880739148635	0.16212160824281335	0.01599296491700146
0.016429754204404234	0.05219973797150018	0.12054247082669228	0.03557289504272322	0.1340001794087752	0.47427203225906844	0.15310461283020826	0.013878317456627959
0.02282717716950758	0.04961416310749328	0.16068627302328622	0.03654814110943973	0.10274342432573741	0.42379366650363004	0.18335213141597248	0.020435023344933148
0.013586026120779748	0.03836523247496472	0.1495131449393656	0.06426396181825896	0.15349774044938946	0.341263739285678	0.21693299664319016	0.022577158268373143
0.01263565068613258	0.03352224853169031	0.1508667721114523	0.04773208630115135	0.1398684075958514	0.3714926722788676	0.21906033921318924	0.024821823281665018
0.015132192017653631	0.04489035510966467	0.1621065740228187	0.04776147001349054	0.13824542158730774	0.405246449180915	0.17269393708509062	0.01392360098305881
0.013658652006636476	0.051810549184281074	0.2558436563971528	0.04830225200320315	0.1448930451877452	0.34365706604524116	0.12343952268624289	0.018395256489497025
0.018726310851869474	0.05179158533918818	0.17686363147730869	0.053249584645029074	0.1190237857028333	0.39283643734716667	0.17629631995929018	0.011212344677314218
0.012442217556340146	0.05262216060625957	0.24238543942276397	0.03482697451085574	0.11447096432150237	0.33640379638002604	0.18775152273892065	0.019096924463331277
0.017775770210945924	0.04344435420410864	0.2784143539490625	0.05354142432369402	0.09586410916044238	0.38390686729616474	0.10769288123156816	0.01936023962401344
0.023995087829690495	0.041907001176174186	0.2228166221606435	0.03226683701630377	0.14703866912803448	0.3352931817173904	0.17510693819167109	0.021575662780091848
0.019290823990526285	0.044094997233711755	0.2741244994310325	0.06724704861358223	0.11035815988430538	0.36857136494388054	0.10274709840660375	0.013566007496357363
0.02328938078111034	0.035997728018816025	0.31765332177100025	0.03295137665225495	0.0946817130779084	0.35029795436843986	0.12474909109103986	0.02037943423943009
0.021829499007445838	0.03514991271622486	0.270805637987789	0.03639717835065666	0.10330759500216075	0.38964738039238134	0.12446984369143695	0.018392952851904384
0.01542533164565621	0.030019828783191663	0.3114883920169666	0.04731260951121369	0.12017824548258663	0.3327188461399515	0.12366431381816208	0.01919243260227141
0.02442769555017922	0.04935481683485293	0.290414860403575	0.06633195479734239	0.08923572459459411	0.360966347423034	0.10272579497235909	0.01654280542406307
0.018878084116108376	0.04834918387841018	0.2672060692759437	0.04283024558255319	0.10707267552957532	0.3562814519079679	0.13482666767146917	0.024555622037971958
0.01700804999611219	0.03746073189312937	0.1923350725200637	0.059146434612303886	0.14434419777430885	0.3623555017052761	0.17288957564543112	0.014460435853374629
0.01600903762895446	0.04947539387707281	0.15870787657233726	0.06702768857137348	0.10842290946494394	0.4693234541013781	0.11745567358923784	0.013577966194701918
0.01613878976070339	0.041447207981885975	0.13499584097759532	0.04043028338427708	0.1433585776311559	0.34119543376277006	0.2672278353631404	0.015206031138471715
0.025284236402146082	0.05165057557994364	0.19090712794112302	0.049136817242369055	0.13954029875368545	0.35871445818534164	0.1740032635960261	0.0107632222993648
0.01429460354298813	0.037781148899900946	0.11580260024842036	0.04428029769161762	0.1093047285468072	0.41350036744755514	0.24338800031389918	0.021648253308811233
0.015562243693200584	0.03682251919362173	0.15774985376302855	0.03100650705171043	0.08953186342057018	0.3911643604077555	0.2563179873591893	0.021844665110923617
0.020733483844247433	0.035125986674867646	0.23709976243571207	0.0332893327484043	0.09848125712455086	0.3920367756762657	0.17014564982040775	0.013087751675544074
0.021500221451976095	0.033888814178948165	0.23223747234875178	0.056019662215966326	0.12057210900652188	0.36702084789459877	0.1527023608745822	0.01605851202865466
0.018231569641218345	0.044961613924962576	0.12504205012488245	0.0453478658680065	0.14174596881760623	0.335808556391354	0.26804743955085825	0.020814935681111493
0.025098456986872075	0.048545995626587	0.13699505449326782	0.031067214442268953	0.1370589264520994	0.36326145473912785	0.24484972145728526	0.013123175802491449
0.023357497250675666	0.037248827974227516	0.18191334492260364	0.05036320016234033	0.12670741949121186	0.38313789997794	0.18181821489055386	0.015453595330446934
0.013494285920926843	0.05331100816381448	0.1425489662505906	0.03591373662703437	0.10534403888654036	0.3821699845094263	0.24723194195606174	0.01998603768560514
0.01424258081897363	0.050108660220658754	0.14312537135842282	0.041008902685131174	0.1068601876430079	0.3843042571103009	0.24755050132209075	0.012799538841413896
0.0201612238445059	0.0388181715346983	0.12224945645042722	0.06310475807695756	0.14240975832469666	0.3499196855483965	0.25018778921997686	0.013149157000340805
0.015427526606935985	0.0501018773997262	0.20446003976112725	0.06045490671780994	0.09726573992390958	0.3495649212645916	0.1986654109729901	0.02405957735290916
0.019253674191337347	0.035239049198255615	0.24614422005831427	0.03390924040276999	0.14728789631865324	0.3591589785030334	0.1441628692386056	0.014844072089030325
0.02420387292925441	0.033501275109786524	0.17670694159952918	0.06496420836676071	0.1350893024753781	0.4269461425075606	0.12692285912102885	0.01166539789070141
0.01981647354711301	0.036342358770253644	0.16399281991843087	0.04292315445999163	0.1087427819131552	0.42083278270538327	0.1863643189972328	0.020985309688439424
0.01697138044176713	0.03036173836533794	0.14432010387525568	0.03998091430936011	0.15006123576937264	0.3633187981472966	0.24100590636272723	0.01397992272888246
0.014083526564148047	0.031635649183710576	0.18595431014324634	0.04027540298189014	0.09748700424691409	0.34116041662664254	0.2734348670986895	0.015968823154758616
0.018341049431177814	0.050257965653386374	0.15801838058247292	0.03028907677605988	0.13559920587525373	0.38636494799372467	0.20404183037477547	0.017087543313148865
0.02090452584873828	0.049456132428678884	0.12348493473711775	0.05137361883775006	0.15309632965372358	0.38824841627990825	0.19153011486662735	0.02190592734745571
0.0225882630734712	0.05084408733109465	0.16432672666071546	0.029829996448953844	0.09507906630777582	0.42017075277818405	0.20393495912135964	0.013226148278445093
0.01789007723410105	0.04142496921713791	0.257046622623034	0.051368419923104036	0.09834634791257306	0.3732909259262834	0.1467995898643673	0.013833047299399104
0.016680405619245525	0.037938637375621545	0.2596142128857085	0.037836497402359906	0.09317582687178186	0.3666613584260513	0.16884697225983705	0.01924608915939413
0.025283495018913138	0.033257636369604326	0.23608153348902627	0.04963294118725027	0.09492496838642502	0.3644263634344822	0.17752914766575834	0.0188639144485402
0.021278548042959755	0.042859049984224934	0.26076697531054294	0.05314175044793615	0.10815357960718819	0.39235297541638503	0.10081523033289494	0.020631890857867888
0.022240836547749512	0.05172748843677573	0.13726573713223494	0.044926006847989725	0.13558856236149708	0.4407360244563908	0.1511561984677781	0.016359145749583956
0.022950784830092927	0.03595650300864078	0.20367393903148	0.061192832046550696	0.11846884631221986	0.3819427683113499	0.15683002995744927	0.018984296502216377
0.02070138916260751	0.034200181882435954	0.13636560884627208	0.031062178624486292	0.13100818671912431	0.40984035051212997	0.2122736882678044	0.024548415985139335
0.024716359218980646	0.04204817193211585	0.12335991917459359	0.06833081721591529	0.13399993488372475	0.37884401400259693	0.21362410272100052	0.01507668085107225
0.022084886921045113	0.05116484187042179	0.18691670625291773	0.030372438478296016	0.11475835000260237	0.3502499288156178	0.2272772653269649	0.017175582332134107
0.01919160617118179	0.04012467785455351	0.18895978712664013	0.04073578508425907	0.10631631839771537	0.3609615495681204	0.22932232475337067	0.01438795104415895
0.015412169902262726	0.040877129232977746	0.1580161009350322	0.06556516277328034	0.10105813251712104	0.3522397677655569	0.24582835517471568	0.021003181699053172
0.020517939267454863	0.0515486709818585	0.12250223667991864	0.038697813925509	0.10282687995632696	0.45728984146151486	0.1935300998896146	0.013086517837802486
0.01824221791286064	0.04924748467288051	0.11913642795596172	0.06586290835098962	0.09748024623620313	0.45869456628194305	0.1710493837860764	0.020286764803084736
0.01930187690424276	0.038644594878880376	0.16079580375643548	0.04436593954592376	0.14186057035723557	0.38284189422785553	0.19029363370337632	0.021895686626050043
