0.3476690660345435	0.1649125443560771	0.48741838960937944
0.3161667302090549	0.28035561994985436	0.4034776498410909
0.23633487775398615	0.5300143696682416	0.2336507525777724
0.5655582699209928	0.12944036095405387	0.30500136912495346
0.4812309595778613	0.22528951323098906	0.2934795271911497
0.3319667262131221	0.4493379098903977	0.21869536389648034
0.36412172184837827	0.2908618674155151	0.34501641073610667
0.2261213064736294	0.20497032994562148	0.5689083635807493
0.35692260841184764	0.10128727834873055	0.5417901132394218
0.29749952886947945	0.11848366534506549	0.5840168057854551
0.2539891478210389	0.1777907528533183	0.5682200993256429
0.1871508940498931	0.5952689751831689	0.21758013076693808
0.12546149993874134	0.291521910611683	0.5830165894495758
0.1268521943298417	0.7099227720100674	0.163225033660091
0.07292565520989458	0.4128298346153316	0.5142445101747739
0.38186547328684645	0.24340068123962935	0.3747338454735243
0.5874442308636081	0.26783356824257704	0.1447222008938149
0.22296508889426925	0.6376227249063324	0.13941218619939846
0.1970678612482318	0.2330664366619453	0.569865702089823
0.38587007600069106	0.3691460363483269	0.2449838876509821
0.216590506911648	0.41064064263621336	0.3727688504521388
0.2471288848035887	0.5556893235066955	0.19718179168971592
0.046038620198070423	0.5594027809847313	0.3945585988171984
0.5495810893247073	0.15482090128289772	0.29559800939239506
0.10290386950971628	0.34119736072198703	0.5558987697682968
0.4247908672040188	0.41905474120346276	0.15615439159251848
0.1645509694527489	0.4588923519558765	0.3765566785913747
0.15535290698543036	0.5871544025477405	0.25749269046682927
0.28649987447684455	0.2389969501076568	0.4745031754154988
0.351783197060303	0.1474063498776063	0.5008104530620908
0.17847156702001998	0.42657004316916447	0.39495838981081566
0.2574929744916734	0.4580092574377632	0.28449776807056354
0.42830991126297424	0.18761554106385273	0.3840745476731731
0.07014551747674092	0.7320859618499596	0.19776852067329956
0.06502422285344911	0.7225255586269603	0.2124502185195906
0.2208044617672374	0.6312938482453401	0.14790168998742273
0.47283665660255536	0.2612567942144205	0.26590654918302425
0.4005767250404538	0.20810961309591203	0.3913136618636343
0.5152728029378013	0.1910570800443973	0.2936701170178015
0.14460220585512246	0.4166201116312133	0.43877768251366434
0.18334791753582663	0.4080387378466618	0.40861334461751164
0.18704173332967283	0.6752174709295031	0.1377407957408241
0.24298407275724165	0.36409159948968023	0.39292432775307823
0.21992270881106277	0.48610819653261467	0.29396909465632265
0.357192755990938	0.24308482647113328	0.3997224175379288
0.2569658439298155	0.5248478124250155	0.21818634364516906
0.12417040871466889	0.2958675475573135	0.5799620437280177
0.07708354375501347	0.6088392654155697	0.31407719082941704
0.15093533732943648	0.6547545080208123	0.19431015464975138
0.14931942659860578	0.6536573908739456	0.19702318252744871
0.424594336892684	0.2615148901796128	0.3138907729277033
0.17495615720893778	0.6668989048391787	0.15814493795188367
0.17029961126157908	0.5287086424111006	0.30099174632732045
0.14083970580766847	0.4036102094063065	0.4555500847860252
0.5251373829044109	0.31715820641990466	0.15770441067568447
0.3583018078162039	0.4480797082796144	0.19361848390418182
0.23934774418044488	0.19117295639200702	0.5694792994275482
0.5419946966329899	0.1672198918337484	0.29078541153326176
0.3160552514708924	0.35709003859736094	0.3268547099317468
0.24534131204284612	0.4264098041911206	0.3282488837660334
0.16527631486084848	0.4782844599039584	0.3564392252351932
0.2800733181582686	0.4177471081142004	0.3021795737275311
0.3351111906989387	0.20028339639514547	0.46460541290591595
0.4480844292795333	0.2525430344075097	0.2993725363129571
0.307967230892704	0.5216888517241552	0.1703439173831409
0.4948794693222841	0.28233612183033924	0.2227844088473768
0.40702467805818365	0.4062269030319551	0.18674841890986135
0.13398039504416281	0.4754220301204401	0.3905975748353972
0.2963159952331268	0.4885370801109666	0.21514692465590673
0.2827092390355375	0.34077261273111087	0.3765181482333517
0.34481373550178546	0.46211201065895857	0.19307425383925603
0.21164857272856608	0.47435419222268016	0.3139972350487539
0.2086550615951592	0.4656305349484734	0.3257144034563675
0.23827634572928394	0.2117446004083113	0.5499790538624049
0.24619378067497952	0.4963575417981466	0.257448677526874
0.5368413636232465	0.10930723833420763	0.3538513980425459
0.30425888832542664	0.40125499442940304	0.2944861172451705
0.09751197739198889	0.6425261037542147	0.25996191885379655
0.31360102849816257	0.5292185574386823	0.1571804140631552
0.15477758174195033	0.38622753106082963	0.45899488719722015
0.1930351675623861	0.49246488875312977	0.3144999436844843
0.24372547434386563	0.4008640453694847	0.3554104802866498
0.3490044860819865	0.13127178186741462	0.519723732050599
0.2552066987566408	0.32267764423312856	0.42211565701023074
0.5032725344949234	0.2000739915069019	0.29665347399817477
0.37169187749075083	0.25941889590561495	0.3688892266036343
0.5816846802965996	0.1123539876470481	0.30596133205635234
0.5495494213434621	0.2846003254214648	0.16585025323507324
0.3674601151804296	0.17212133429136128	0.46041855052820924
0.35744217792746097	0.27359918868676564	0.3689586333857735
0.5046155099241068	0.2961545413905507	0.19922994868534263
0.13420230750460851	0.5046557939018201	0.3611418985935715
0.3588586490046952	0.11375349279454855	0.5273878582007563
0.4454992605987944	0.20486381975384385	0.3496369196473619
0.4167534580676593	0.2285789997870344	0.3546675421453064
0.41609725178849627	0.3927993739935006	0.19110337421800325
0.19909138723131925	0.6415136460899826	0.15939496667869818
0.13329874020121069	0.3244970009568306	0.5422042588419589
0.24928097383440856	0.25575664163174	0.49496238453385155
0.2594880629675689	0.2625114109523834	0.47800052608004784
0.5679537296611821	0.21845207299479835	0.2135941973440196
0.5017205594665374	0.21194746107688173	0.28633197945658095
0.1299934997367067	0.4957396381634868	0.3742668620998066
0.16998244737671805	0.6392058106540359	0.1908117419692462
0.274457047568737	0.4947022634542837	0.2308406889769794
0.3371109787567552	0.43279638564413947	0.23009263559910542
0.05855665001766053	0.7185196443924183	0.22292370558992125
0.147738466593119	0.39899236762242785	0.45326916578445325
0.21064557022487077	0.575993507829624	0.21336092194550532
0.06760414503710033	0.42260147889959676	0.509794376063303
0.27995239620068857	0.47884109428457744	0.2412065095147341
0.4782397831859063	0.13577793048277692	0.38598228633131687
0.342233575387963	0.4105162893726094	0.24725013523942768
0.40287925922425916	0.3307467591039779	0.26637398167176307
0.25106847211821937	0.45951127340236825	0.28942025447941244
0.24083049326481418	0.21401850152503482	0.5451510052101511
0.11423955470890837	0.4747432690996303	0.4110171761914614
0.07543698049445563	0.5862397208952848	0.3383232986102598
0.15321219323359678	0.25994110840470475	0.5868466983616986
0.3300544615117749	0.22122649205642891	0.4487190464317963
0.5747730445775932	0.1602636718079904	0.26496328361441657
0.0841861389895655	0.5186346753162883	0.3971791856941464
0.35446820033653015	0.15570072544315378	0.4898310742203162
0.06797107308440248	0.5842859577064367	0.34774296920916103
0.07318538883819992	0.36793900530662205	0.5588756058551783
0.4924869898239175	0.13327809798627793	0.3742349121898047
0.14320576167178417	0.519192200321635	0.3376020380065809
0.3388551270013344	0.11755484047110942	0.5435900325275562
0.06752761396721596	0.39355213621334034	0.5389202498194439
0.22364897644997278	0.4700769850966917	0.3062740384533356
0.586607749415379	0.12515770853736063	0.2882345420472605
0.5189660243350882	0.29464811103838984	0.18638586462652207
0.15967144667544086	0.5408514447482294	0.2994771085763298
0.1287521667464869	0.5319624312045426	0.3392854020489707
0.27164945625225445	0.3093767887733701	0.41897375497437556
0.38897167011972794	0.39538838908601004	0.21563994079426213
0.4351326391250077	0.2830698416145363	0.2817975192604561
0.12999811977294695	0.2876861195474922	0.582315760679561
0.30575526679483556	0.4743117297584344	0.2199330034467301
0.19277138051561804	0.6511140347714879	0.15611458471289413
0.2651044832765335	0.1911578890419147	0.5437376276815519
0.3871341409645584	0.36646404355433	0.24640181548111179
0.22572075057384816	0.48697075314992294	0.287308496276229
0.5590612096289456	0.16573377228926095	0.2752050180817936
0.1984217347899317	0.606229341991664	0.19534892321840436
0.30021590926482283	0.5546820300147012	0.1451020607204761
0.4024942683628647	0.28846220905981845	0.30904352257731693
0.44409595712581773	0.29988347841977525	0.25602056445440713
0.11555005857759088	0.4757071063022643	0.40874283512014487
0.08023846002920171	0.7017532127902142	0.2180083271805843
0.30792579040254386	0.40835688518832924	0.28371732440912695
0.1655670594869217	0.5848643142695124	0.2495686262435661
0.10128775105354682	0.44623843234833366	0.4524738165981197
0.4380615584779155	0.3464487783123689	0.2154896632097157
0.13763790971200232	0.3634507801083329	0.4989113101796649
0.5270594088476254	0.29990609416785485	0.17303449698451992
0.3917913855275189	0.24428058370344283	0.36392803076903835
0.42745972279134714	0.1738819979476039	0.3986582792610491
0.3002304515118814	0.26532102078166697	0.43444852770645176
0.47640690905722505	0.3577044366790967	0.1658886542636784
0.2803048961181871	0.14574565179100124	0.5739494520908118
0.4816908107644172	0.14831108031519563	0.3699981089203872
0.22846791566408456	0.5262573501848548	0.2452747341510608
0.42681364021866847	0.28095597381385573	0.2922303859674759
0.2636050805039318	0.23309176069355614	0.5033031588025122
0.20567966486677017	0.3429423620988109	0.45137797303441907
0.11173979951584223	0.4364318999459925	0.45182830053816536
0.1720376689609193	0.5576199491127646	0.27034238192631627
0.4607008288840819	0.20708018248518978	0.3322189886307284
0.1408264397691308	0.310684193925877	0.5484893663049923
0.3634901862270052	0.1475673052901494	0.4889425084828456
0.327126166241933	0.48302692675838377	0.1898469069996833
0.05816478071244463	0.5399604496665267	0.40187476962102875
0.19574470712216518	0.5412023046881442	0.26305298818969064
0.054653869003597644	0.36706105948347595	0.5782850715129265
0.06128506549154955	0.3724719892391508	0.5662429452692999
0.41839107206916537	0.2999668946884838	0.28164203324235093
0.10126210807975897	0.44786837303702576	0.45086951888321547
0.2716490315399245	0.24287998884919432	0.4854709796108813
0.31996832547170967	0.3513782157131418	0.3286534588151486
0.2186404592230498	0.30085196283554	0.4805075779414103
0.2817915673572471	0.2089085400659046	0.5092998925768485
0.5614746949899418	0.11318292300728061	0.3253423820027776
0.4924990822840732	0.349801253471771	0.15769966424415593
0.19811899503467978	0.513723314078681	0.28815769088663934
0.2924624554576166	0.15286278595319464	0.5546747585891889
0.5120861049186125	0.17232922659896355	0.3155846684824241
0.26089936041149536	0.46998816351199	0.26911247607651473
0.05894562001642667	0.7925512437255812	0.1485031362579923
0.15065416442732765	0.37324939057322226	0.4760964449994502
0.3145035163314729	0.11440553357506439	0.5710909500934629
0.2704584139871168	0.37654358825991063	0.3529979977529727
0.24379196512666745	0.605266985513561	0.15094104935977173
0.18217145664919923	0.2835431482904336	0.5342853950603673
0.3749438543181029	0.10877662318264489	0.5162795224992524
0.3500939288228697	0.10697749099509224	0.5429285801820382
0.05435698126733424	0.4476998205084118	0.4979431982242541
0.19218186882457186	0.27349564203349175	0.5343224891419366
0.4941270648115471	0.3686629483241738	0.13720998686427918
0.25466782733060345	0.5074440692513129	0.23788810341808375
0.27595914081818074	0.30100245083031346	0.4230384083515059
0.08450979270287051	0.4153827113778837	0.500107495919246
0.205866346904604	0.2469520604213802	0.5471815926740159
0.5296284676075353	0.24233813983797314	0.22803339255449157
0.056319010243914336	0.6406599092669332	0.30302108048915266
0.44499452807079554	0.17096188892783945	0.3840435830013651
0.3147406244515856	0.5146038129639503	0.17065556258446418
0.12487662305187297	0.6523338300208614	0.22278954692726582
0.22550267568271826	0.6103254871159605	0.16417183720132134
0.1817297350768433	0.5864214958971555	0.2318487690260013
0.39203148970370133	0.17973277557966263	0.4282357347166361
0.5174636958504101	0.2701496070932674	0.2123866970563226
0.465663140342721	0.1817061567296803	0.3526307029275988
0.23320815036643278	0.4629303883575147	0.3038614612760526
0.1519539428875664	0.5134999369653336	0.3345461201471001
0.48768397425105137	0.2166478215035879	0.2956682042453608
0.33250619367950995	0.4129853778909686	0.25450842842952154
0.1340606344318273	0.45187806988997725	0.41406129567819555
0.3704877563550891	0.23809590439884443	0.39141633924606656
0.4092647353783997	0.22944588657455528	0.36128937804704514
0.2547330178655999	0.5678671312101315	0.17739985092426863
0.27886612419737056	0.4954051194991926	0.22572875630343694
0.1452165698915018	0.5040764732455896	0.35070695686290876
0.3512795399525881	0.4850985749959595	0.1636218850514525
0.5161272101736611	0.16929868252046149	0.31457410730587754
0.2599385202196021	0.44109362968702404	0.2989678500933739
0.4630421472998781	0.33488868114082043	0.20206917155930157
0.49065660012346035	0.2672284431122316	0.24211495676430814
0.4599050771635196	0.3475093121847498	0.19258561065173077
0.4694567980192734	0.1584763056135955	0.37206689636713114
0.4177744568481035	0.4113100732396964	0.17091546991220016
0.5277739539546107	0.24399182451427948	0.2282342215311099
0.30087443307561257	0.2594566223287845	0.43966894459560296
0.21146711842522925	0.5511195358994204	0.23741334567535038
0.10768742271470161	0.5498427737104443	0.3424698035748542
0.05222377061631084	0.6355947755522433	0.312181453831446
0.49899999722025534	0.35455734052881	0.14644266225093477
0.1963566746636134	0.6636211811460153	0.14002214419037134
0.40254816515933084	0.3598857851816988	0.2375660496589705
0.37529845506448	0.415255435210831	0.20944610972468908
0.42066034576013267	0.4020875369230152	0.17725211731685225
0.3575104237435556	0.28750971185323115	0.35497986440321333
0.046533619287351335	0.7996309777679672	0.15383540294468154
0.3116529921096231	0.421423507406107	0.26692350048427005
0.25202937844820295	0.21513809621026045	0.5328325253415367
0.5572461790063563	0.20627683963283305	0.2364769813608107
0.2850058324213255	0.21191336847187633	0.5030807991067983
0.3193119980859404	0.44015224922008617	0.24053575269397354
0.20993237613924143	0.619808257987172	0.1702593658735868
0.3377580472233171	0.1041415566161561	0.5581003961605269
0.17577418468886102	0.6506861315977001	0.17353968371343906
0.23982119471407637	0.3870110926504572	0.37316771263546655
0.11629855951833301	0.31635114048678076	0.5673502999948863
0.2404162639669828	0.5731097178688425	0.18647401816417492
0.49611863869352374	0.21726392065564662	0.2866174406508297
0.10090628265398535	0.7002374838456844	0.19885623350033044
0.5293219036436607	0.303125520286173	0.16755257607016638
0.4471248181397686	0.2042444273478865	0.348630754512345
0.41248077323019305	0.39685858585685485	0.1906606409129522
0.1304749088571742	0.6966728806880597	0.1728522104547663
0.270367398377214	0.36776135447109404	0.36187124715169205
0.3903617734736571	0.1718465657578469	0.4377916607684961
0.5270534429518042	0.25016261596936973	0.22278394107882615
0.1777022469575234	0.3524810043914977	0.469816748650979
0.3595855930898255	0.12558138410781572	0.5148330228023588
0.34683176075410815	0.3780454845246771	0.27512275472121483
0.31675451861600634	0.21950387673558464	0.46374160464840913
0.3651262830084541	0.24225511250870577	0.39261860448284025
0.1023790409317688	0.6770922433135134	0.22052871575471794
0.057064639353773705	0.3782052567603852	0.5647301038858412
0.4371529183734859	0.27100988248712105	0.2918371991393931
0.5705335548716761	0.25920922817596653	0.17025721695235752
0.4251860652139353	0.2708988542198727	0.3039150805661921
0.07782082005357238	0.6080867826815977	0.31409239726483
0.4632243234105453	0.1608047670940112	0.3759709094954436
0.3243556042812755	0.47403122795030317	0.2016131677684214
0.47971851674874616	0.3035054007692902	0.21677608248196373
0.3308492073649701	0.402438226784226	0.26671256585080405
0.44572053192869654	0.17442724258269365	0.3798522254886099
0.059880133643802735	0.5867871048448259	0.3533327615113715
0.4505303561569627	0.2724270073608677	0.2770426364821697
0.24841532475923517	0.34045095355523725	0.4111337216855277
0.2716717784794969	0.31369912204781103	0.41462909947269216
0.16812265703480955	0.648390137010064	0.18348720595512663
0.0736170084686189	0.6448113442171144	0.28157164731426687
0.27351936105223507	0.4885936868370966	0.23788695211066843
0.3580262990947302	0.44924638109917103	0.1927273198060988
0.23599585433678139	0.3696388511804211	0.39436529448279767
0.415489887085645	0.2186082758516871	0.365901837062668
0.4745101248556871	0.2615349867178989	0.26395488842641407
0.20948982313720121	0.611452910088513	0.17905726677428596
0.17319705618090034	0.2856012681133094	0.5412016757057904
0.12781913876741832	0.5990421716178183	0.27313868961476345
0.2296186138879791	0.48809783065858825	0.2822835554534327
0.39667143806709715	0.21840808205797854	0.38492047987492445
0.09621383930299468	0.3765564278891673	0.5272297328078381
0.14550658251166226	0.478884896841131	0.3756085206472068
0.07434611727695728	0.5424771516188346	0.3831767311042083
0.06423327618165114	0.7032207356644927	0.23254598815385624
0.10476259837188145	0.5082664135096908	0.3869709881184279
0.3717017532955162	0.37714609975014624	0.25115214695433763
0.582133837632876	0.25208658373215675	0.16577957863496742
0.28571755229961504	0.5237564762909594	0.1905259714094257
0.41752981354090185	0.4430397105667467	0.13943047589235158
0.12307063874385768	0.6086213807400751	0.2683079805160673
0.37456822826858277	0.4671826912249872	0.1582490805064302
0.1529035052845455	0.6654901228153074	0.1816063719001472
0.3836947026538589	0.4160364603446088	0.20026883700153247
0.2030240746577816	0.4125453590131167	0.38443056632910183
0.536342094237134	0.22215565523606104	0.24150225052680507
0.1480679703107639	0.3114481982569344	0.5404838314323017
0.12427499701077088	0.7300866994562549	0.14563830353297427
0.5888183131887237	0.15580171290327394	0.25537997390800254
0.1734892023710119	0.640957329985614	0.18555346764337421
0.18214461499522702	0.4782699282316065	0.3395854567731666
0.39482453279711544	0.45902686439946777	0.1461486028034169
0.4361435947877808	0.2376462268730279	0.3262101783391914
0.40963328604245064	0.24040983614514533	0.3499568778124041
0.15031876411314854	0.48901932296219347	0.3606619129246581
0.46257798944185297	0.18382807110363647	0.3535939394545107
0.07590428698310431	0.5270676919215613	0.39702802109533447
0.49129334457505835	0.10331020747912892	0.4053964479458128
0.2646201002504368	0.38335441463837816	0.3520254851111851
0.39425585893661097	0.464697676550284	0.14104646451310518
0.35329752272967957	0.18259580178492316	0.4641066754853974
0.10845531631603991	0.4606912489906653	0.4308534346932949
0.4777658554354295	0.31132628946594354	0.2109078550986271
0.3309881504161394	0.1919551441189099	0.4770567054649508
0.23026379454175583	0.29366985417132146	0.4760663512869229
0.5248182613964203	0.3379248433606674	0.1372568952429124
0.19964750678646745	0.2616533817147605	0.5386991114987721
0.39535977358489344	0.29630469552919825	0.3083355308859084
0.17149823667325545	0.4013256626425744	0.4271761006841702
0.23933863083949886	0.40536276105556046	0.3552986081049408
0.5464683903386947	0.16828466424953298	0.2852469454117725
0.23217349469446402	0.44050741836774165	0.32731908693779443
0.422432910167708	0.37472555605037794	0.20284153378191408
0.31576282175907827	0.5416917693027554	0.14254540893816642
0.40152810361808733	0.21564365396610213	0.38282824241581065
0.32938770507872295	0.14178551047912513	0.528826784442152
0.4388361996212261	0.3784488937615593	0.18271490661721468
0.4582876244263221	0.37879470991673236	0.16291766565694565
0.21877381238604263	0.26307727068119335	0.5181489169327641
0.1784450781836982	0.43735362715888415	0.38420129465741776
0.41535031993257143	0.29355422261754055	0.2910954574498881
0.1157013330134481	0.49129225977978885	0.39300640720676316
0.5062689621820986	0.30473537310255905	0.18899566471534246
0.23653384441663705	0.1836438050361273	0.5798223505472357
0.46342326055075356	0.1811865910876116	0.35539014836163496
0.16869954334428552	0.6216087705396363	0.20969168611607839
0.33160230126712675	0.1390869639961688	0.5293107347367045
0.3803136510448958	0.14351155987356637	0.47617478908153793
0.28041229808281104	0.13657083356845362	0.5830168683487355
0.3187298828833507	0.20765686466065353	0.4736132524559959
0.28640215630921645	0.4681372527468436	0.24546059094394004
0.5748187221271888	0.16948520756333965	0.2556960703094717
0.4861564840118212	0.16090697816515456	0.3529365378230243
0.3582344581228494	0.4838055187758595	0.15796002310129126
0.39563769255022896	0.36980592830006764	0.2345563791497035
0.264108987667626	0.27074397184761445	0.46514704048475963
0.3056815565239397	0.1700998990910009	0.5242185443850595
0.26212948634461497	0.231856610807526	0.5060139028478591
0.09183002757611575	0.7211953635633057	0.1869746088605786
0.5861746043208669	0.13645294103553823	0.27737245464359506
0.2421332551616947	0.41679471473125296	0.34107203010705245
0.07818065672883712	0.4775031856994104	0.4443161575717526
0.22601760071160287	0.4971809480788624	0.27680145120953487
0.2864231122267543	0.169488829556279	0.5440880582169668
0.3623981282821519	0.20769532893471854	0.4299065427831297
0.43216365694255165	0.13935410611405422	0.4284822369433942
0.15371929631444298	0.34702812269733946	0.4992525809882177
0.2304217815652717	0.37855054821284023	0.3910276702218881
0.06532548521931436	0.6219110167399199	0.31276349804076586
0.3760702602051719	0.1994052854965319	0.42452445429829627
0.05418261697108123	0.537433281424194	0.4083841016047249
0.4061741316946445	0.42512059151698234	0.16870527678837327
0.07468841259829767	0.7507326727855312	0.17457891461617128
0.37519212133483043	0.19035325972099987	0.4344546189441698
0.12878354378437062	0.45145443824245635	0.41976201797317314
0.573736165496471	0.20969248294630663	0.2165713515572224
0.5663284708870995	0.2798661037421852	0.15380542537071534
0.2932421060181623	0.26849560155330643	0.43826229242853143
0.2397497146533059	0.19617656137029957	0.5640737239763947
0.3160843485685333	0.1679740245956232	0.5159416268358437
0.3269611609533341	0.32753162784692547	0.3455072111997406
0.12012527350826338	0.46595623425750293	0.41391849223423377
0.05873147514033006	0.4235916210004382	0.5176769038592318
0.41967157279174677	0.20504036676524323	0.3752880604430101
0.20908213894583383	0.6296318683784583	0.16128599267570803
0.28752643351842033	0.5389176667190487	0.173555899762531
0.07480611043396218	0.645815727628967	0.2793781619370709
0.35927557449676817	0.405852309378005	0.23487211612522702
0.28916949988733015	0.3325852730357933	0.37824522707687663
0.4260448216447637	0.28439152667338563	0.2895636516818508
0.2929521555641718	0.27471538456579797	0.43233245987003033
0.30033052779717745	0.4466846576835136	0.25298481451930904
0.5807643865287047	0.10735821895553715	0.3118773945157582
0.4053434653189189	0.21127711906040944	0.38337941562067174
0.4463656352885094	0.24845205719786984	0.30518230751362085
0.11265956100442306	0.6162570171979034	0.2710834217976737
0.2587014731659125	0.3683013565975307	0.3729971702365569
0.484202773414966	0.2391443733095488	0.27665285327548533
0.5298351005526222	0.11217075553654021	0.3579941439108377
0.2947504538891683	0.43226235291587084	0.27298719319496095
0.13163124725975076	0.5168934043898485	0.35147534835040084
0.4868071122336228	0.3708156597940552	0.1423772279723221
0.30130320010593936	0.25304326283539524	0.4456535370586655
0.477259848108161	0.12624663345038067	0.39649351844145836
0.26889980300357286	0.5343492720649379	0.19675092493148943
0.31591698335904117	0.47923998127762635	0.2048430353633326
0.15238957647911447	0.34920378047025785	0.49840664305062776
0.110189763228276	0.6031290534251577	0.2866811833465665
0.15410836536691297	0.6338893466062197	0.21200228802686744
0.25441012117528716	0.4711431230888361	0.27444675573587685
0.545511995759893	0.2205855207698815	0.23390248347022566
0.4193900850537502	0.2550261666294757	0.3255837483167742
0.4320750798134018	0.2651414760185412	0.302783444168057
0.3176483858397673	0.26801616783162485	0.41433544632860797
0.5713513115047479	0.1410189889508652	0.28762969954438694
0.1485468545645953	0.2982933715177317	0.5531597739176731
0.3006899750911985	0.1848462540093055	0.5144637708994961
0.46233710475750356	0.13220208821661228	0.4054608070258843
0.17567243038205885	0.288245032178572	0.5360825374393693
0.5598592459223808	0.10143372890701924	0.3387070251706001
0.32843623126498844	0.25168329299920017	0.4198804757358115
0.1818044331605565	0.5899546062225218	0.22824096061692178
0.2517677895963	0.4760618695701927	0.27217034083350744
0.4085975736573223	0.41143799531345204	0.17996443102922582
0.23173740430045436	0.49565733252213273	0.272605263177413
0.5523645894009348	0.185287656947248	0.26234775365181723
0.3698570216989153	0.1410140334063773	0.4891289448947075
0.16686446328248242	0.5734125266439416	0.259723010073576
0.10086188325185053	0.5435195536173199	0.3556185631308297
0.23551841102021404	0.49364407056732884	0.27083751841245723
0.45615554966152017	0.1198530173937078	0.42399143294477215
0.24371620297075725	0.4360143440139935	0.32026945301524934
0.2416098455753525	0.17565655135046998	0.5827336030741777
0.1297864865143879	0.28825965580785823	0.581953857677754
0.3830667590077317	0.17034061037646978	0.4465926306157987
0.2590593315141529	0.5041352527709192	0.23680541571492802
0.2966701282657918	0.12981974408401892	0.5735101276501894
0.5744536335411725	0.1754985301897879	0.25004783626903976
0.3889623012604185	0.40868595110957684	0.2023517476300048
0.1307090368666166	0.3501518035928423	0.5191391595405412
0.15341445830790082	0.542966373928771	0.3036191677633283
0.2698632352159407	0.5605531013995697	0.16958366338448966
0.2821125776752142	0.5068886171447603	0.2109988051800256
0.1206175843978563	0.3157247948763973	0.5636576207257465
0.26042684941388206	0.35054384558711815	0.38902930499899985
0.06351252813210273	0.4410635823820058	0.49542388948589156
0.1460135102461744	0.3316448114741086	0.5223416782797171
0.2352247386703425	0.46131149566370067	0.303463765665957
0.23569474039753086	0.3890764281428831	0.37522883145958613
0.4226548168424903	0.10584550126420231	0.47149968189330754
0.5538148219170036	0.20087578974673553	0.24530938833626095
0.317035052228177	0.1662260807135791	0.516738867058244
0.28144661149430417	0.49832454948206706	0.2202288390236289
0.39888248627329026	0.1382925036812243	0.4628250100454855
0.2923285606766497	0.3594163459777027	0.3482550933456477
0.36940965826026606	0.3575639253910616	0.2730264163486725
0.05715970082562333	0.4423977131644465	0.5004425860099303
0.29944398387587207	0.32513182944677754	0.3754241866773505
0.3812360735931971	0.30296435142428113	0.31579957498252187
0.47809326171646693	0.21112349669609826	0.3107832415874349
0.25489560211216156	0.48933571813751836	0.2557686797503202
0.48118820906158993	0.2739326154178542	0.244879175520556
0.2630016227427323	0.17106710769972094	0.5659312695575468
0.14228687112821597	0.6185191202393734	0.2391940086324108
0.10137311594496212	0.6406686894293552	0.25795819462568276
0.2249759844528464	0.35348262646453443	0.4215413890826193
0.38216360211968464	0.3824375510115031	0.23539884686881235
0.28586823078516016	0.29388315132892984	0.42024861788591006
0.38555188715292327	0.11110789048547165	0.5033402223616052
0.12508643440666167	0.36579207855982765	0.5091214870335108
0.3392389573062963	0.20988315778085898	0.45087788491284486
0.14466161495338187	0.3744300764708728	0.4809083085757454
0.19099680823600043	0.6223218474596296	0.18668134430437008
0.16552785116255753	0.32159181334997433	0.5128803354874683
0.43465170759411687	0.31200731216884675	0.2533409802370365
0.12859890439688426	0.537055300696825	0.33434579490629085
0.2539246626638396	0.27462819453235005	0.4714471428038105
0.4719580699852953	0.19017207595521649	0.3378698540594883
0.20450725881194295	0.4206877644954897	0.3748049766925674
0.3995075808118438	0.17753165301352652	0.4229607661746298
0.5620438858987455	0.2860314794361445	0.15192463466511008
0.21109885177769494	0.5845032626547878	0.2043978855675174
0.5457906096485126	0.16937473595479022	0.28483465439669736
0.11644019054666668	0.33535376348584145	0.548206045967492
0.21628486979113498	0.47371468296328045	0.31000044724558473
0.37423263301605153	0.18073373469295861	0.4450336322909899
0.5856401290439694	0.24410885670197716	0.17025101425405342
0.1522569553889041	0.34233072700766753	0.5054123176034284
0.4038870223160156	0.29371477659551837	0.3023982010884662
0.3022355781739166	0.11948583927324	0.5782785825528435
0.11780503618567612	0.49651869382202296	0.3856762699923011
0.2027111122646933	0.22145211086476252	0.5758367768705444
0.35945763858447977	0.28132763949305317	0.3592147219224672
0.18775779228133815	0.36932331398587825	0.4429188937327837
0.39527343878136995	0.2583735357302073	0.34635302548842284
0.12349032412401503	0.4332064974099737	0.4433031784660114
0.08431305449522067	0.7290504183894374	0.18663652711534212
0.2709465489330895	0.4732239696348336	0.25582948143207696
0.07802732906265941	0.5813180869888794	0.34065458394846126
0.19585318063154156	0.5364179259591985	0.2677288934092601
0.3055990073581813	0.3717100027887006	0.3226909898531182
0.22368011838919527	0.37331122097266334	0.40300866063814156
0.2378999070336707	0.3882529094712717	0.37384718349505774
0.13436261676815026	0.6585815824174862	0.20705580081436364
0.22604688179345672	0.2513783492834737	0.5225747689230698
0.44999491919890755	0.17301052593393906	0.3769945548671535
0.31006809508648486	0.24800807403140035	0.4419238308821149
0.14973892189582302	0.6280207018522217	0.22224037625195542
0.25592219224717005	0.45961353771802954	0.28446427003480046
0.30907798348003895	0.3513015748087909	0.3396204417111703
0.10614919855758823	0.48953719369418675	0.4043136077482251
0.05511116554633366	0.682830842054281	0.2620579923993854
0.16612184288267176	0.6774758570836382	0.1564023000336901
0.1299786947261643	0.44789716795352236	0.42212413732031345
0.37022843475225986	0.3291369129514556	0.30063465229628467
0.3870632594341802	0.1974906695681175	0.4154460709977024
0.18880940945120855	0.2967124236091055	0.5144781669396861
0.3966182604798729	0.17583153075352603	0.4275502087666011
0.22880580690549168	0.5719944819015227	0.19919971119298574
0.5211251382467045	0.3029680209085141	0.17590684084478153
0.26582542110777707	0.36752787430461925	0.36664670458760384
0.15271893012886928	0.3570424959149375	0.49023857395619336
0.5026592623702161	0.22450938658208008	0.27283135104770395
0.11971245892530408	0.5572128584845883	0.3230746825901078
0.05735453676319213	0.37463689339241574	0.5680085698443922
0.2872638057602211	0.44967826441378145	0.26305792982599757
0.5858973629057538	0.23993459648613719	0.17416804060810911
0.2521714499309061	0.25424535732058473	0.49358319274850926
0.3653221295978271	0.17940235460181983	0.45527551580035314
0.414869351851418	0.3477022348071048	0.2374284133414773
0.054418724713105826	0.5006361676414305	0.44494510764546386
0.14755875520835818	0.6110124586024436	0.24142878618919833
0.14100327687113148	0.6854788584877687	0.17351786464109997
0.4275638831557423	0.29376751882149404	0.2786685980227638
0.1979224565626309	0.594604702275224	0.2074728411621452
0.48288527146513877	0.23588878128711854	0.28122594724774286
0.27209790769830566	0.5179390478443718	0.2099630444573226
0.07959716696833752	0.4710235927201156	0.44937924031154697
0.2904720084663157	0.44049691289348214	0.26903107864020226
0.15710549571311583	0.30895215108377155	0.5339423532031127
0.49912430001082875	0.1946723778917597	0.30620332209741163
0.11631014740465279	0.6134755404714898	0.2702143121238576
0.3081793510491395	0.15456348177137888	0.5372571671794817
0.3788987205218284	0.4187633938589995	0.20233788561917224
0.19742692941998907	0.6162376733839923	0.18633539719601871
0.24271536453903522	0.5698368826314468	0.18744775282951806
0.1954589525734041	0.5884225000468565	0.21611854737973954
0.23257285290017268	0.5345709422468029	0.23285620485302455
0.19484225423880264	0.6186686941230664	0.18648905163813118
0.4378134677841384	0.3375417696913891	0.22464476252447263
0.1370264435545523	0.36751166645954575	0.49546188998590207
0.4075785708926807	0.3249509382344338	0.26747049087288566
0.514584724431514	0.23839858430826874	0.24701669126021736
0.35934591672891275	0.22105251717109303	0.4196015660999943
0.06529947766491528	0.43392062444947455	0.5007798978856103
0.2476695956062517	0.2587308454867543	0.49359955890699414
0.4815937926597905	0.3001326498423428	0.21827355749786684
0.5276188522569262	0.32677297712447795	0.145608170618596
0.12350258152048638	0.7346042009038471	0.14189321757566664
0.15072231247585188	0.5678084403260428	0.28146924719810534
0.12507843877672187	0.43774336674080744	0.43717819448247086
0.20180025758371448	0.47184755231905967	0.32635219009722594
0.1357801772207598	0.47453254318457483	0.3896872795946655
0.1436505756880822	0.5259025008454169	0.330446923466501
0.3769916149310641	0.39745356428231493	0.2255548207866211
0.1968642121201158	0.2927134867541249	0.5104223011257595
0.4077734217650832	0.15987154482418248	0.43235503341073445
0.05920914969579927	0.61754133460826	0.32324951569594085
0.43876982899901296	0.15301808021108718	0.40821209078989995
0.5299436660711263	0.2202465545151536	0.24980977941372012
0.5910986096856758	0.20936767860178207	0.19953371171254214
0.520483285520532	0.2223741398397137	0.2571425746397544
0.36349560974894535	0.3645887723550105	0.27191561789604424
0.08640868245195266	0.38262001145522617	0.5309713060928213
0.15545724857677312	0.6864772207233862	0.15806553069984075
0.393832894790141	0.23705600029906226	0.36911110491079685
0.09140242706669041	0.4322185073466772	0.47637906558663246
0.5048716532209923	0.173575688649377	0.3215526581296308
0.5043280058707458	0.1339563757645616	0.3617156183646927
0.19029522325579248	0.5042138688421558	0.30549090790205186
0.5092373881409351	0.22435148464813068	0.2664111272109343
0.28663575071310515	0.39537116750594997	0.31799308178094504
0.15126659625985162	0.4398390092896053	0.4088943944505432
0.1941403360749088	0.48616557885776385	0.3196940850673275
0.30017392845815116	0.4545625693252786	0.24526350221657034
0.15618572532884398	0.6518993310191298	0.19191494365202638
0.2895754170584715	0.40433363206821205	0.30609095087331656
0.5414481218956384	0.18874582611487015	0.2698060519894916
0.26676028982537814	0.4621891136619536	0.2710505965126684
0.11355311387953299	0.7213673194671992	0.16507956665326787
0.1326481005871098	0.47794463943108423	0.38940725998180614
0.39749043164057657	0.10290312388847667	0.4996064444709468
0.1553161226565776	0.4407358649086426	0.40394801243477996
0.12129322079065924	0.5757740837785525	0.3029326954307883
0.2999880221830895	0.11184162944289383	0.5881703483740168
0.513100006839283	0.12852640680559801	0.35837358635511907
0.04863460041162204	0.8018613583462845	0.1495040412420936
0.059983737604849485	0.47618328671800625	0.46383297567714443
0.22794946526507817	0.368156301810886	0.403894232924036
0.2983600219836092	0.2529485861413603	0.44869139187503054
0.07902181430663718	0.5384519315008877	0.3825262541924753
0.04769584215115191	0.619550097349258	0.33275406049959017
0.18098799670858912	0.5886003445149997	0.23041165877641134
0.1258927526398631	0.466878207063315	0.40722904029682205
0.22721657172001702	0.5127873128483807	0.2599961154316024
0.1636083258150512	0.5090821089554662	0.32730956522948274
0.40511756676469385	0.2669595990812502	0.32792283415405604
0.45357815222755876	0.3389773267264023	0.20744452104603903
0.1440285229291233	0.5565536673201683	0.2994178097507084
0.35502397446922973	0.449792280628957	0.1951837449018134
0.5467365338823791	0.31616286160301876	0.13710060451460226
0.1806408646802627	0.4335026500774727	0.38585648524226474
0.18714831418553995	0.5581349601883013	0.2547167256261588
0.09330327108720815	0.6522450482797013	0.2544516806330907
0.33702863977525127	0.24308182240390908	0.41988953782083976
0.4591996096694667	0.10381138653283006	0.43698900379770333
0.16737530297711845	0.32739662215507154	0.5052280748678102
0.23437974918355442	0.34577754197014743	0.41984270884629826
0.058123863906907935	0.3967248806360727	0.5451512554570195
0.10905318322479715	0.5146831958488607	0.37626362092634225
0.2475295123507495	0.555731261166367	0.19673922648288375
0.060127029578197655	0.4389622013414845	0.500910769080318
0.3155585989205223	0.36492049155175543	0.3195209095277224
0.21203661962988565	0.6456591632762402	0.14230421709387425
0.44287730342977866	0.21476235454401293	0.3423603420262085
0.09152348232249818	0.3231379229013839	0.585338594776118
0.3767600851367531	0.22375161924427056	0.3994882956189765
0.2743900906138678	0.30093057570778114	0.42467933367835115
0.20844201873126522	0.6285908559845316	0.16296712528420326
0.4715381478326864	0.3014601094684365	0.22700174269887724
0.1787047259151063	0.4144785093536477	0.4068167647312461
0.3128617193457611	0.5392605359270284	0.14787774472721055
0.471318717165062	0.28619632540983564	0.2424849574251024
0.2153780496088357	0.34716598721361563	0.43745596317754876
0.2449843799437315	0.3248890835924073	0.4301265364638613
0.31569938099908573	0.20177167592710676	0.4825289430738076
0.2514842625054073	0.2807745521294278	0.46774118536516496
0.39703721986495816	0.31110848472612623	0.2918542954089157
0.33472585035214925	0.46035911826872744	0.20491503137912342
0.3074831184230199	0.4452943208714445	0.24722256070553572
0.1702119681031299	0.2995902722927083	0.5301977596041619
0.38650934763817735	0.4125655627622602	0.2009250895995626
0.2607798549734077	0.29587372536585194	0.44334641966074045
0.2721423526731586	0.3167041259981807	0.41115352132866073
0.18736969616068183	0.39957777937994354	0.41305252445937474
0.5744639262344209	0.2126105837719523	0.21292548999362698
0.22779874043899678	0.23410079075890972	0.5381004688020936
0.20030973451628634	0.5984876502025829	0.20120261528113093
0.18447824471584454	0.4676669514977043	0.3478548037864512
0.5273925252997294	0.12152736859798763	0.35108010610228313
0.2149580563521471	0.5209408560278294	0.2641010876200237
0.4010285032346734	0.3003741353517445	0.2985973614135822
0.4915158341178024	0.291430546199022	0.2170536196831757
0.1543562041151368	0.27753105854471694	0.5681127373401464
0.374960571123864	0.41242912952324745	0.21261029935288864
0.4749383330434356	0.20244377926163845	0.3226178876949261
0.082406885743253	0.46357013248253	0.4540229817742171
0.4731277749959084	0.20630929555102565	0.3205629294530661
0.44777289407531035	0.1483625804553414	0.40386452546934837
0.4969775648972092	0.3526563994424857	0.1503660356603052
0.08808196761763892	0.5922572097393008	0.3196608226430602
0.5639026145568546	0.2879994830566291	0.14809790238651635
0.3011597522400447	0.23948822089853888	0.4593520268614165
0.16715147398550234	0.5277427300295534	0.30510579598494436
0.27749456026923747	0.43543647671826147	0.28706896301250123
0.05297999226978417	0.36345144714105704	0.583568560589159
0.308864803895378	0.46010139481355106	0.2310338012910711
0.3320029342682618	0.1823763270624723	0.485620738669266
0.358485018849397	0.14492868304329193	0.4965862981073112
0.29387081512030855	0.3436698856134911	0.36245929926620046
0.3647072500789691	0.24959025042956506	0.38570249949146596
0.5034751885235198	0.16280513702182714	0.3337196744546532
0.4798410630316475	0.19309256769105565	0.327066369277297
0.09977340009868924	0.44404563726199936	0.4561809626393115
0.09453755415262849	0.4918818293234406	0.4135806165239311
0.12437588752164314	0.711989369632067	0.16363474284628995
0.21662428306205095	0.6196755922677822	0.16370012467016692
0.1105993994932043	0.39572563787481646	0.49367496263197935
0.46041538128837384	0.2777863341472692	0.26179828456435705
0.13289279970885204	0.3112396557934108	0.5558675444977372
0.3485150984468804	0.1865617246113337	0.46492317694178603
0.31296418167377243	0.42402011112905774	0.26301570719716993
