0.2069054740420227	0.22652368116839816	0.27592591244297743	0.075146098012171	0.21549883433443048
0.1862962544251258	0.2206754336402988	0.2932697243889779	0.07825581457788816	0.22150277296770912
0.20057659799415453	0.2244711862484679	0.27790094300496965	0.07861340264428146	0.21843787010812624
0.2089733557962785	0.2289112508677984	0.2725578542000253	0.06969000528064945	0.21986753385524813
0.19168758679967635	0.22556400339231863	0.2790205181029548	0.0781323423168066	0.2255955493882434
0.18718180316401614	0.22429945896066936	0.2850339941102098	0.07605360367482085	0.22743114009028362
0.20210612309609477	0.22577801116178026	0.2909264766494972	0.07148528671287382	0.20970410237975373
0.19816056949181995	0.22749352071782186	0.28612657496665994	0.0781065851585009	0.2101127496651971
0.1891550454246427	0.22900273734682786	0.2817335169829122	0.07019150033423963	0.22991719991137738
0.18685145081061622	0.22025896428787933	0.29068688225316897	0.07583530828520815	0.2263673943631271
0.21296791526357772	0.22430343830484137	0.2837648290780122	0.0730938962192644	0.20586992113430408
0.21209220302209536	0.2218145763099483	0.2861913995090798	0.07297764448428659	0.2069241766745897
0.2067467588760614	0.2261111433406548	0.286576633784971	0.0772874308156954	0.20327803318261717
0.2037807792238198	0.22181808884695925	0.2816399749402222	0.07836427687354869	0.21439688011544988
0.20443009962556813	0.22189789242935762	0.28345073793523284	0.07102478344486021	0.219196486564981
0.2076765429349744	0.22735526516221613	0.2774315296645846	0.07758216158181247	0.2099545006564121
0.20692638666254337	0.22476154626918002	0.28526217281982624	0.07393472382806196	0.20911517042038819
0.1959998324137872	0.2260784234109406	0.28079532910532645	0.07848103570316378	0.21864537936678177
0.19798292414623442	0.22899866271030356	0.2928820109999806	0.07381744637763851	0.2063189557658427
0.18940209868592664	0.22315664756080422	0.2959541494043625	0.07793582211187916	0.21355128223702724
0.20289648331291824	0.2215670787677593	0.283279346563289	0.07255068519212118	0.21970640616391204
0.21053637360811403	0.22659695830198315	0.2719209445032821	0.06995796184468803	0.22098776174193246
0.20803508052087902	0.22163817569172933	0.27458135964603547	0.07097071048727618	0.22477467365407977
0.19283875887163462	0.2238425963026462	0.28670975767956347	0.07830520306139496	0.2183036840847605
0.20737015172620213	0.21999234151378028	0.2960997566381805	0.07403220494030288	0.20250554518153396
0.19225322637599945	0.22171136270194527	0.2863544054097269	0.07290441377314424	0.22677659173918388
0.19625088921648742	0.22584268929599927	0.29611455882825105	0.07474060506075589	0.20705125759850615
0.20749502218160223	0.22893738902718236	0.27234401340146563	0.07080759784889765	0.2204159775408519
0.1893673426882726	0.22504536394158847	0.29334270880835994	0.07139783769438643	0.2208467468673923
0.1916243842552164	0.22173481799963538	0.3040041042609467	0.07574669196278269	0.20689000152141857
0.19908471884575932	0.22527583263899376	0.2999736710212641	0.07197808831410171	0.20368768917988087
0.19644802415082024	0.22587203770191588	0.3022436231325075	0.07082294625354116	0.20461336876121497
0.20874751448774803	0.22414610155641235	0.27867227165183317	0.07471124842830049	0.21372286387570574
0.19250555574083167	0.224678642786759	0.2825845242498043	0.07670733911004081	0.22352393811256402
0.19854787833489018	0.218727675937068	0.29599365744049655	0.06959562038563705	0.21713516790190796
0.21178392716623068	0.2224363453316774	0.2755706677416585	0.07478638956366215	0.21542267019677105
0.20002814417721204	0.22029280813476104	0.28492012378758036	0.07371776486458059	0.22104115903586571
0.1851423689624967	0.22812442271432776	0.29662068500456373	0.07337220359030777	0.21674031972830385
0.19916030674148819	0.2278039458243686	0.271558662402939	0.07744027106501339	0.22403681396619055
0.21185203347898615	0.22523492611651383	0.27760011463376405	0.07863982656432981	0.2066730992064059
0.20341269256935457	0.21934050315683773	0.27907975280953623	0.07208744564316213	0.22607960582110911
0.18560120348211054	0.2286129107275678	0.27823027490803054	0.07781871342431908	0.22973689745797182
0.18618607456514555	0.22179942914417913	0.28749187168291007	0.07464648870202006	0.22987613590574493
0.1964527008984184	0.22918074869888255	0.2840438246344179	0.07018861331098039	0.22013411245730052
0.18754063147794034	0.2225358196882718	0.2982722078749498	0.07699163281037728	0.2146597081484606
0.19548703849374668	0.22318422452589037	0.2793624937933032	0.07845797766429692	0.22350826552276262
0.1928267227485397	0.22180198340572327	0.2954048755461174	0.07103687749392379	0.21892954080569563
0.21127618019024968	0.21967443427268102	0.2809201660870227	0.07006096662864622	0.2180682528214002
0.19433479666783285	0.2258205141061953	0.2778742762199244	0.07740629182153816	0.22456412118450914
0.1928594092170386	0.22913379638629067	0.27898752255966575	0.07365278638871808	0.22536648544828672
0.19727480227345112	0.21908471211170236	0.2775945753569927	0.07632789051985318	0.22971801973800043
0.2042615481179896	0.22924181464230672	0.27629282754157986	0.0729634998352732	0.21724030986285042
0.19301727951654224	0.22178719111349182	0.2936364659709739	0.0720685123316484	0.21949055106734341
0.1855716529598695	0.22217099233947724	0.297535022475545	0.07271035425552536	0.22201197796958266
0.19486362604828594	0.22894541313507377	0.2944248859944636	0.06954576243635013	0.2122203123858263
0.18725106583044876	0.22028316594977826	0.3030430992495944	0.07209992084820721	0.21732274812197114
0.2005602722849269	0.22079638758429307	0.27978782759285115	0.07047921985029074	0.22837629268763787
0.1990417656383271	0.2236461478753848	0.2736843125162797	0.07355307761950139	0.23007469635050673
0.20851935645056513	0.22757280060007945	0.27950011714711215	0.07045183782504	0.21395588797720308
0.1932902643465359	0.22909610894909704	0.2858295602924913	0.07070736815216289	0.22107669825971266
0.18905514805692897	0.22483158340829035	0.3042237873416808	0.07527955112787588	0.2066099300652238
0.20520023503178048	0.22492380528182865	0.28287222919590627	0.07440354528847085	0.2126001852020135
0.2068986686293664	0.22901809307867757	0.28766766455131726	0.07090863148948348	0.20550694225115507
0.18853223294818766	0.22821892447835235	0.3032344251629303	0.07201960041701688	0.20799481699351258
0.19099946833044174	0.2232942870095836	0.2895481177620266	0.07074471827064252	0.22541340862730536
0.18568997224815098	0.21973977069653075	0.3014155169198988	0.07229880460679236	0.22085593552862687
0.19577510324133265	0.22407361882958454	0.280881214528516	0.07600069806078899	0.22326936533977756
0.20107523400641678	0.2260253051437392	0.2716876139332115	0.07149018544743047	0.2297216614692019
0.19471104003745657	0.22837208507044862	0.28371131606434885	0.07214696208514096	0.2210585967426048
0.2053570333231188	0.21987381234667552	0.2740484470195826	0.07164869015259914	0.22907201715802372
0.20116759468344475	0.22609862457496746	0.2916167414806241	0.07072667756728615	0.21039036169367728
0.19427473881532675	0.21984811071318464	0.29967216786909423	0.07168147084473894	0.21452351175765522
0.21032999976840122	0.21966368131048652	0.28897444435036546	0.07422430465240418	0.20680756991834243
0.18640411072043916	0.22866305820579733	0.2978631957826142	0.07537085690404549	0.2116987783871036
0.19171571120531905	0.22582053220823	0.2879391064305943	0.06948237645648131	0.22504227369937518
0.21151804535574684	0.22175123730884108	0.28471516625389093	0.07182679355261448	0.21018875752890645
0.20217720714059104	0.21919483645627527	0.29411335263370364	0.07522222083103418	0.20929238293839564
0.20373761350140862	0.21923274653003125	0.2845001702057083	0.07752993522795446	0.2149995345348972
0.200949974738572	0.22391799595768452	0.2819112910643247	0.07277180836432198	0.22044892987509657
0.19745800806283037	0.2285748340673997	0.2783824865672106	0.06991967321808043	0.22566499808447868
0.19383616221053615	0.22172955248603426	0.29357496308237085	0.0705026947939624	0.22035662742709608
0.20273119201164613	0.22807617903197136	0.29253388498429994	0.07207071629631753	0.2045880276757648
0.18589778540263255	0.22513845710613312	0.29135614749231553	0.0759050458572998	0.2217025641416188
0.192012056846259	0.22181488663601603	0.29684542972058336	0.07638878712043842	0.2129388396767029
0.18672005421700746	0.22251343874853785	0.3073482281224337	0.07577555608880983	0.20764272282321095
0.1866488716507662	0.22687562726880567	0.30266916084590423	0.07608984516831296	0.2077164950662107
0.18568224712430764	0.2293098804913256	0.28978829552216534	0.06969571005476843	0.22552386680743275
0.20135826738568713	0.22173148310673724	0.271418140676389	0.07758624282901298	0.2279058660021735
0.18860397282784633	0.22571781290826148	0.30514532573993625	0.07690651547912244	0.20362637304483325
0.20929283076240382	0.2222729300048853	0.2845142704868893	0.07133559758788058	0.21258437115794074
0.20754486158397145	0.22847640208234965	0.28877779119238073	0.07088709138459587	0.20431385375670214
0.19435507519547138	0.22521571828951775	0.28045094170018453	0.07695177162175436	0.22302649319307172
0.1906920389569811	0.22839544946910528	0.29474063564658926	0.07814562366016992	0.20802625226715415
0.20020319078600654	0.22423111377288016	0.2925169061777218	0.07828712399095403	0.20476166527243725
0.20406098907077208	0.2289051272524642	0.2767750655927826	0.0713949908673138	0.21886382721666708
0.19170160162715652	0.2284277729593132	0.2844585871386992	0.07191128360779908	0.22350075466703173
0.20387302642502916	0.22741570769918795	0.28955028999011834	0.071734042759929	0.2074269331257353
0.1958878869037117	0.2244247241044927	0.2972383512886808	0.07398132123258586	0.20846771647052867
0.20004576285972392	0.2257787775114405	0.27617810316153624	0.07779658874594553	0.22020076772135366
0.20480614309421993	0.22329203147016602	0.273484549404259	0.07062063938059532	0.22779663665075953
0.19893238885678274	0.22557399040542978	0.28905981031931854	0.07788930203415201	0.2085445083843167
0.20353774904209662	0.22331218893936536	0.27741256042920576	0.071651158199911	0.22408634338942107
0.18812007511199247	0.22358418428609583	0.29863705953365244	0.06946282382807589	0.22019585724018315
0.20829265680196646	0.21931255125129068	0.27612678625343096	0.07436636329601701	0.22190164239729465
0.19488911855063953	0.22608383072048663	0.28964479164792895	0.07216607544199538	0.21721618363894935
0.2047653697793503	0.22118411108188685	0.291736788891509	0.07104614260180364	0.21126758764545003
0.20169215229210274	0.22891641315774103	0.290283850216881	0.07408148929378533	0.20502609503948963
0.18699442137513697	0.22489716059429504	0.3005179550907636	0.07672437108494976	0.21086609185485441
0.19124560515927913	0.22681929482774016	0.28423804226322197	0.07723355993444965	0.22046349781530888
0.20584711526540966	0.2210540532674754	0.2830905453312603	0.0721714560502435	0.2178368300856109
0.20494426130955914	0.22924046450277813	0.28397428082540954	0.07335132788762669	0.20848966547462627
0.19260096335609625	0.2224498305264354	0.3060035567014182	0.07336171040140643	0.2055839390146435
0.20112384433472635	0.22742573633715626	0.29036363681951377	0.07865754361718942	0.20242923889141398
0.21151905170675692	0.21956504672453103	0.28531231988841144	0.07216425693061304	0.21143932474968735
0.18689060362521198	0.22077277641656318	0.29084289337501645	0.07198156313629964	0.22951216344690856
0.20596446556951878	0.2259684123381888	0.2784089134734836	0.07661144587646018	0.21304676274234838
0.20971158590302347	0.22058026048895982	0.2774423022970019	0.07753361076947486	0.21473224054153975
0.20557832460223313	0.22895941589089855	0.27246247086405384	0.07426545879071794	0.21873432985209632
0.20986154952400057	0.2197495158778115	0.28475626500066503	0.07546274253583485	0.21016992706168783
0.19834582637513998	0.22877053300901326	0.28032816923868237	0.07305842902181833	0.21949704235534584
0.20647711992149773	0.22582135760341493	0.27306815532736806	0.07006892730194195	0.2245644398457771
0.19562542325690277	0.22030332739119715	0.29197498622864293	0.07479177529117284	0.21730448783208406
0.19955071447646097	0.21905836651692023	0.29309268349143686	0.07705838793010325	0.21123984758507847
0.18897858811850143	0.21918044169149387	0.30551509762104007	0.07512009655450502	0.2112057760144594
0.20636531355090665	0.22441316281146484	0.2803084308623403	0.07173043602856083	0.21718265674672715
0.2026302157327594	0.22268057190771445	0.29305977338393696	0.07539667395515795	0.206232765020431
0.20659893612290017	0.2227230849217402	0.28387208483558907	0.07445619100910289	0.21234970311066745
0.21112646477226987	0.22889795566076432	0.27506542657748134	0.07107857435681669	0.21383157863266752
0.18637528111515725	0.22926169686764689	0.2890877941467076	0.0708226537883892	0.22445257408209882
0.2062996679756131	0.22854304833481395	0.27171304325856216	0.07108138072511627	0.2223628597058943
0.19616589749964644	0.22235625609200527	0.2946302821335497	0.07244442349553934	0.21440314077925904
0.20283061733774393	0.21960678180978696	0.2892204476109337	0.0778854202541303	0.2104567329874049
0.18718913490836353	0.22880187810925767	0.3034051026603923	0.06943085058510215	0.21117303373688417
0.19010796698687862	0.2294223190525545	0.2855161171934905	0.07606362256337466	0.2188899742037015
0.20465266741049704	0.21977805000963113	0.2808069013486398	0.07246445333320145	0.2222979278980304
0.1930104293769974	0.21989305178885227	0.2939909478913231	0.07036889394896523	0.22273667699386182
0.19761161617028736	0.22376815686129398	0.2827485411976959	0.0713364095788318	0.2245352761918908
0.2125180044635699	0.22204159951642138	0.28026325004528324	0.07371980028341749	0.2114573456913078
0.18781403039039546	0.22251777956209517	0.2997430627843155	0.07019748389118344	0.21972764337201023
0.18857128888950192	0.22711409666369056	0.2839914270981536	0.07638615698343809	0.22393703036521556
0.19595744495970396	0.21925204543038326	0.2917427086714003	0.07305531113779418	0.21999248980071812
0.20110417941859632	0.22867871468204126	0.2816193337147888	0.07534887236652896	0.21324889981804443
0.20179474373862186	0.22632323807007793	0.2943186795457528	0.07492524881908139	0.2026380898264658
0.19922324719841028	0.224581556072256	0.2765010805335818	0.07706445637071242	0.2226296598250393
0.19879497302533786	0.22709071897394378	0.2985152943014708	0.07298713616612365	0.2026118775331237
0.20058868646942288	0.21973824067871506	0.28763326337444206	0.07877858087174859	0.21326122860567115
0.19846528357290538	0.2220340791390715	0.28363347223476054	0.07811382443173391	0.21775334062152843
0.21072900057397118	0.22623378822513512	0.2773246198326022	0.07323945513488997	0.21247313623340128
0.19057116983642225	0.22500371717600098	0.2866559770767869	0.07195897503906462	0.22581016087172504
0.19402437584103938	0.22247992565639815	0.2799520377023479	0.07666327341294099	0.22688038738727337
0.20489744701479276	0.228038318848776	0.2924994277128168	0.07198511474603644	0.20257969167757775
0.20986704740249318	0.22330145182766334	0.28856540352243554	0.06939998131939729	0.2088661159280104
0.20221166407643473	0.21971658156485918	0.27903062796354783	0.07449557951450025	0.22454554688065773
0.19565402788984107	0.22600888592247975	0.2870549115463352	0.07049992689739676	0.22078224774394697
0.2003821940267338	0.22508068129694975	0.2779421045013022	0.07198463433254784	0.22461038584246618
0.19361216016400196	0.2249837367380253	0.2990966456154501	0.07745861985104659	0.20484883763147588
0.18734922970242252	0.22685124570529305	0.2886124751152028	0.07179142127659968	0.22539562820048173
0.19529491765864707	0.22683548704456072	0.28232098596009925	0.0704945833897466	0.22505402594694612
0.1884420123231623	0.22353234473850006	0.30636920404997126	0.07805861329164641	0.20359782559671974
0.20720347382603072	0.22806345173667963	0.2815931800372028	0.07501819261358417	0.20812170178650247
0.1902110879568038	0.2211950258494081	0.29522711888040787	0.07376639358242595	0.21960037373095403
0.20617395978534253	0.22683874428673537	0.28590464864824905	0.07258401677187665	0.20849863050779616
0.20353424215722143	0.22101704859169657	0.30153516375359496	0.07147266721882045	0.20244087827866633
0.21347627128989727	0.21883739232482952	0.27786757825606967	0.07045147780526242	0.2193672803239409
0.18956957988323864	0.2257879317257218	0.3046551127026197	0.0705771731999727	0.20941020248844697
0.18548402640175207	0.22175940214575635	0.2928024346688585	0.0778886374076945	0.22206549937593834
0.19249197719046487	0.22710200173703232	0.3073495378729605	0.0698943683275283	0.2031621148720138
0.18873864531054776	0.2239908921673172	0.2905091736058474	0.07228790456941778	0.22447338434686961
0.2114566161218135	0.22810518098368326	0.28395852944100225	0.07067255644030507	0.20580711701319573
0.19258188604767262	0.21965424230664038	0.302130730608845	0.07042143539058396	0.21521170564625783
0.21318634352979518	0.22761997962511055	0.27342621139456513	0.07067254960621011	0.2150949158443188
0.18638583418942253	0.2195025916754311	0.29426127061165636	0.07426008031003328	0.22559022321345654
0.20310676810729925	0.22126788678287126	0.29635060124048945	0.07513972108451045	0.20413502278482937
0.1981942964092255	0.22213255540924484	0.29021548637527417	0.07849907109925865	0.2109585907069966
0.2085622727485505	0.22279115583820291	0.2769667320365945	0.07271411067756153	0.21896572869909037
0.20118167086835934	0.22097005578231182	0.2821520253295569	0.06966086363467938	0.22603538438509235
0.19500148839110312	0.2222981052625483	0.2861353391074364	0.07169375421663393	0.22487131302227797
0.21146278225368992	0.222519074100607	0.28307893372412324	0.07765730958582402	0.2052819003357556
0.20016541493256385	0.22131889330286983	0.27409646014277544	0.07560162008674012	0.22881761153505054
0.1953589567973268	0.21964935253622808	0.30093768971109586	0.0695702121826445	0.21448378877270458
0.20125754323505698	0.22851963560533012	0.2743481348326289	0.06993987654607234	0.22593480978091146
0.20210107319562923	0.22934420666287775	0.29014311290220984	0.0759387461685614	0.20247286107072154
0.19787334224434683	0.22904571385357245	0.2812999824173991	0.07403326719527564	0.2177476942894057
0.20398298998887165	0.22713766368232247	0.28736985020240213	0.07447993524431987	0.20702956088208369
0.1987594702855684	0.21876958704342947	0.2864001386335141	0.0753222257831163	0.2207485782543715
0.1995623715175576	0.22533566121040285	0.27691698512547647	0.07358069088147412	0.22460429126508874
0.1871223457435001	0.2287848407604694	0.2907975359794667	0.07448543121174178	0.2188098463048218
0.200071790506335	0.22261320276705024	0.29429020427052505	0.07165728453362197	0.21136751792246752
0.20341075994292884	0.22394263095639763	0.285117825845703	0.07195228950585528	0.21557649374911503
0.21162818892213006	0.22539567873411837	0.2762135775543716	0.07217891129192161	0.21458364349745815
0.18672249139181826	0.22027607296064688	0.3055709510422823	0.06976373006660669	0.21766675453864565
0.18777069365872823	0.22808333280807494	0.28576169168682786	0.07696440950516295	0.22141987234120583
0.18772400874085363	0.22432326412928263	0.2862373229974339	0.07318860677686448	0.22852679735556514
0.18883064597071444	0.22600925054910712	0.28818182234355316	0.07098967594532563	0.2259886051912994
0.1992207629831761	0.2210089795570697	0.2899459352539269	0.0762059384169676	0.2136183837888595
0.18553204237754076	0.22804023893089626	0.29133899656834283	0.07184743272124203	0.22324128940197796
0.20144930850513235	0.22545764314958497	0.2942702959142986	0.0758204732244462	0.20300227920653768
0.19289785151338412	0.21977221500844046	0.28561248259020106	0.07842516164316676	0.22329228924480735
0.18683482961006	0.22757373640945214	0.29136491126793573	0.07363796831917066	0.2205885543933812
0.194807905316433	0.22654264675516667	0.28701943789841644	0.0722155884225455	0.21941442160743818
0.21082739618201424	0.22174515032714168	0.2908338016815099	0.06953737469035395	0.20705627711897998
0.18967485264816045	0.2223291561640347	0.29939564008157143	0.07321432299952604	0.21538602810670712
0.20373481319114517	0.22817088549256148	0.29222520294345744	0.070597181312092	0.20527191706074369
0.1961940805534785	0.22572153543675633	0.28632492087842787	0.07310322906850611	0.2186562340628309
0.19875048385739455	0.22757340765087383	0.294929245290039	0.07629290350451294	0.20245395969717944
0.1924738443686504	0.22645328034431356	0.2794007547991103	0.07235345787241992	0.22931866261550557
0.21008391259930773	0.22723165518891247	0.281442341348496	0.0703767081915013	0.2108653826717823
0.19884137956113374	0.22544371775690478	0.29084139466709497	0.07114319690605223	0.21373031110881408
0.2000113090121872	0.22538241246873697	0.2774450695128501	0.07693189360409372	0.22022931540213178
0.2106096220081426	0.22821219353967864	0.2790243134634857	0.07014564718529787	0.21200822380339493
0.20064089758889625	0.22349195169477976	0.2868024788741476	0.07088475885642742	0.21817991298574874
0.19548542748944964	0.22340835870566964	0.3037730340028032	0.07361341557749249	0.20371976422458482
0.2111795482714423	0.22121038812628366	0.2741886282208747	0.0698957468115757	0.2235256885698234
0.18865207649465343	0.2232538408082424	0.30007060401516755	0.07357312413234984	0.21445035454958652
0.19710056469861129	0.2190522832670389	0.29238242363326605	0.07711438344567131	0.2143503449554122
0.2084695188420521	0.22437790243494568	0.2796425102861835	0.07395858197068922	0.21355148646612931
0.19388505154265098	0.22760356533148002	0.2954371224359987	0.0740853854839848	0.2089888752058853
0.19776646986228233	0.22770142681581065	0.2842414241992262	0.07865449224264713	0.21163618688003347
0.20989349054542564	0.22315329438840997	0.2866680571210448	0.07202441437831317	0.20826074356680618
0.19743805814345133	0.22172526734748998	0.3055721016048566	0.07277510684941269	0.2024894660547892
0.1961693143325618	0.2281497439598229	0.28339864316687197	0.07446028584553085	0.21782201269521226
0.18519332287095733	0.21904266510794984	0.30258129763739383	0.07016285943355291	0.22301985495014592
0.1912386012673644	0.2252657487027369	0.284336817690259	0.07187836366105624	0.2272804686785833
0.19046981049237796	0.22145664927222086	0.30526064684566734	0.07645895330172657	0.2063539400880071
0.2078475157191733	0.2255293330688444	0.27918552094045024	0.07884543451834553	0.20859219575318635
0.1942200288809136	0.22849507603778552	0.3037771480621048	0.06944650227604501	0.20406124474315082
0.1955007411334438	0.22330936757237413	0.2781188356283408	0.0761178252696239	0.22695323039621715
0.18960583195156186	0.22597252086305922	0.3032913844424338	0.07827600544179525	0.20285425730114967
0.18678535531624074	0.22786973251550174	0.30433231956942186	0.07043319682558541	0.21057939577325005
0.20169608404441186	0.2257782702371941	0.2764086086790366	0.07132732648665879	0.2247897105526984
0.19091442254653873	0.22304688956379987	0.2883701671473974	0.07427727720660421	0.2233912435356596
0.18554909733328792	0.22677923245997664	0.30227077777680933	0.07315756342699564	0.21224332900293025
0.19244361403205545	0.22024797788750086	0.2996648105759855	0.07825617285808018	0.20938742464637775
0.20570507237956892	0.22380784471739015	0.2766010202795665	0.07094588922199771	0.22294017340147648
0.2068184833208399	0.22056911714104976	0.2960068058168901	0.07012773444984266	0.20647785927137732
0.1875366812360365	0.21902390100910904	0.28953942358679674	0.07660453021889731	0.2272954639491602
0.21254956017057483	0.22302150585956446	0.2746917448633358	0.07569853240374896	0.21403865670277575
0.18748503590401464	0.2262792478680526	0.28643407738681803	0.07628363713855701	0.22351800170255753
0.187206236775591	0.22326255361816819	0.302442757792424	0.07638670994374981	0.2107017418700668
0.20347018780800896	0.22264022491791227	0.28094781202120844	0.07297159521942695	0.21997018003344315
0.20846689085946637	0.22286674411775184	0.27648516485923	0.07391737683901312	0.21826382332453842
0.20320504856954855	0.22329877761869651	0.292877293026346	0.07425218361418337	0.20636669717122527
0.19691063575439346	0.22028943091007	0.3037683376883358	0.07059995880366232	0.20843163684353821
0.21178530134675683	0.2208696203868394	0.2869746974121253	0.07281151840104014	0.20755886245323812
0.18531927666042425	0.22150595238852902	0.3044042807833673	0.07568151021487635	0.21308897995280288
0.1966029496019343	0.22610842033211964	0.29451343936767416	0.07828593973759786	0.20448925096067383
0.21312194616221988	0.22316839355148815	0.2832149955162652	0.06971604603473802	0.21077861873528853
0.2114454442766969	0.2235408183818835	0.27222137285359005	0.07599547230446949	0.2167968921833598
0.20301648624774674	0.22384130170715877	0.2818071725417665	0.07710177628355239	0.21423326321977537
0.20851620578206476	0.22818794202624607	0.27857079502148224	0.07392525243990702	0.2107998047302997
0.1873643684730005	0.22009375111519797	0.3015046832241693	0.07867860019718823	0.21235859699044382
0.19044344194424112	0.22718589085403623	0.2926285729333915	0.07708455054661237	0.21265754372171852
0.1926835469737054	0.22776145002252463	0.2836548622985148	0.07208980372658885	0.22381033697866615
0.19929586958550888	0.22327491742013686	0.2745105965573344	0.07547945535498185	0.22743916108203777
0.203724344615531	0.21953043475398187	0.2876130394358971	0.07865280864715442	0.21047937254743534
0.20892679351552285	0.22722525964878668	0.2781045043376368	0.07767842225667373	0.20806502024137974
0.1931351166937022	0.22459168582327182	0.3002729477171656	0.0749096492596589	0.20709060050620123
0.19384821966796703	0.22940536148342605	0.29334907075744726	0.0771296102405788	0.20626773785058064
0.20276630445172403	0.22523381443527235	0.27197886417559053	0.07558133178317095	0.2244396851542419
0.1963901516817047	0.22312892803638554	0.29510528034695593	0.0767611823465711	0.2086144575883825
0.20211965268031074	0.22146664106554953	0.2778580943656673	0.0773980807609096	0.22115753112756262
0.18747856243769714	0.2230474184656515	0.3062212410973342	0.07301557365888087	0.21023720434043613
0.18801841930035132	0.2231917544258039	0.29784773920247487	0.07026797086498585	0.22067411620638389
0.19977359266470135	0.22763956280746495	0.2763803284897377	0.06952629264656784	0.2266802233915279
0.1895252495657721	0.2245534303662418	0.30488093900509095	0.07108211403766734	0.20995826702522755
0.1864974002792942	0.2258546336084324	0.28215411079950825	0.0760522021028608	0.22944165320990415
0.19915485347053272	0.22797540595210083	0.28586041670924167	0.07039653742123139	0.2166127864468931
0.18877986011193912	0.22937189629696644	0.30395825695557505	0.07418745471619631	0.2037025319193229
0.20186362120396625	0.22156273994587816	0.2958095303604528	0.07204958445935444	0.2087145240303481
0.20999713167992018	0.2228437452580438	0.27581617923831575	0.07652639666787457	0.21481654715584547
0.19511588097019752	0.2195994181562568	0.2995087693607277	0.07850286720358854	0.20727306430922918
0.20731382788620842	0.2226639755894331	0.28633917872067527	0.07839663579642467	0.20528638200725838
0.1947178158785071	0.22888573523097006	0.2815447651728283	0.06974864131687919	0.22510304240081516
0.20286084774187815	0.22095482944027678	0.2794307948683207	0.07635954442089461	0.2203939835286295
0.19804512986200218	0.2248531648476329	0.2891001148948388	0.07683561870964012	0.2111659716858858
0.18942087024141316	0.22307439701512155	0.30323995409389803	0.06974237436865638	0.21452240428091063
0.20705462570742644	0.22873838005894137	0.2724502332943439	0.07564130869666197	0.21611545224262604
0.2130061642423055	0.2264331465153871	0.2724762562926235	0.07698229013792614	0.2111021428117575
0.2082723906433855	0.22318556308490056	0.28581018982326495	0.07683126187819173	0.20590059457025703
0.2088395557521929	0.22885147309294915	0.28400996745247353	0.07278221407109384	0.20551678963129033
0.19613417649415477	0.22636064653379126	0.28267149624740273	0.07705352238347446	0.21778015834117656
0.19253989814283026	0.22597294218010952	0.30285953719415104	0.07427761952459155	0.2043500029583174
0.1910282530537569	0.22908437477792437	0.29769318751429275	0.07619033673860567	0.20600384791542006
0.20345890674592226	0.22399343636050245	0.29042774326002846	0.07107374660192631	0.21104616703162032
0.18818111309588478	0.22740332227275695	0.2967389843703354	0.07412709638249407	0.21354948387852857
0.18981089973158788	0.21934155969548746	0.2956643954134621	0.07188931580931218	0.22329382935015013
0.1914365502274296	0.2293756500771973	0.2993015276102358	0.07517606706453703	0.2047102050206
0.21194518919274055	0.22391942164129036	0.2853040302996603	0.07128513303417733	0.20754622583213125
0.20166628191422628	0.21927539960395176	0.29557757924471734	0.07250146169461225	0.21097927754249216
0.21350039715435046	0.224203744275703	0.27776935698676986	0.07104801614969342	0.21347848543348305
0.1967703606732385	0.2253441465448993	0.29770049576876734	0.071305296529899	0.20887970048319565
0.21062486539421188	0.2279750722359909	0.2861457198525489	0.06956065093293765	0.20569369158431045
0.19487160482239488	0.2254434799810937	0.2977510002463818	0.07518215820991522	0.2067517567402142
0.20200290466914267	0.22678782781039947	0.28994227922879684	0.07775233016014693	0.20351465813151387
0.19120248969419884	0.22679487828853914	0.2994965798096487	0.07075809108207406	0.21174796112553898
0.20039010100060617	0.2257249807061548	0.29064123179318685	0.07695108696950391	0.20629259953054802
0.19180363319538585	0.22010033055784747	0.3010343755293782	0.07181530590559287	0.2152463548117954
0.1851866768504625	0.225655826577655	0.30462329352069195	0.06981414781064232	0.214720055240548
0.1937668021543862	0.21959429418248852	0.2898921509175048	0.07197470092208974	0.22477205182353052
0.21366890430736504	0.22342225359748683	0.27552855128003	0.07702188019884036	0.21035841061627755
0.21175820318188746	0.22678632007507016	0.28602031940712863	0.07150627688358	0.20392888045233354
0.19376412451161132	0.22803415053633203	0.2949927192595552	0.07394645967246916	0.20926254602003203
0.18957356580487253	0.22193462487674284	0.2917391607033303	0.07020470039395355	0.22654794822110058
0.19453853972809282	0.22208576516088968	0.29728654643522096	0.07312132038007846	0.21296782829571786
0.20261780844773572	0.22061379480826088	0.2845877871959547	0.07250650147975199	0.21967410806829646
0.18561263623910987	0.2279776279734859	0.2955999114876265	0.07557549248247915	0.2152343318172984
0.194432934989295	0.22801521497570448	0.29341517014531493	0.07210025993972718	0.21203641994995817
0.21199067320114925	0.22798228226035627	0.2811932612646517	0.07066203382934155	0.20817174944450098
0.21347484539197512	0.22244200370418166	0.27693381446708204	0.07558129504960008	0.21156804138716084
0.18709891280402977	0.2220232451523708	0.29077807866635474	0.07033019547803557	0.22976956789920894
0.2096580395999408	0.218975542606938	0.28360021472791896	0.06935848342298842	0.2184077196422136
0.21290807990956084	0.22117855972844627	0.2755465592038632	0.07611881586020623	0.2142479852979232
0.20924187069975653	0.2240407514022456	0.2809509116536212	0.07409216633431484	0.2116742999100616
0.20626211404500255	0.22052140846796003	0.2882403016570644	0.07184147344418398	0.2131347023857888
0.19234481289006639	0.22774973506247814	0.29110344229108936	0.07662229973209618	0.21217971002426977
0.18976083522071072	0.22267652753828768	0.2840709337963511	0.07617382558546838	0.2273178778591819
0.20497691296324685	0.22887351478807957	0.2831186319497357	0.07168717879081052	0.21134376150812711
0.1927875370121097	0.22917820304772274	0.2764510004682445	0.07157550759204989	0.23000775187987293
0.1902773749561695	0.22540384381448128	0.30224565861960606	0.07729059141659106	0.20478253119315193
0.19338514909947954	0.2275458900529653	0.28411790042479057	0.07679594575522884	0.2181551146675355
0.19535058194336566	0.22315708401401543	0.2874859447824341	0.0742347422950971	0.21977164696508744
0.20029225823612687	0.22883302810247946	0.27307817237088483	0.07059710179927678	0.22719943949123184
0.18900588616351086	0.22783970902771036	0.28487118364267994	0.07080064517573276	0.2274825759903659
0.18517405195047418	0.22463759546055914	0.29016531431018666	0.07110571796288859	0.22891732031589118
0.19768554846200273	0.22840635789799849	0.2873696584852015	0.07098874075497832	0.21554969439981875
0.2055109284368354	0.22915872484368435	0.2836338234468398	0.06948076564929304	0.21221575762334716
0.18793427011975836	0.2206912562907445	0.3019627500305009	0.07238564593398494	0.2170260776250111
0.20076171960414607	0.2231838181612725	0.28590806962064463	0.07740442797293129	0.21274196464100528
0.20608522787726777	0.2194665489968752	0.27829448871087026	0.0781109487728537	0.21804278564213284
0.20607036518592015	0.22108729902514562	0.28763522133019903	0.07035806464362904	0.21484904981510597
0.19889050450517431	0.22762146084860246	0.2854944026582703	0.07064610859758202	0.21734752339037064
0.18931267711317187	0.22346294740105427	0.3059547288691292	0.07331792831138934	0.20795171830525508
0.1925237317375354	0.2281412244010692	0.28213275138258753	0.0739544690678133	0.22324782341099436
0.19158633042083878	0.22879707222680445	0.299609088595997	0.07234444455398711	0.20766306420237243
0.20128536748555426	0.22545729032143347	0.27392202492202883	0.0775886044985706	0.22174671277241262
0.19133132184762516	0.2218894154210042	0.2877636957123165	0.07874365292563537	0.2202719140934185
0.20349010504196	0.21979356337890382	0.28506249246075765	0.07113845614045086	0.22051538297792742
0.20853340677585427	0.22609112483375235	0.2880687437042851	0.07273963363215788	0.20456709105395016
0.20881659330343294	0.22771249962106652	0.27629195230064324	0.07429221520064927	0.21288673957420778
0.18910254427723006	0.2214947454233056	0.2906995378284776	0.07427117712035519	0.2244319953506313
0.20476245360362566	0.22373524637194078	0.28766498498873283	0.0751806267326899	0.20865668830301057
0.19765013166052497	0.22459043113345026	0.2905873626872125	0.07616820453967797	0.21100386997913403
0.20869089209015204	0.22125118294988272	0.2886763845117401	0.07856743154381846	0.2028141089044065
0.19713884651284863	0.2221658274099442	0.299010836503087	0.0711691499390395	0.21051533963508043
0.20476016487247373	0.22228713092625815	0.2867760844719308	0.07320270318037594	0.21297391654896117
0.19555891603916312	0.21989413436674227	0.3038039710787102	0.07725716473657541	0.20348581377880876
0.19801888511125193	0.2215370061831892	0.29206257104935285	0.07365142208116285	0.21473011557504293
0.19582172208004617	0.22120549503845996	0.3013693293330075	0.07066472943416732	0.2109387241143189
0.20799635462475463	0.2235777609187894	0.28665337393279555	0.07764176083734367	0.20413074968631656
0.20912589631199352	0.2252796636073991	0.27467490224507163	0.06990648041642275	0.22101305741911279
0.20205699573142483	0.22287354643779608	0.2739887673876066	0.07580111765996289	0.2252795727832094
0.20589233184800468	0.21889548024577135	0.2818478827002063	0.07029181600239545	0.22307248920362202
0.1909562669445149	0.21915577346204237	0.2925434731930232	0.07077933225016761	0.22656515415025172
0.19934678399925299	0.223911437925556	0.27922107580582556	0.06937320472184244	0.2281474975475228
0.19319232394653377	0.22127044102685056	0.2789050985641925	0.0785121659683638	0.22811997049405913
0.19682892458736073	0.22565378217590487	0.2934986404954893	0.07539571183582526	0.2086229409054196
0.20898100526964725	0.22310167423445137	0.27198363329517933	0.07097601918180255	0.22495766801891928
0.18725330629834994	0.22182814807154366	0.29314918215644026	0.07171735486051384	0.22605200861315208
0.20684709616328945	0.2219070376714464	0.29434813307831015	0.07154842821372104	0.20534930487323275
0.1905732697291722	0.22442574216787511	0.28129756842414505	0.07828015231819939	0.225423267360608
0.18885829240297297	0.21967245753198147	0.30178607332820784	0.07179714800476594	0.21788602873207158
0.20256472102333753	0.2195982822387404	0.2846799723722179	0.07318605308856677	0.2199709712771372
0.19777357495817663	0.22336890965543543	0.273210902475832	0.07716355817452923	0.22848305473602643
0.19803129004099207	0.22052938918275503	0.28522167495530526	0.07745801655915091	0.21875962926179654
0.20641541931363822	0.22190036885012132	0.27625066959850497	0.07617354357801207	0.21925999865972318
0.18661450211132352	0.22885362404408655	0.292333515592178	0.07179752907161294	0.22040082918079876
0.20076393810170848	0.22325321806043638	0.28719644422967217	0.07862347810907376	0.21016292149910898
0.19079024718283014	0.22709301455520253	0.2899946842602089	0.07512020524631605	0.21700184875544215
0.18554213557712942	0.2271131525959598	0.3008951829987779	0.07641726375941471	0.21003226506871794
0.2046317931606412	0.2287872600721282	0.28093236359413765	0.07159042732541679	0.21405815584767593
0.18652623669734755	0.21999322536604338	0.3025432139947613	0.07265355130576678	0.21828377263608073
0.19893383137762613	0.22541015038647347	0.28727534399235954	0.07642601263767963	0.21195466160586102
0.1982634161012067	0.2285385604502691	0.2841391168527315	0.07834608906435575	0.21071281753143664
0.20714837717948623	0.22181541511436964	0.28454241726376184	0.07669561717080989	0.20979817327157216
0.21230830635797363	0.22146972599978268	0.27194543408738286	0.07491215482566208	0.2193643787291985
0.18762772183817483	0.22226002469332407	0.2996200122553381	0.07277628381961393	0.21771595739354893
0.19530412828095395	0.22755183136405768	0.29687383079462987	0.06998353474885871	0.2102866748114996
0.18552461121660102	0.22659929994952638	0.3071980488597729	0.07671258121421405	0.20396545875988542
0.21135235442828512	0.22230517451028173	0.28871757251245994	0.07470579998972549	0.20291909855924747
0.20964738861460458	0.21979855599681503	0.27893181029284253	0.06978936515566878	0.22183287994006887
0.19731650698622194	0.22922292839296726	0.2813893754297908	0.07783920370149623	0.2142319854895235
0.1950480728531348	0.2272874201479697	0.27782349710202514	0.07242574193835336	0.2274152679585168
0.20343757761928996	0.22772562956392492	0.2722158649055195	0.0722692005055986	0.22435172740566678
0.1882537599555672	0.22024663544097306	0.2942927100867967	0.07424994668256835	0.22295694783409448
0.19596794620029573	0.2294718117816354	0.28976012220760594	0.07422832613304264	0.21057179367742007
0.1869268853149608	0.22826782243867494	0.28284658630753146	0.07632949406522996	0.2256292118736027
0.20020989356726593	0.22681153021164466	0.27435199512210007	0.07670376109013696	0.22192282000885216
0.18811520627834197	0.22281004894433362	0.29292762374215364	0.0768691337008386	0.21927798733433193
0.21328284353530727	0.22628238365350936	0.2828654440904136	0.07167060250472074	0.2058987262160488
0.20241203621460366	0.22459077821314322	0.2751145636349107	0.07762411870952031	0.22025850322782192
0.19387443170218877	0.22581832497820445	0.3037155127402602	0.06978277725967538	0.20680895331967095
0.20798325658770914	0.22581669922974304	0.27175455759189265	0.07357495773304779	0.22087052885760716
0.18968203786774623	0.22824085678322384	0.28944119941151236	0.07721376540090809	0.2154221405366093
0.18718617902507387	0.22377329783722077	0.28906436779237277	0.0732504436121395	0.22672571173319286
0.20560600221393568	0.2259899733983001	0.27340189297711825	0.07857626344401399	0.2164258679666317
0.21172861247572194	0.22082659035878935	0.27993869373264635	0.07367306669743698	0.2138330367354051
0.19522405612350613	0.22533574110861987	0.3003195158787344	0.07230012298084479	0.20682056390829467
0.20194591750862445	0.21899427916457967	0.2811318113860804	0.07009715881405312	0.22783083312666214
0.1891819424005294	0.22271969910632305	0.29651198247856647	0.07392947664370064	0.2176568993708802
0.1985948098039044	0.22292529007307257	0.29882184694365516	0.07585315297865874	0.2038049002007089
0.2135594593305897	0.22145478441107358	0.28972594289142756	0.07233248488930208	0.20292732847760686
0.19647629258045587	0.22800001183861954	0.27173755018902657	0.0749402037297979	0.2288459416620999
0.19345404611273048	0.22577471416611866	0.28388232794652946	0.07053441388854578	0.22635449788607534
0.18857828052148132	0.22062093143795458	0.2961718353019116	0.07330502815213061	0.2213239245865217
0.20538337867107517	0.2284083044269518	0.2843850969254187	0.07342876265131087	0.20839445732524323
0.19665653420705487	0.22333585168525005	0.29687083497093164	0.07540564160990385	0.20773113752685934
