0.2630479211098504	0.3578723755440884	0.3790797033460613
0.26432086858303705	0.361560343520298	0.3741187878966651
0.26113217365098923	0.36643119997594137	0.3724366263730695
0.2657153788117155	0.36479410904873344	0.3694905121395512
0.2593246843617695	0.36055178212972144	0.3801235335085092
0.2576631139400405	0.35955835234016564	0.382778533719794
0.2585053328044823	0.3668235029654684	0.3746711642300494
0.2590404275657151	0.35855289941068846	0.38240667302359654
0.2624210024199255	0.3707993592348835	0.3667796383451912
0.26445953301074554	0.35963527370776477	0.37590519328148975
0.2624079622241193	0.3582761277570824	0.37931591001879844
0.26242568834818225	0.35778323766623416	0.37979107398558365
0.2588152932375934	0.36462321217407195	0.37656149458833477
0.25925274198430476	0.3596442839930024	0.3811029740226929
0.26266613923203597	0.363542088610481	0.3737917721574832
0.26520474577262454	0.35771484745410786	0.37708040677326776
0.2629032229506436	0.36661311374855043	0.370483663300806
0.2625654054336304	0.3706757661001099	0.36675882846625985
0.26546360495438376	0.36162674964149955	0.37290964540411686
0.26082505792538985	0.3573413864974211	0.3818335555771891
0.25965828689650766	0.3623458686444733	0.3779958444590191
0.26009592819762395	0.36673790479943336	0.3731661670029428
0.2634155990932654	0.3564531181261702	0.3801312827805645
0.2616671323215086	0.3642561140335329	0.3740767536449586
0.2576456729283114	0.3583732459239695	0.3839810811477191
0.2595525705660966	0.35755637686137975	0.3828910525725238
0.2616315158464294	0.37085306157517	0.3675154225784007
0.2638861144358853	0.362384655835338	0.37372922972877676
0.2638780663505299	0.3590518619469203	0.37707007170254997
0.25833722508887286	0.36840474670883805	0.37325802820228926
0.2590598594335755	0.3733740993002486	0.367566041266176
0.2647438370642301	0.35985975249127217	0.37539641044449784
0.2589587666439349	0.3601051403061474	0.3809360930499178
0.2622477051250567	0.35917340590301655	0.3785788889719268
0.26032954296841115	0.35809202774535814	0.3815784292862308
0.25995947231010635	0.36364990575136763	0.3763906219385261
0.25842670259908207	0.36200869213298026	0.3795646052679377
0.2617420026298966	0.3629617952500288	0.37529620212007475
0.26082364593917834	0.3685818468957612	0.3705945071650606
0.26373874411222953	0.36814489053716937	0.36811636535060127
0.2634869908840891	0.36386036838062596	0.3726526407352851
0.2621412011007858	0.3580385321748752	0.3798202667243391
0.2588299414745754	0.35666547390033954	0.3845045846250852
0.26073992077887326	0.364651221988319	0.37460885723280785
0.2657566068759031	0.35979199246265614	0.37445140066144084
0.2583839675910027	0.3686190676173276	0.3729969647916698
0.26333504771724037	0.36726341698410525	0.3694015352986545
0.2606875828460873	0.36596688496935215	0.37334553218456074
0.2591899858409432	0.3640778021657064	0.3767322119933505
0.2656874801695636	0.36080427043969604	0.37350824939074045
0.25952248935416716	0.35907173200236947	0.3814057786434635
0.2609036599556088	0.369998551355059	0.3690977886893323
0.26514083389887755	0.36475616571845937	0.37010300038266325
0.26128961194925093	0.3646464046580706	0.3740639833926786
0.2602978452000264	0.3584874730468426	0.3812146817531311
0.26243867915588465	0.35882809166620244	0.378733229177913
0.2598864326608461	0.3692509459855666	0.37086262135358744
0.26386631241088265	0.357244479576072	0.3788892080130455
0.260481305138857	0.3694779403625471	0.3700407544985961
0.2630468542438914	0.357758640245618	0.3791945055104908
0.26392669644479466	0.36651060132422897	0.3695627022309765
0.2629719154605747	0.36700345681730473	0.3700246277221207
0.2581292590739386	0.371211385976229	0.3706593549498326
0.26245441901953404	0.3621379693927797	0.3754076115876864
0.2576642941359286	0.3672918186647483	0.3750438871993232
0.26450196261701076	0.3666038199294228	0.3688942174535666
0.2616387923309912	0.36505575396451934	0.3733054537044896
0.2614863792606366	0.3687606372253117	0.3697529835140518
0.2602083140715071	0.3701196940124425	0.3696719919160505
0.2607437023970593	0.3714662066605907	0.3677900909423501
0.2622393502995314	0.3703325670395461	0.36742808266092264
0.264976357231081	0.3669549675656652	0.3680686752032539
0.25892618574846465	0.3675890811598983	0.3734847330916372
0.25969127954957216	0.3661919124620127	0.37411680798841523
0.2599765863069582	0.3567014856411883	0.3833219280518536
0.2597160031874256	0.3694558007329658	0.37082819607960876
0.2580167539234329	0.3656868717492797	0.3762963743272875
0.25765748754349943	0.3652696728575593	0.3770728395989414
0.2584508666930415	0.3644258175856114	0.3771233157213473
0.26025462312997294	0.3579285067865523	0.3818168700834748
0.26440810603210646	0.3646263634736284	0.3709655304942652
0.2624435675862948	0.356538475404635	0.3810179570090703
0.2615160534594642	0.35995071252062216	0.3785332340199137
0.2632874750938565	0.36878060876646573	0.36793191613967785
0.26358872056400584	0.35908004173603014	0.37733123769996413
0.2629300318431943	0.35957323833384996	0.37749672982295585
0.26285756961672124	0.36940796317464364	0.36773446720863523
0.2595199853721919	0.3596386233940345	0.3808413912337737
0.2603116419419336	0.36124947937532326	0.37843887868274323
0.26523841921120994	0.36795453783651594	0.36680704295227423
0.2587067781868927	0.3573553636620932	0.3839378581510142
0.2622738769891205	0.358971017476709	0.3787551055341705
0.26143732232248845	0.36534120368594153	0.37322147399157013
0.25860957635860127	0.35775966806367476	0.383630755577724
0.2639663964574521	0.36053464532301466	0.3754989582195333
0.2616548468179446	0.3624470953562122	0.3758980578258433
0.2604918000595383	0.3715098965397882	0.3679983034006736
0.25915665885067396	0.37200193818104155	0.36884140296828466
0.2635270148011405	0.3646987344151034	0.37177425078375614
0.26460306911724274	0.3685130493499635	0.36688388153279394
0.26273473847068285	0.36686029733006975	0.3704049641992475
0.25930873641209323	0.3632388008564412	0.37745246273146565
0.26376346446268456	0.36400611748370254	0.372230418053613
0.25965947801413336	0.3692943927048769	0.3710461292809899
0.2627553666743764	0.359732706850901	0.37751192647472276
0.2602447876943995	0.37257530641869285	0.36717990588690774
0.25801964624299456	0.3643699315572333	0.37761042219977226
0.2578651500507543	0.36225401942502444	0.37988083052422134
0.2648104033814907	0.35962025270931547	0.37556934390919394
0.26512263030169486	0.3659709039971789	0.36890646570112634
0.26128189703087457	0.36184310339442255	0.37687499957470294
0.2585671032477133	0.3681843836015069	0.3732485131507799
0.26186959564036755	0.3644316637041898	0.3736987406554428
0.25974346327736153	0.36597515561361255	0.374281381109026
0.2576461114635311	0.36274777828098703	0.37960611025548197
0.2642437566108503	0.3684503132545257	0.3673059301346241
0.2600744521425733	0.36045215787234186	0.37947338998508495
0.26333874706963656	0.35683885060845677	0.3798224023219068
0.262124617014339	0.3689683912505066	0.3689069917351545
0.26029810099566075	0.37206907668371797	0.3676328223206214
0.25972518549197465	0.35697624636024095	0.3832985681477845
0.26378545059198044	0.3661270235165698	0.3700875258914499
0.25887399053106946	0.3679526997610714	0.3731733097078592
0.25930615274441315	0.3706089789584496	0.37008486829713744
0.258814134153923	0.3660176115453968	0.3751682543006803
0.2634058893404118	0.3631138912199278	0.3734802194396605
0.2614357751237698	0.36438157232409507	0.37418265255213523
0.2598162731296272	0.37221199701958535	0.3679717298507876
0.262679113732678	0.3628494408621701	0.37447144540515204
0.26328433132193196	0.36158345469428416	0.375132213983784
0.2651555435477433	0.36239366341296636	0.3724507930392905
0.25851439074670846	0.3651786474759746	0.37630696177731704
0.2627595500087926	0.36961229765505715	0.3676281523361504
0.2644063347493956	0.367116682749234	0.3684769825013705
0.25830917390754926	0.3671184535303802	0.3745723725620707
0.2647889762005933	0.3652995910076965	0.3699114327917104
0.2641708433897868	0.3577932261622742	0.3780359304479391
0.2647055323109301	0.36231386466471843	0.3729806030243516
0.26305244840213404	0.36965201449525037	0.3672955371026157
0.25955633031849074	0.36625511730063803	0.37418855238087134
0.26561620684832166	0.3570706281391409	0.3773131650125375
0.2613301474392382	0.3582351619953919	0.38043469056537
0.25997230941114113	0.3667193036280839	0.37330838696077506
0.2577832509341048	0.3587851066930511	0.3834316423728442
0.25761050373280914	0.36253312679521066	0.3798563694719803
0.2616305981114587	0.3616891785881703	0.3766802233003711
0.2635758940954243	0.3629581735819129	0.3734659323226629
0.26253717409194494	0.3657326050577727	0.37173022085028246
0.2580606813739187	0.3694824829557806	0.37245683567030075
0.2625993677631125	0.3574049092629322	0.37999572297395545
0.2635293480054586	0.35900588068355505	0.37746477131098655
0.2602909659335528	0.36315874834053286	0.37655028572591454
0.2627355718075559	0.36273959582678694	0.3745248323656573
0.26163762749486796	0.36211044498595335	0.3762519275191788
0.26281024555556354	0.36819960549430997	0.3689901489501266
0.2585483453106071	0.35938681849900045	0.38206483619039255
0.26119724094156715	0.36707696496246534	0.37172579409596757
0.26134845049532174	0.3621343203629215	0.3765172291417569
0.26140533811744404	0.36014537175339023	0.37844929012916584
0.26250039810284354	0.3661238078226808	0.37137579407447574
0.2612114317507696	0.3706756167216641	0.3681129515275664
0.26360399141040264	0.358715221927698	0.37768078666189947
0.26143531682072785	0.356897686826608	0.3816669963526643
0.26073792622330816	0.36943335191942717	0.3698287218572648
0.2644656732369344	0.3637301565826044	0.37180417018046136
0.2625344709012659	0.3565016758908794	0.3809638532078548
0.25822021328532285	0.3610424006811264	0.3807373860335509
0.2658171545214954	0.3596338452860385	0.37454900019246623
0.2657709119579623	0.3645151457597989	0.36971394228223886
0.26206299575294323	0.36539383753973376	0.3725431667073231
0.2621581815666751	0.35928652934152866	0.37855528909179637
0.25819220760135364	0.3674683996974302	0.3743393927012162
0.25889981421638064	0.36356317713191516	0.3775370086517043
0.2639668728068043	0.3642072930136984	0.37182583417949744
0.2599686598857571	0.36278874174164566	0.3772425983725974
0.2591688088400127	0.369634799536782	0.3711963916232054
0.2588710486236777	0.36622557860841365	0.37490337276790875
0.2629694297718597	0.36645148928781474	0.37057908094032566
0.257657720398618	0.35972629372370674	0.38261598587767537
0.25959310031546323	0.360718813458934	0.3796880862256029
0.26102728619676896	0.36028955301335075	0.37868316078988046
0.2587822221348074	0.35854611970620853	0.3826716581589842
0.2626408102603498	0.3614391059461198	0.37592008379353054
0.2626334860514649	0.3697243679917201	0.3676421459568151
0.2591222075860489	0.36953024180896155	0.3713475506049896
0.2589532164824039	0.3664841755763014	0.37456260794129487
0.2592355139646208	0.36013132597350883	0.3806331600618704
0.25974698523855905	0.3661892221336658	0.3740637926277753
0.26099089369318984	0.3689516678910794	0.3700574384157309
0.2614732588648176	0.3647561393633667	0.37377060177181587
0.26085542471260215	0.36044671958716384	0.3786978557002342
0.2590096499915203	0.3602691190180066	0.3807212309904731
0.2587990235138466	0.3662470491256667	0.3749539273604868
0.2650246397157634	0.3614335566133007	0.373541803670936
0.25965131930501956	0.35693249844504615	0.3834161822499344
0.26329575769380764	0.36727141437836963	0.36943282792782284
0.2640041993331432	0.3658169220084495	0.3701788786584074
0.2577765344302928	0.36135347291949105	0.38086999265021626
0.2645739232691873	0.35759809393107245	0.3778279827997404
0.2631640459126844	0.3650641948661312	0.3717717592211845
0.26248476949479194	0.36353731453492144	0.37397791597028673
0.2609211391106732	0.371927887166547	0.3671509737227799
0.2616092282709016	0.3651313405303543	0.3732594311987442
0.26517615908534065	0.36465462722794506	0.37016921368671435
0.2591469380233418	0.35737073907818007	0.3834823228984782
0.26359111455381945	0.35911055926960167	0.377298326176579
0.2581800173322126	0.35946595651830215	0.3823540261494853
0.26246653974592815	0.3605435858109453	0.3769898744431267
0.2640244221478287	0.3566870938604204	0.379288483991751
0.2609153622663888	0.35709644377963334	0.38198819395397804
0.2645472928271282	0.3610622302844482	0.37439047688842364
0.25945796236703866	0.3580335180963224	0.38250851953663906
0.25900036585398023	0.36656739216475126	0.3744322419812686
0.2599481650743762	0.37120226224724295	0.3688495726783809
0.2645087420661275	0.35895314285102503	0.37653811508284757
0.259604802639576	0.36239672452111604	0.37799847283930804
0.2645168846708648	0.3654855137824786	0.3699976015466567
0.26106494965367033	0.3579679535130381	0.38096709683329166
0.2618121642038569	0.36637407453670645	0.37181376125943677
0.2639064439367044	0.3574113070184541	0.3786822490448416
0.2595273584194444	0.36858871546593613	0.37188392611461957
0.26101630149504174	0.367471912838546	0.37151178566641235
0.25968556118581143	0.36960526868493726	0.3707091701292514
0.2590373746938581	0.3652078996508383	0.37575472565530366
0.2598895859871434	0.3637218552375526	0.3763885587753041
0.26330071136711486	0.3617968252159178	0.3749024634169674
0.25932309605437215	0.368196416483819	0.37248048746180895
0.2634610480075437	0.36221657177410005	0.37432238021835634
0.26040004941457484	0.36416370857892155	0.3754362420065037
0.2598096246346126	0.372949113642695	0.3672412617226925
0.26190896490062415	0.35990403975237334	0.3781869953470026
0.2643093802133692	0.36871637466528207	0.36697424512134885
0.2657479559637679	0.36170624557131276	0.3725457984649195
0.26576700423466276	0.3674730994031432	0.36675989636219414
0.2595429281105174	0.36679026593715086	0.3736668059523318
0.25959701512860767	0.3641450710665652	0.3762579138048273
0.26365819774779004	0.3626594498905654	0.37368235236164465
0.2625614444937898	0.3617018295936453	0.375736725912565
0.2598463734750351	0.3577745490627892	0.3823790774621758
0.2592552715455442	0.36517734878890407	0.3755673796655518
0.26375505056399506	0.364292947859651	0.3719520015763541
0.263736920444226	0.3575857506218233	0.37867732893395084
0.25952077703343424	0.36421224382965983	0.37626697913690604
0.26412967589460024	0.366233727278445	0.3696365968269548
0.26281842112638076	0.36416153768810744	0.3730200411855119
0.26012146970255934	0.3686430863116236	0.37123544398581715
0.26270620557183044	0.3581713959226401	0.3791223985055296
0.26125449638557685	0.36668169958903074	0.3720638040253925
0.2601071420521529	0.3687202545743448	0.3711726033735024
0.2657008575338725	0.3670049683562991	0.36729417410982856
0.26026323065050494	0.3709963192795329	0.36874045006996226
0.259366983952022	0.36159871131924226	0.3790343047287359
0.26508019159021834	0.35735194102368223	0.3775678673860996
0.2590314831990861	0.3601334580313384	0.38083505876957563
0.26312220223556637	0.3603803198941564	0.3764974778702774
0.25963613796446083	0.35770209637639705	0.38266176565914223
0.2590086869681322	0.3661884484799639	0.37480286455190404
0.2612079078418514	0.36544962855701624	0.37334246360113255
0.26345656316721233	0.3673524072863579	0.3691910295464299
0.2578532367674234	0.36122661946642326	0.38092014376615346
0.26346883202914123	0.3625717464878009	0.37395942148305794
0.2651276046971678	0.3615584479067389	0.3733139473960934
0.26277348874816037	0.36911465303761604	0.36811185821422376
0.2607934367278634	0.357395078529228	0.3818114847429087
0.25938656836727336	0.3653659208820912	0.37524751075063556
0.25819894587352255	0.36378511356873006	0.37801594055774757
0.264115979675729	0.36674804958927726	0.3691359707349939
0.2598922978489011	0.3699921115766074	0.3701155905744916
0.25824544289982176	0.36179706511643256	0.3799574919837458
0.2650570674293762	0.35665719733602125	0.3782857352346026
0.26010865179322396	0.35891688004168865	0.3809744681650875
0.257854370683809	0.35849146548314614	0.38365416383304496
0.265269844574107	0.3584272998765842	0.37630285554930887
0.25821831598033873	0.3611620399180049	0.3806196441016565
0.259774554112718	0.3692640985534478	0.37096134733383435
0.2651780292709244	0.3661314207025828	0.368690550026493
0.2578503965662494	0.36512765862179364	0.377021944811957
0.2644647537114008	0.3657724675274549	0.3697627787611444
0.2630997042102972	0.3653967834440822	0.37150351234562073
0.26069286347439136	0.37116112636861326	0.3681460101569955
0.2605324192731916	0.36212442240608606	0.37734315832072246
0.25906471725199515	0.3653250321129639	0.37561025063504105
0.25760442143638873	0.3670715834660982	0.3753239950975132
0.2599943399374914	0.3703647296712326	0.36964093039127616
0.2609375910525633	0.36396971955780805	0.37509268938962875
0.2602432844444812	0.35765537681503656	0.38210133874048235
0.2645864025745682	0.35882610026964623	0.37658749715578566
0.25956192361251323	0.3614249350277625	0.3790131413597243
0.26047238391787886	0.362413273035251	0.3771143430468703
0.26442430729375604	0.3680653834333394	0.36751030927290473
0.25951988875170257	0.3587862248024513	0.38169388644584623
0.26412465366417115	0.3651170528907909	0.3707582934450381
0.26246683203717847	0.35808566190415553	0.3794475060586662
0.2576080475545447	0.3722010413081262	0.37019091113732916
0.2584345968903378	0.3587435383755918	0.38282186473407054
0.25920741146899573	0.365471829854667	0.3753207586763374
0.2630332450472661	0.36178066793503066	0.37518608701770334
0.2612733457155292	0.3701838036993356	0.36854285058513536
0.2635929265375707	0.3620485244458877	0.37435854901654164
0.26397795475844926	0.36127030763535917	0.3747517376061917
0.2653506006822475	0.3665455597260693	0.36810383959168336
0.2582656854814454	0.35848175928815335	0.38325255523040136
0.2617828923980083	0.35888673202939503	0.3793303755725968
0.2585853609648391	0.3592721939318132	0.3821424451033478
0.26032828516590034	0.3704541206149802	0.3692175942191196
0.26074314656106995	0.36255438880640656	0.37670246463252366
0.2635574446558132	0.3687675010196483	0.3676750543245386
0.25911518377768117	0.3606447717474905	0.3802400444748284
0.2609936279288172	0.3622520382994579	0.376754333771725
0.26204587697302073	0.37028544815204906	0.3676686748749303
0.26308903744676126	0.3606503600696433	0.3762606024835955
0.2656174511492932	0.35829778263493445	0.37608476621577247
0.26586984779841066	0.363106875325351	0.37102327687623843
0.2589666557706831	0.3608852679606713	0.3801480762686458
0.26041332411392587	0.35940913591207935	0.3801775399739949
0.2606384657446907	0.3640184786949857	0.3753430555603237
0.26034722054888726	0.3638310865973566	0.37582169285375633
0.2628446710754266	0.3596361102872332	0.37751921863734034
0.258225209438722	0.3681912616199622	0.37358352894131597
0.26269011766457906	0.3698545358797821	0.36745534645563893
0.2601130801722522	0.36993599899127283	0.3699509208364751
0.25932971491038626	0.36222613309078655	0.37844415199882736
0.2583872541171058	0.3649793526950142	0.37663339318788014
0.25965679495953264	0.35779959904308983	0.38254360599737763
0.2617249726417087	0.3616596462985795	0.37661538105971193
0.2616210421302026	0.3583993047529891	0.3799796531168084
0.2649001208716328	0.36325030595052715	0.3718495731778402
0.2607071894827535	0.36456779924620464	0.37472501127104196
0.26185924587776455	0.36911071986334487	0.3690300342588907
0.2601634554262519	0.3678359155726483	0.3720006290011
0.2590152935547587	0.3586489070469693	0.3823357993982721
0.26499382271554034	0.35822285229101486	0.3767833249934449
0.25838156476480006	0.3612790060875722	0.38033942914762786
0.25972401990777005	0.3696200900469783	0.37065589004525173
0.26477436119102293	0.360076485614754	0.37514915319422315
0.26121609381855226	0.365913850989236	0.37287005519221184
0.26079780374485395	0.3697998244750955	0.36940237178005064
0.26367400434312693	0.3619186568424084	0.3744073388144647
0.2591644265040052	0.3725502740849767	0.3682852994110183
0.2628889717301066	0.35732664936114866	0.37978437890874484
0.2606216295329008	0.3572595506258097	0.3821188198412896
0.26063029817792355	0.36243254336625413	0.37693715845582243
0.2609208018836981	0.35719505479714375	0.38188414331915826
0.2633639320810844	0.36116859739656515	0.3754674705223506
0.26076332508070726	0.3621400335479285	0.37709664137136434
0.2618792678319718	0.3632767873916813	0.374843944776347
0.2616325444486389	0.36561110010822706	0.3727563554431341
0.2608724533610445	0.3599403420369557	0.37918720460199995
0.2652877765040191	0.3586459237476974	0.37606629974828365
0.25909677803784414	0.3692684174043266	0.3716348045578294
0.2588943783258285	0.368575813153026	0.37252980852114553
0.25802281539620375	0.3714998134899933	0.3704773711138031
0.26556541362347164	0.3602463515266926	0.37418823484983593
0.26264633001005777	0.3601308408591134	0.37722282913082894
0.25814145544557354	0.36658378704524025	0.3752747575091864
0.2629438874553523	0.36485792345265317	0.37219818909199465
0.26346248483519796	0.3589371418279232	0.37760037333687896
0.26189324398600844	0.36400526517069454	0.37410149084329714
0.2615562396499446	0.35865100911055603	0.3797927512394995
0.2639962017929951	0.3587355158078376	0.37726828239916743
0.26285904484950273	0.3596148198166541	0.37752613533384327
0.25925251190250276	0.3589272848223632	0.38182020327513416
0.2623561117131649	0.3684795425237253	0.3691643457631099
0.2609785350412942	0.3717166690390359	0.36730479591967
0.259857512656271	0.36135372103537267	0.3787887663083565
0.26476499698058953	0.3588456488731245	0.3763893541462861
0.2577459859829009	0.36488026530811524	0.37737374870898405
0.2577289676473601	0.36370241585691515	0.3785686164957249
0.2639504952620496	0.36780944444642094	0.36824006029152956
0.26306283495625776	0.369627327875588	0.36730983716815435
0.25898302952567204	0.3605423163678517	0.38047465410647635
0.265601160284612	0.3592540409174245	0.3751447987979636
0.2598750242119783	0.3641552293631382	0.3759697464248836
0.2652841526729429	0.36463422121348565	0.37008162611357154
0.26358369793787817	0.3649776048093635	0.37143869725275847
0.2581755180566232	0.3607651371547181	0.3810593447886588
0.2579237381158407	0.3726694754690036	0.36940678641515584
0.26228756174961715	0.3578288711384001	0.37988356711198284
0.2584077796119756	0.37141693558127065	0.3701752848067539
0.26076634254717834	0.3615762982427558	0.37765735921006605
0.26556081647285024	0.36420209584852287	0.370237087678627
0.2622182016825904	0.36667400436723113	0.37110779395017857
0.2626693930217474	0.3682658115921057	0.36906479538614706
0.2592343676362975	0.36452044480939483	0.3762451875543078
0.2640446634074819	0.3610803009371955	0.37487503565532276
0.2591208999390544	0.36346338873758666	0.37741571132335905
0.2607781745670514	0.36077814615112747	0.37844367928182127
0.26572854966843173	0.3655211745744176	0.36875027575715086
0.26219662023504453	0.35797188663824553	0.3798314931267101
0.26379825181684313	0.36124249889435045	0.3749592492888065
0.25859492458807126	0.3709383255197253	0.3704667498922036
0.2645988419664209	0.35866786056651184	0.37673329746706735
0.2640914565679033	0.36727614565306227	0.36863239777903456
0.26116961863682947	0.36717886779683095	0.3716515135663397
0.2585317212222986	0.36299760940722164	0.3784706693704798
0.26130544735282135	0.362418609233931	0.3762759434132478
0.26489986015546413	0.35684725507707105	0.37825288476746494
0.26312184570845093	0.3574471252543554	0.37943102903719383
0.26345339743543283	0.36006741146169174	0.37647919110287553
0.26203681740996615	0.3632876593764957	0.3746755232135383
0.2578811038692331	0.36310289294981446	0.37901600318095263
0.2608849490214222	0.3704197800054115	0.36869527097316646
0.26485479355423647	0.3662130684512317	0.368932137994532
0.2652488668793792	0.3573374018707695	0.3774137312498514
0.26173567631198713	0.35646974285137095	0.3817945808366421
0.25821947843054877	0.3573375598025424	0.3844429617669089
0.2600236597901114	0.3615705478411485	0.37840579236874017
0.26254512398949603	0.3615965889553981	0.37585828705510604
0.2598466022309093	0.35707995071709014	0.3830734470520007
0.2590925720275712	0.36620668969403614	0.3747007382783928
0.26419735947269435	0.3644999008552017	0.3713027396721041
0.2588095797452515	0.36809984435892934	0.37309057589581934
0.26184139422928077	0.36853231112448626	0.36962629464623314
0.26425015222707016	0.36459293320114117	0.37115691457178884
0.2614337546760336	0.3616589323270603	0.3769073129969063
0.2599017438117629	0.370021329119705	0.37007692706853224
0.26420951962428496	0.3668240948996328	0.36896638547608235
0.26021268397447433	0.3672709110154547	0.37251640501007105
0.26527576137099307	0.3573473194034866	0.3773769192255205
0.26477657126171955	0.3665189294903859	0.36870449924789467
0.2639820495425539	0.36411148408811683	0.3719064663693294
0.2605098208087066	0.36938498252924784	0.37010519666204567
0.26543847130309595	0.3619778324231575	0.37258369627374666
0.2613845970908638	0.36165156023496936	0.3769638426741669
0.2631398819495735	0.3621896167502494	0.37467050130017715
0.26442824984492574	0.3596764853220556	0.37589526483301877
0.2615137435488828	0.3690041002338831	0.36948215621723424
0.2654391740835804	0.3639831829219873	0.37057764299443247
0.2588982918883719	0.3673304983126958	0.37377120979893236
0.2643389528190614	0.36131875650269585	0.37434229067824293
0.26274275265888747	0.3639597728094311	0.37329747453168155
0.2651277105631223	0.36546961658391924	0.3694026728529586
0.26514549245433067	0.3645901492291561	0.3702643583165134
0.26360004455014274	0.3673369110155863	0.3690630444342711
0.2653545869040592	0.3566725923874643	0.3779728207084766
0.26386211900390255	0.3568963302890628	0.37924155070703475
0.26032621400585937	0.37187608655672394	0.3677976994374168
0.261545757104094	0.3618715706505943	0.37658267224531183
0.2621884335536223	0.3589900038862859	0.3788215625600919
0.26059158320662196	0.37059275025028915	0.36881566654308906
0.25760295004864453	0.365245715274182	0.37715133467717366
0.26358243360537903	0.36536861207437993	0.37104895432024115
0.26365255208838156	0.35757669022358096	0.3787707576880376
0.26081310231702376	0.3704154007286811	0.36877149695429523
0.26076439720355005	0.3716303116084253	0.3676052911880248
0.2655230127134688	0.36605286231906603	0.3684241249674653
0.26186557927201154	0.3684373796223916	0.369697041105597
0.2607030572958212	0.3632178244354411	0.3760791182687378
0.26221654957801555	0.35802599521515077	0.3797574552068338
0.2586091293874374	0.35762289404087155	0.38376797657169115
0.2576697694109753	0.3712753212135827	0.37105490937544217
0.2645418973079018	0.3660380600361018	0.36942004265599654
0.26190881551691825	0.36872265145835004	0.36936853302473177
0.2633960636591519	0.36654813074537695	0.3700558055954713
0.26087541464507463	0.3615872459659727	0.37753733938895284
0.2591309839625545	0.361929810090296	0.3789392059471496
0.26140137000223973	0.36414637050351784	0.37445225949424255
0.25780362372072363	0.3662815409979082	0.37591483528136826
0.2629007158058771	0.3585842672300836	0.37851501696403944
0.2646975398301845	0.367054532736241	0.3682479274335746
0.2579338747020979	0.3634354460728129	0.3786306792250893
0.25803325176178765	0.3585067021369	0.38346004610131246
0.2628882020640956	0.3676032574982745	0.3695085404376301
0.2576746030242886	0.3666055684455046	0.3757198285302069
0.26004653085358187	0.3685705262648615	0.37138294288155677
0.2612328279964002	0.36706635039056795	0.371700821613032
0.2612225722358871	0.36561300345694453	0.3731644243071685
0.2630367092928157	0.3620448596862327	0.3749184310209518
0.26019217412333884	0.36527999754945634	0.374527828327205
0.26358265700455596	0.3639591791979041	0.3724581637975401
0.26448458203383657	0.36519272365385147	0.3703226943123121
0.26379994248210137	0.3579385638351283	0.37826149368277046
0.26069043214106147	0.3682846127298083	0.37102495512913036
0.25760284058475574	0.35804174001364203	0.38435541940160234
0.26435410149148447	0.3591928674362598	0.37645303107225586
0.25939164021777017	0.36472880031207827	0.37587955947015167
0.2642680066851768	0.3571132825695925	0.3786187107452308
0.2622147366703511	0.3690593214270072	0.3687259419026418
0.25884130568255215	0.36108969163399496	0.380069002683453
0.26077684817227187	0.3652330707798228	0.37399008104790543
0.261393611897073	0.3610217144481407	0.3775846736547865
0.2582853973093783	0.36000454912194385	0.381710053568678
0.26305588543531466	0.36715212268129416	0.36979199188339135
0.25903834973334056	0.3634523124200527	0.3775093378466068
0.2615415102585247	0.36844433693929096	0.37001415280218447
0.26417541049322835	0.3623126520406085	0.37351193746616335
0.26328531356377083	0.36667763335073544	0.37003705308549384
0.2646448537080939	0.36768892662223396	0.3676662196696723
0.2645572947826112	0.36033370411436777	0.3751090011030211
0.26179315758152544	0.35900322356283126	0.3792036188556434
0.2590783971098998	0.36949686755145367	0.3714247353386466
0.2641204276474912	0.3634608037404346	0.3724187686120743
0.26223306022586135	0.3686410943489439	0.36912584542519483
0.25950544966698297	0.36327248297519465	0.3772220673578225
0.26526112927193296	0.36170288139843354	0.3730359893296336
0.2602455520719835	0.35772691071303064	0.38202753721498595
0.26506890518757753	0.36410459389520167	0.3708265009172209
0.2610799678037983	0.3705688653046218	0.36835116689158004
0.2648563629933267	0.3569293959710889	0.3782142410355845
0.2603628456394179	0.35856214338877485	0.38107501097180735
0.26010406141882336	0.3679459654357676	0.37194997314540923
0.2615910862292942	0.36829103610551817	0.3701178776651877
0.26221658874961923	0.3691346332040368	0.3686487780463441
0.25803916660741233	0.37189459723577933	0.37006623615680845
0.2653047471661642	0.36059878054365346	0.3740964722901824
0.2580556211997831	0.36889661050465195	0.3730477682955651
0.2629898078511994	0.36398525559764644	0.37302493655115426
0.26500182221094826	0.35958592546643886	0.375412252322613
0.2647231792221152	0.36582605275277036	0.3694507680251145
0.262492217884353	0.35827428451556853	0.3792334976000785
0.2644374448742774	0.36141791292842773	0.37414464219729493
0.2586178081179371	0.35798291465645815	0.38339927722560485
0.2625338988453064	0.3630350309574933	0.3744310701972004
0.26474017520928084	0.36662238579998685	0.3686374389907325
0.26386297141689646	0.36784086846225506	0.3682961601208486
0.26060904997588447	0.3669449126072817	0.372446037416834
0.26192452161884144	0.36968253359785747	0.3683929447833012
0.26200323037323997	0.3662393227645486	0.3717574468622115
0.2600989474939671	0.35780572074785294	0.3820953317581801
0.2642405751792831	0.3606511753454532	0.3751082494752638
0.2585019876011785	0.3587052722119859	0.38279274018683573
0.2590198689318592	0.37134535190100876	0.36963477916713217
0.2620351840513364	0.3706557394880307	0.36730907646063293
0.25973640965188993	0.3690680852072605	0.3711955051408497
0.25992193346252895	0.3588593289375487	0.3812187375999225
0.2576225457244363	0.37269522507041997	0.3696822292051438
0.2633202483261386	0.3577246266349984	0.37895512503886314
0.2585747310993285	0.365086919072713	0.37633834982795855
0.25936311157187153	0.36341994890461243	0.37721693952351615
0.2599875136818153	0.3661176157402703	0.3738948705779146
0.2607475010059009	0.3665220722390245	0.37273042675507473
0.2583610007478718	0.35936518391052924	0.38227381534159904
0.26145414031790143	0.35705089344088153	0.38149496624121715
0.2656908582274554	0.360375296604816	0.37393384516772876
0.259620501573306	0.3614408110888038	0.37893868733789027
0.26297977496421754	0.36801654288664964	0.3690036821491329
0.26469928190017367	0.3661036613574777	0.3691970567423488
0.26510790357142067	0.3661653257809376	0.36872677064764187
0.26552521046132116	0.3668143778858479	0.3676604116528311
0.26361520581270703	0.36261419958804825	0.3737705945992449
0.2593105330856452	0.36899224701565736	0.37169721989869753
0.2633422602563542	0.3604820871184825	0.37617565262516345
0.26413924681807405	0.3624792571146911	0.3733814960672349
0.2603133729149655	0.36805596328811246	0.3716306637969222
0.26232481499382165	0.3688329907634158	0.36884219424276266
0.25797775290841335	0.36328170311755553	0.37874054397403123
0.2624290398240707	0.3617006201039475	0.37587034007198195
0.2616841827635219	0.3664191082154449	0.37189670902103333
0.26221252240515014	0.3645308688990358	0.3732566086958142
0.26207833087679633	0.3615100979093934	0.3764115712138104
0.2649239669987298	0.3582794453467973	0.37679658765447305
0.26138272798767515	0.35652272834928483	0.38209454366304013
0.2628372414845941	0.3676901181197998	0.3694726403956063
0.25760530437264784	0.36323090005540054	0.37916379557195173
0.2593177675006664	0.36700857023252564	0.3736736622668081
0.26491029871331695	0.3573542133797737	0.3777354879069095
0.2646441405200821	0.35973324975843984	0.3756226097214781
0.26349945931777197	0.35787808274458455	0.3786224579376436
0.2595732894648811	0.36210706601182896	0.37831964452329003
0.2588765396792102	0.35678582705356787	0.38433763326722203
0.2583195500469602	0.36798415627719455	0.37369629367584534
0.2642493318170914	0.3635936424251406	0.37215702575776816
0.25960624468151206	0.3708880270806274	0.36950572823786065
0.2655124959849312	0.35674278309059393	0.37774472092447503
0.26022616167494556	0.35856794459618685	0.3812058937288677
0.2631123350145659	0.3643559937212936	0.3725316712641406
0.26546524165903085	0.36092925500455864	0.3736055033364107
0.2658183350317898	0.35832089740979506	0.37586076755841524
0.2596855031604334	0.3614250451991674	0.3788894516403994
0.26395424572120196	0.362177769705946	0.3738679845728522
0.261153706663821	0.35662141764368643	0.3822248756924927
0.2584092371202068	0.3689684099064354	0.3726223529733579
0.2633403690003508	0.3584195750437973	0.37824005595585203
0.26150537635053933	0.3593267543943397	0.3791678692551211
0.2579273614238543	0.35894255763645033	0.3831300809396954
0.26279354136284827	0.36279861206499847	0.37440784657215337
0.26213751683030795	0.357932891424497	0.37992959174519514
0.26198176330057044	0.3590754347027846	0.37894280199664504
0.264442132529124	0.3571817326606249	0.37837613481025123
0.2636065039686343	0.3640283922284105	0.37236510380295534
0.2602333342727783	0.3682749876309118	0.37149167809631006
0.2578545067042928	0.3708765010509828	0.37126899224472454
0.26347442376248487	0.35862259872572855	0.37790297751178675
0.2650482014748268	0.3627040261008905	0.3722477724242829
0.26251404168246073	0.37058382328095685	0.36690213503658253
0.2615276967943052	0.3613199066913877	0.3771523965143072
0.2583186452242796	0.3648882355840144	0.3767931191917061
0.26351597046451053	0.35902323701627287	0.3774607925192167
0.26256311598628024	0.3681745409195347	0.36926234309418515
0.2598237518539851	0.36857133532893555	0.3716049128170794
0.2637442439516007	0.3685458352945779	0.3677099207538216
0.2626809234525342	0.3567601841416446	0.3805588924058213
0.26113502155256846	0.3694517316145722	0.36941324683285953
0.26419367776067015	0.3568332172137688	0.3789731050255612
0.2584434700693461	0.36912039663945895	0.3724361332911951
0.2587534984989921	0.3707851724505946	0.3704613290504134
0.2641100369270905	0.3658288526178888	0.3700611104550208
0.26205971728405486	0.3696285086593735	0.36831177405657173
0.2577244444286032	0.36995389708558596	0.372321658485811
0.26165380917101655	0.3574366357313331	0.38090955509765045
0.26273929536963386	0.3584268586984239	0.37883384593194236
0.2580302778965076	0.3592666703586048	0.3827030517448877
0.25792096361269884	0.360183784366103	0.3818952520211983
0.26094119125040466	0.3573057361256205	0.38175307262397495
0.2619453493907227	0.3639503629435687	0.3741042876657087
0.2647237471593458	0.3669777916105263	0.368298461230128
0.26370098763928673	0.3638311617399024	0.372467850620811
0.2589156257920474	0.36196579565974313	0.37911857854820963
0.2640766493526494	0.3580504272903575	0.3778729233569932
0.2580921462479476	0.3723052331459358	0.36960262060611676
0.26404642283241064	0.3667019309142672	0.3692516462533222
0.26351198648372376	0.3589598169863635	0.37752819652991293
0.2597810563759587	0.37242843383037333	0.3677905097936681
0.26014134935292554	0.36593735035387587	0.37392130029319864
0.26199071043630007	0.36785006863309433	0.3701592209306057
0.26024527708770473	0.36107058292928396	0.3786841399830115
0.25927571094480206	0.37189941553639233	0.36882487351880566
0.26124016999791666	0.3701505920838082	0.36860923791827527
0.26288212309701053	0.3657988125721645	0.37131906433082507
0.26429759476233683	0.36179785511524903	0.3739045501224143
0.2586924795734534	0.3597235333255934	0.3815839871009533
0.25991957945201	0.36850605065555186	0.3715743698924383
0.25965458308975925	0.3675754993999546	0.3727699175102862
0.2577496970797994	0.3626129146273509	0.3796373882928498
0.2588722941524081	0.36401052225307196	0.37711718359452007
0.2598566692036764	0.3683334785089685	0.3718098522873552
0.26421137489476515	0.3585072071569437	0.3772814179482913
0.2645540751438558	0.35896323190152335	0.37648269295462095
0.2628373619884686	0.3627045397475312	0.37445809826400034
0.25870794192010915	0.35884124853724897	0.382450809542642
0.2579626880046494	0.36518677537720556	0.37685053661814516
0.25807230102920264	0.3610150552565315	0.380912643714266
0.2583848333880777	0.3583842520786614	0.38323091453326097
0.2586480415039686	0.36206059692863196	0.3792913615673996
0.26033904797546437	0.367690007041961	0.37197094498257477
0.25816079158466	0.3611630942689076	0.38067611414643254
0.2604999260107862	0.3579448912483192	0.38155518274089467
0.26304274889250745	0.35891953841639623	0.37803771269109643
0.2649922527403855	0.365339137026842	0.36966861023277264
0.26500907875363267	0.36736643424210313	0.36762448700426437
0.25869391305862083	0.3633188114524791	0.3779872754889002
0.26479601390242563	0.3621537558053607	0.3730502302922138
0.2628651348464672	0.35768599848143895	0.37944886667209404
0.2627760696038187	0.36357830831170723	0.37364562208447416
0.2591731361223256	0.37062154095277644	0.370205322924898
0.25791623026313937	0.3664538111832165	0.3756299585536443
0.26453314185905025	0.3579559932480606	0.37751086489288926
0.262719912396398	0.3615388045815962	0.3757412830220058
0.26035908852953626	0.3726062480738039	0.3670346633966599
0.2609687279670867	0.36845112490179877	0.3705801471311147
0.2610113394142456	0.36296762522790876	0.37602103535784576
0.25859964502322164	0.35959484895569904	0.3818055060210794
0.2633060140957745	0.36351724266315955	0.37317674324106603
0.26545356552120036	0.3634915273918403	0.3710549070869595
0.26213340897924076	0.36916195310610744	0.3687046379146519
0.2595922742074148	0.36465416507446086	0.3757535607181245
0.25948296846384267	0.3576769780549983	0.3828400534811591
0.26151044730142947	0.3609068180182428	0.37758273468032777
0.2591297862264309	0.3629340857203874	0.3779361280531818
0.25877431825067115	0.37230063932387997	0.368925042425449
0.2642633537046618	0.36595542364878175	0.3697812226465565
0.26123390160363624	0.3598281701350059	0.37893792826135797
0.2595715664347461	0.3567679346915874	0.3836604988736666
0.2595488988566687	0.3600800469323397	0.3803710542109917
0.264430187310714	0.3565509384089612	0.37901887428032494
0.25887208040533544	0.3626088972148527	0.378519022379812
0.25991349570186434	0.3573403761713111	0.38274612812682474
0.25874812882094844	0.36845259276716724	0.37279927841188437
0.25938237485053006	0.3609834216069412	0.3796342035425289
0.2590357436523173	0.35674000680888446	0.38422424953879836
0.2624681586203821	0.3682976513794324	0.36923419000018565
0.2617599143339835	0.366229265182171	0.3720108204838456
0.25830144378181635	0.36747028053075753	0.3742282756874262
0.26282291074889536	0.36773969300483894	0.3694373962462658
0.26554590493748126	0.36094387575161785	0.373510219310901
0.2590687213137192	0.36805618787504535	0.37287509081123554
0.2639914537525422	0.3646068476280586	0.3714016986193993
0.2578107450453878	0.36392315328816793	0.3782661016664443
0.2590218620554433	0.37100698661313364	0.36997115133142316
0.2603406129882287	0.364417414332541	0.37524197267923043
0.2596883893711956	0.3634395036105683	0.3768721070182362
0.26319485726436076	0.36330952664058225	0.3734956160950571
0.26026570589225284	0.3567153833998967	0.38301891070785055
0.2643199876168068	0.3647723399737874	0.3709076724094059
0.26557467411880586	0.3635800582087335	0.37084526767246073
0.2599827034584814	0.36629185854669394	0.37372543799482477
0.25981270044986987	0.36020511625047513	0.3799821832996551
