0.1533585736407398	0.38467914680538795	0.46196227955387237
0.15351204760562295	0.38470782795344927	0.46178012444092786
0.15346409953360418	0.38407938090495963	0.4624565195614363
0.15349724264859121	0.3844441003539433	0.4620586569974656
0.15351883547153233	0.3842614160823385	0.46221974844612934
0.15357695889466172	0.38421235942157494	0.4622106816837635
0.15351053877368281	0.384631042429128	0.4618584187971893
0.15357883695895286	0.38495739963623693	0.4614637634048103
0.15355790877713538	0.3846792786713309	0.46176281255153384
0.15333490690434753	0.38447681111193976	0.4621882819837128
0.15341938447133585	0.38493570136553046	0.4616449141631338
0.15331869858121872	0.3845058768340554	0.462175424584726
0.15333752979223442	0.3843769458223064	0.4622855243854593
0.15357387642809542	0.3845033010920414	0.4619228224798633
0.15329113536051092	0.3846909943656927	0.4620178702737965
0.1533869281938895	0.38493237656847823	0.46168069523763233
0.15349253016280068	0.38412018527984	0.46238728455735945
0.1535995979981921	0.38481230560316426	0.4615880963986438
0.15348617366268458	0.3840060461950479	0.4625077801422676
0.15388466339457973	0.3843651389572781	0.4617501976481423
0.15326366547831116	0.38447621325112485	0.46226012127056415
0.15335051081531886	0.3840832234582973	0.46256626572638393
0.15327726407922643	0.3843834952129207	0.46233924070785304
0.15364819066799376	0.38464007302023073	0.46171173631177564
0.1538356160424814	0.38400330228102814	0.4621610816764906
0.15348908536410433	0.3843576873757741	0.46215322726012165
0.15330566150895558	0.38473052272036845	0.46196381577067613
0.15332051782992145	0.3846202569687609	0.4620592252013177
0.15361242812038184	0.38469607654257126	0.461691495337047
0.1536726465055066	0.3843355404881609	0.46199181300633263
0.1533590692814671	0.3844798339884028	0.4621610967301302
0.153801882951535	0.38488556227814297	0.4613125547703222
0.15330470477057984	0.3846217059393992	0.46207358929002107
0.15335829225225972	0.38456289235838287	0.4620788153893576
0.15329213348816229	0.38490895025702293	0.4617989162548149
0.15385109035604044	0.38482492431065896	0.46132398533330077
0.15338603337985246	0.38424824212612885	0.4623657244940188
0.1537224793306929	0.3846574066011695	0.46162011406813774
0.1538192083120232	0.38421901524318464	0.4619617764447923
0.15360554069587923	0.38441631249881636	0.4619781468053045
0.15373226977848725	0.38449089057514374	0.4617768396463691
0.1536664172043366	0.38496264923371515	0.46137093356194836
0.1534189909811848	0.38448437261492246	0.46209663640389287
0.1536287904903922	0.3843294862513119	0.46204172325829607
0.15368458956924855	0.3849122201630876	0.4614031902676639
0.15386215857423458	0.38422840793177065	0.46190943349399494
0.1534873390071369	0.3848495135684006	0.4616631474244627
0.15338453986157824	0.384588143272095	0.46202731686632686
0.15383261828272696	0.38418588318658864	0.4619814985306845
0.1538090716724368	0.38436147843540264	0.4618294498921607
0.15374894117347343	0.384767244905792	0.4614838139207347
0.15364700319063385	0.38468225190519784	0.4616707449041684
0.15327724686158856	0.38452604951214514	0.4621967036262664
0.15383860094231275	0.38487624992826297	0.4612851491294244
0.15379942208197633	0.3845109890611539	0.4616895888568699
0.1538720966128591	0.38477509243060104	0.46135281095653996
0.15337781575808412	0.38452436880336743	0.46209781543854855
0.15366133358772927	0.38424586434664976	0.4620928020656211
0.15380875486925188	0.3845741662399099	0.46161707889083836
0.15328852817087657	0.3846440662758477	0.46206740555327586
0.15376334061792873	0.38454962918089514	0.46168703020117624
0.15356731472192486	0.38412335419538796	0.46230933108268735
0.1533792676731557	0.38430894481109296	0.46231178751575147
0.15329978351270757	0.3841142438668043	0.46258597262048823
0.1533717204313751	0.38480901418933827	0.46181926537928675
0.15328165941439048	0.38453527878827887	0.46218306179733076
0.15387264080784951	0.38460622798125665	0.4615211312108939
0.1534330970631821	0.38432333164236426	0.46224357129445376
0.1537098820714221	0.3840153885623161	0.4622747293662619
0.15374164174466537	0.3843100410575955	0.46194831719773927
0.15359512459574803	0.38422964687242267	0.46217522853182946
0.15340668157379198	0.38463837860203304	0.4619549398241751
0.1535884175899944	0.3840507350363527	0.46236084737365307
0.15327429998301123	0.38430280336457256	0.4624228966524163
0.1538239551720178	0.3840489451734629	0.4621270996545194
0.15344878937094958	0.3848563925740619	0.4616948180549887
0.15329291828568636	0.3850050880487228	0.46170199366559095
0.1532787364475859	0.3850267314032565	0.46169453214915773
0.1533159330029611	0.38430757023113116	0.46237649676590786
0.15340097850441065	0.38423975791593384	0.4623592635796556
0.15329020912424393	0.3842283802546956	0.46248141062106063
0.15331572556864898	0.38501940767957066	0.46166486675178053
0.15387737471361623	0.3844036660480424	0.46171895923834144
0.15359257882544353	0.38460480993470625	0.46180261123985034
0.15364555768780247	0.384688677724406	0.4616657645877916
0.1538515962623655	0.3847924435839397	0.4613559601536949
0.15363726760974877	0.3841654093770518	0.4621973230131995
0.15379278773842506	0.384771952060848	0.461435260200727
0.15362063781291646	0.38444294567699383	0.4619364165100899
0.15383857556677497	0.38435678897596476	0.4618046354572604
0.1536818524187264	0.38462168715365397	0.46169646042761975
0.15343112826665437	0.38450337738696083	0.4620654943463849
0.15360856071724138	0.3842081293188895	0.46218330996386925
0.1533307218964391	0.38464691536250106	0.46202236274105996
0.15347463396738173	0.3848646422126589	0.46166072381995943
0.15377084036323402	0.384381289472972	0.4618478701637941
0.15345264221847638	0.3842042488349995	0.4623431089465243
0.15380450223506617	0.38425048307341236	0.4619450146915216
0.15388354024481343	0.3848024848339055	0.4613139749212812
0.1533416906351609	0.38502168853067753	0.4616366208341617
0.15378976990200283	0.38474438522418014	0.46146584487381714
0.15355430387725666	0.384617762235504	0.46182793388723953
0.15368863973027483	0.3844744581169394	0.4618369021527859
0.15361603728844336	0.3849871210719051	0.46139684163965167
0.15377503205961962	0.38456945052219266	0.4616555174181879
0.15340786115009775	0.3846885553062417	0.4619035835436607
0.15353998167247324	0.38459894450754256	0.4618610738199843
0.15345653284277444	0.38413344242351116	0.4624100247337145
0.1532901202743005	0.3843764618342013	0.4623334178914983
0.15347351063453374	0.38416810858872785	0.4623583807767385
0.15369627370684466	0.38428541204024746	0.462018314252908
0.15338096992362532	0.3841262015064079	0.4624928285699669
0.1532607397672925	0.38450760555819125	0.4622316546745164
0.15327926082115795	0.3843317645492036	0.46238897462963857
0.1535724405274927	0.38410443926719273	0.46232312020531474
0.15328311242050252	0.3845158411688065	0.4622010464106911
0.15358405829476213	0.3848595910248209	0.4615563506804171
0.15374033894710026	0.3840231852503414	0.46223647580255844
0.15370602794444072	0.38428468225293316	0.46200928980262623
0.15353885223348707	0.38410941660764475	0.4623517311588683
0.15353795141288454	0.38486660060282935	0.4615954479842862
0.15327087865177824	0.38412680531924875	0.46260231602897306
0.15387783029332497	0.3847444786974161	0.46137769100925907
0.15339658472879147	0.384602499029555	0.4620009162416536
0.1533320392057297	0.3842453745736593	0.46242258622061116
0.15335233581010949	0.3850129173354506	0.46163474685444
0.15331604252893727	0.3846128100403385	0.46207114743072436
0.15349120240720035	0.3844468666424959	0.4620619309503039
0.1538781973825402	0.3844312741392818	0.4616905284781781
0.1538418486927319	0.3845215290461823	0.4616366222610859
0.15357474789090994	0.3847788809003629	0.4616463712087273
0.15338110858032133	0.38447263263504505	0.4621462587846338
0.1537409183989037	0.3842601671174941	0.4619989144836023
0.15376627985488775	0.3848980141810576	0.4613357059640547
0.15376558953269812	0.3847148337625368	0.46151957670476523
0.15361118608852198	0.384460091299517	0.4619287226119611
0.15363126395877238	0.38428656352393054	0.46208217251729716
0.15356526920791846	0.384922745460363	0.46151198533171867
0.15341271978365806	0.384563065364641	0.4620242148517011
0.15379502699222325	0.384901927361775	0.4613030456460019
0.15336559607840206	0.3848024861243023	0.4618319177972957
0.15371399999366808	0.3849191622048378	0.4613668378014943
0.1532700536162155	0.38482431564915237	0.46190563073463226
0.15340892689252164	0.3849346355350325	0.461656437572446
0.1538332504449773	0.3843033137223794	0.4618634358326434
0.15367508407802954	0.38420909961585636	0.4621158163061142
0.15347312511634414	0.38451961110709876	0.4620072637765572
0.15330463855945087	0.38498681227539094	0.46170854916515836
0.15370912519370206	0.38471639426311205	0.461574480543186
0.15359569345759982	0.3840926627532348	0.4623116437891655
0.15378679485352797	0.38460856994720416	0.461604635199268
0.15353524286669817	0.3846756924063006	0.46178906472700126
0.15346082351246404	0.3849508140906647	0.46158836239687145
0.15339752105424184	0.38396759604850084	0.4626348828972574
0.15352539212770744	0.384463404408359	0.46201120346393365
0.15342597622364235	0.3844693280682632	0.4621046957080946
0.15327587914119514	0.38419420680738087	0.4625299140514242
0.15368980992565434	0.3840688812144217	0.4622413088599241
0.1533294641391479	0.38477595404955967	0.46189458181129256
0.15364573259697978	0.3842592308345282	0.46209503656849216
0.1533291569623263	0.3844026038958541	0.46226823914181975
0.1533433390825999	0.38483143073661297	0.46182523018078725
0.1538197837621304	0.38461849159313666	0.461561724644733
0.15386898655702103	0.38430701976288445	0.46182399368009464
0.1536682990303417	0.3849320077195254	0.46139969325013297
0.1537089514394561	0.3848481867528593	0.46144286180768473
0.15346916396787771	0.3848329656386369	0.46169787039348553
0.15381026530498432	0.38431877369570433	0.4618709609993115
0.15326668698060272	0.38410484051252913	0.4626284725068682
0.15359395928255287	0.3841430803001801	0.46226296041726717
0.1535401253431862	0.38438839966925065	0.46207147498756324
0.15343220334531849	0.38444061626599957	0.46212718038868206
0.1538165619527962	0.3839935366848001	0.4621899013624038
0.15345495708119608	0.38416146634085924	0.46238357657794477
0.1537911078974083	0.3849599536868564	0.4612489384157354
0.15376878474155892	0.38459189359026597	0.4616393216681753
0.1537598348940752	0.38462085676151303	0.4616193083444119
0.15361889933910405	0.38459447167876526	0.46178662898213085
0.15374305489372928	0.38455533594758234	0.4617016091586885
0.15334879910048205	0.3840990848683238	0.4625521160311943
0.15384035382140746	0.384803987060102	0.46135565911849064
0.15374735275819504	0.3846183905332002	0.4616342567086049
0.15345251734580734	0.3845354327011159	0.4620120499530769
0.15372288037864862	0.38490869710045017	0.4613684225209013
0.15387253115187327	0.3848017907620586	0.4613256780860682
0.15385046245286954	0.3847334828800292	0.4614160546671014
0.15383231171706985	0.38484729872221696	0.4613203895607133
0.15354784228329194	0.38465690536456965	0.46179525235213853
0.15369699496009287	0.3846875873060886	0.46161541773381864
0.15326244534703293	0.3841650008310188	0.4625725538219484
0.15341743893222773	0.38500482432618266	0.46157773674158975
0.15378349891716236	0.38429865080029263	0.4619178502825451
0.15364109098950918	0.38423437401432226	0.46212453499616873
0.15363349624332323	0.3846960921547439	0.461670411601933
0.15326039155634869	0.3843593800336767	0.4623802284099747
0.15348030554661396	0.384412804143416	0.46210689030997015
0.1536623930918532	0.3842702246493677	0.4620673822587792
0.15365513785855062	0.3849092273635875	0.461435634777862
0.15361863576457702	0.3843071780616594	0.4620741861737637
0.1533171248594607	0.3842345915493631	0.4624482835911763
0.15383575142216305	0.3849548815936527	0.46120936698418435
0.1535594788635124	0.3843363753827816	0.4621041457537062
0.15327185005230898	0.3842899917766801	0.462438158171011
0.1532875145747981	0.38418376851261016	0.4625287169125919
0.15375220014053004	0.38402454983540096	0.46222325002406917
0.15332181537157605	0.3849838473586262	0.4616943372697979
0.15373594094890336	0.38462422139189917	0.4616398376591976
0.15332320039086741	0.38404826823116867	0.46262853137796406
0.15384389686978717	0.3846233398650067	0.46153276326520626
0.15348327230649708	0.384252364171219	0.46226436352228406
0.153650165491541	0.3845253617704848	0.46182447273797433
0.15369158347034736	0.38484508389394423	0.46146333263570855
0.15367706194191827	0.38456454547901897	0.4617583925790629
0.15376689139316607	0.3848452455297545	0.4613878630770796
0.15339416463179398	0.3844066245000165	0.4621992108681896
0.15368534665902486	0.3843749637667364	0.46193968957423887
0.1538204201331578	0.3844777241556138	0.4617018557112285
0.15350281071679966	0.3848017977084334	0.461695391574767
0.15361488213255067	0.3848562652537209	0.46152885261372856
0.15343702243478438	0.3840167817963102	0.46254619576890554
0.15356433589162183	0.3843175530449297	0.4621181110634486
0.15380114101490056	0.38409709518748947	0.46210176379761003
0.15351959432016923	0.3846498479315583	0.46183055774827253
0.15344338143522923	0.38454885940306754	0.46200775916170334
0.1533142645695607	0.3845265339431614	0.46215920148727807
0.153416178000427	0.3845589757847233	0.46202484621484985
0.15330458049831358	0.38483759832644504	0.4618578211752415
0.15369989770893722	0.3844084895883865	0.4618916127026764
0.1536162411614101	0.38475375310354365	0.4616300057350464
0.15386710895672673	0.3840004620442616	0.4621324289990118
0.15386093834482378	0.38402089565487507	0.4621181660003013
0.15345553533797462	0.38400289788664455	0.46254156677538094
0.15346372885438248	0.3839719888364667	0.4625642823091509
0.15359292927156842	0.3844518908058253	0.4619551799226064
0.15359741968316543	0.38397667071207425	0.46242590960476043
0.15369728729080423	0.3847571492904249	0.46154556341877095
0.15373033652528212	0.3841161532138349	0.4621535102608831
0.1537391270901599	0.3843351290689715	0.4619257438408687
0.15361669140137443	0.3842028240225016	0.46218048457612404
0.1534271420322253	0.38458136261455483	0.46199149535322
0.15375814156102496	0.38430375527032384	0.46193810316865125
0.15368347242316355	0.3844617330509914	0.46185479452584516
0.15366884994272081	0.3848347615686742	0.46149638848860514
0.1538820031097402	0.3841785197286284	0.46193947716163153
0.15344376631103457	0.3847589313011653	0.46179730238780026
0.15364747784362798	0.38494763646012414	0.46140488569624794
0.15355929478250363	0.38450685687369457	0.4619338483438019
0.1537966062887663	0.3845375228997782	0.4616658708114556
0.15354068268834345	0.38451051031757844	0.4619488069940782
0.15344272273683662	0.3849740522642457	0.4615832249989178
0.1535312581897833	0.3843777297473938	0.462091012062823
0.15337254093083277	0.38489477248006626	0.46173268658910105
0.15360074556657258	0.38430212662511465	0.4620971278083129
0.15363624438276946	0.3848258879727138	0.4615378676445169
0.15361515126300887	0.3841541850151678	0.4622306637218234
0.15386191825282097	0.38472072202975655	0.46141735971742265
0.15339723434840996	0.3841875788112242	0.462415186840366
0.15329372299287292	0.38421246613559473	0.4624938108715325
0.1536042527830742	0.3840536926613761	0.4623420545555498
0.15334920420344023	0.3846354380177046	0.4620153577788553
0.15343935530510971	0.38403806119321104	0.4625225835016793
0.1538229371764157	0.38450231536245455	0.46167474746112985
0.15345093628143214	0.3841994979959731	0.4623495657225949
0.153883691671525	0.38475217750684404	0.4613641308216311
0.1533341822563003	0.38441108786157213	0.4622547298821277
0.15348718178357268	0.38414497957617133	0.4623678386402561
0.15349112893939287	0.38427835558568857	0.46223051547491867
0.15368734646960885	0.38416992699429553	0.4621427265360958
0.15371696712041472	0.3844200219421843	0.4618630109374011
0.15333114078112536	0.3840746641312468	0.46259419508762795
0.15338789074692488	0.3848958201331675	0.46171628911990775
0.15329922298327398	0.3847673687889373	0.46193340822778883
0.1536968306151773	0.3850133823190023	0.4612897870658206
0.1538705597131611	0.38409657165476613	0.4620328686320729
0.15335773578791828	0.3840983327447747	0.4625439314673072
0.1534656145950466	0.3841637982839806	0.46237058712097295
0.15379061205436523	0.3841857517911249	0.46202363615451
0.15381419776888167	0.3840452170037821	0.46214058522733636
0.15336002060833925	0.3841909077391201	0.46244907165254073
0.15329041395189563	0.38478004295603013	0.46192954309207435
0.15335438089095027	0.3845491613747222	0.46209645773432767
0.1533300264744848	0.38490584012641926	0.46176413339909606
0.15345500034623702	0.38433372601896126	0.46221127363480186
0.1536051154269416	0.3841084179574612	0.4622864666155973
0.15348224743334088	0.3846297644779681	0.46188798808869114
0.15342277684400113	0.3840677456281287	0.4625094775278703
0.1538109824203006	0.38445056958376816	0.46173844799593133
0.1535057435328605	0.38485018349972355	0.46164407296741605
0.15330853907025466	0.38483385236735373	0.4618576085623918
0.15344639038074342	0.3839615144669718	0.4625920951522849
0.1532877844786826	0.3840381384159993	0.46267407710531816
0.15349930648706345	0.38461582698670355	0.46188486652623306
0.15385814002002002	0.3846272028263785	0.46151465715360157
0.15374923234126847	0.38426693148378305	0.4619838361749486
0.15342906813643015	0.3843744096523289	0.4621965222112411
0.153684751535398	0.38447127322988267	0.46184397523471943
0.15333950159562104	0.3840577186186948	0.46260277978568426
0.15338044519689092	0.3847257705467758	0.4618937842563333
0.1536000366765911	0.38452078554939567	0.4618791777740134
0.15364308618460834	0.38494596129876596	0.46141095251662584
0.15336168510315645	0.38404395560744436	0.4625943592893993
0.15325960785827644	0.3842408042603333	0.46249958788139034
0.15335052411380212	0.3842303277397237	0.46241914814647433
0.15372500296322725	0.3848462779398645	0.4614287190969084
0.15351255261456753	0.38499428896057936	0.4614931584248532
0.15379244215686988	0.3845597696263748	0.46164778821675545
0.15326443954791144	0.38420677152288535	0.46252878892920335
0.15370767174748914	0.3847650476194415	0.46152728063306947
0.15345334008520936	0.38417091262068037	0.4623757472941104
0.15368705290599288	0.3842309048336521	0.4620820422603552
0.15368724023963437	0.3844888811181343	0.46182387864223146
0.15383849502501987	0.38490700346527834	0.46125450150970193
0.15343690372170463	0.385009752050885	0.4615533442274105
0.15361676594395662	0.3844516557161717	0.46193157833987186
0.1536440976154067	0.3847286763537465	0.46162722603084694
0.15366850270615856	0.3839717901597126	0.462359707134129
0.15349162408732692	0.38431703510922943	0.4621913408034438
0.1538586840656394	0.3846009983387708	0.4615403175955899
0.15383811662331942	0.3845150451061785	0.46164683827050224
0.1533252944979846	0.38490532669982813	0.4617693788021874
0.1535188175415538	0.3847611584209579	0.4617200240374884
0.15356172965852763	0.3845131717417967	0.4619250985996758
0.15331637519499008	0.38401390651897344	0.4626697182860366
0.15385459386866537	0.384061062913249	0.4620843432180858
0.15347256680198312	0.3847332493170219	0.461794183880995
0.15366681634216517	0.3841125757458556	0.46222060791197933
0.15333141021179622	0.3850168616323568	0.4616517281558471
0.15365645172380163	0.3840279161959189	0.4623156320802796
0.15329910623721962	0.3846711125676684	0.46202978119511207
0.1533698058822219	0.38459724333166406	0.46203295078611417
0.15374546868870986	0.38500380983816657	0.4612507214731237
0.1533027987944372	0.38461891030506734	0.4620782909004956
0.15370593324902632	0.38488524968617877	0.4614088170647951
0.15338761335530712	0.38485827495870617	0.4617541116859868
0.15335298786868348	0.38435597266766486	0.4622910394636518
0.15382287073173273	0.38439197520249796	0.4617851540657695
0.15373261802434235	0.3845408309701342	0.4617265510055236
0.15353025181836372	0.3839767315096142	0.4624930166720222
0.15333169739753347	0.38425725861867177	0.46241104398379484
0.1533027524395808	0.3846453560397599	0.4620518915206594
0.15350731039283735	0.38405890588212416	0.4624337837250386
0.15348222865600952	0.38413615024719716	0.4623816210967935
0.15336468714027157	0.38446607977838165	0.4621692330813469
0.1533692761027376	0.3844389464270726	0.4621917774701899
0.15359275241877832	0.38415127277579486	0.46225597480542696
0.15358176635661705	0.3840763237970158	0.4623419098463673
0.15338051854614076	0.3841122966397078	0.46250718481415154
0.15327326151440268	0.38496921722552	0.4617575212600774
0.15365803337870326	0.38408788559369195	0.4622540810276049
0.15346127821870215	0.3847843239824515	0.4617543977988465
0.1535783664399968	0.3843283908843311	0.46209324267567226
0.15338252484268677	0.38460545735007745	0.4620120178072359
0.15380946180864824	0.38462992730908085	0.461560610882271
0.15349954003101607	0.3845563383214175	0.46194412164756654
0.15355525611883772	0.38473080833524265	0.4617139355459198
0.15364268460306954	0.3849951181170417	0.46136219727988886
0.15348383378928823	0.3840337530090639	0.46248241320164796
0.1534174229154585	0.3848999466470076	0.461682630437534
0.1537686468803185	0.3849515889409625	0.4612797641787192
0.15338012053357697	0.3844717258596467	0.46214815360677647
0.15348387231339566	0.384570312576979	0.46194581510962546
0.15325865530288868	0.38460527964480934	0.4621360650523021
0.15361333370696914	0.38498683320936367	0.46139983308366733
0.15342578750711033	0.3839902866582382	0.4625839258346516
0.15352945900890594	0.3843996522178272	0.46207088877326696
0.1532884697478304	0.3841322291694413	0.4625793010827285
0.15361399983868707	0.3846885749208985	0.46169742524041457
0.15342819374458685	0.3841061200843551	0.4624656861710582
0.15358343080086262	0.38411344838988676	0.46230312080925073
0.1533431602834305	0.3842177246003692	0.4624391151162004
0.15344330629171254	0.38449938281921137	0.4620573108890762
0.15384171485869969	0.38429366189417685	0.46186462324712363
0.1533633803523512	0.3846255133860932	0.4620111062615558
0.1537817575357906	0.38432821303235404	0.46189002943185553
0.15363154369569332	0.384944468467624	0.4614239878366828
0.1533285822670098	0.38433800273904956	0.46233341499394076
0.15341527199030888	0.38471947880961804	0.4618652492000732
0.15331875939077022	0.38434189330217206	0.46233934730705784
0.15356253790662078	0.3847480751142347	0.46168938697914463
0.15363047635797683	0.38475837578611005	0.46161114785591323
0.15370165742188663	0.38454867522588304	0.46174966735223044
0.15349823414432995	0.3848788458423735	0.46162292001329674
0.1537058689139089	0.3842021365950094	0.46209199449108185
0.1534406295424764	0.3846083349529095	0.4619510355046142
0.15356417820462803	0.38446736661225567	0.4619684551831164
0.15346573825985063	0.3841303377415856	0.4624039239985639
0.15333042142772463	0.3849218921521917	0.4617476864200838
0.153572560467147	0.38459246517151213	0.46183497436134097
0.1535795802803558	0.38452692338652633	0.461893496333118
0.1537676836161871	0.3841398332768999	0.46209248310691314
0.1533806801480553	0.38460315665693623	0.46201616319500854
0.15359522560890232	0.3842309637096256	0.46217381068147223
0.153807419052456	0.38439384759831124	0.4617987333492329
0.1536471941148574	0.38414266315231926	0.46221014273282346
0.15384486352985302	0.38401307924859457	0.46214205722155255
0.15363859003446967	0.38479337842471917	0.4615680315408113
0.15382532830956816	0.3841346726672287	0.46203999902320325
0.15332893684075083	0.38409529107943824	0.46257577207981104
0.15352524676681029	0.38402863161469425	0.4624461216184955
0.1535953537852968	0.38418418629112455	0.46222045992357874
0.15370480500677453	0.384633517042918	0.46166167795030766
0.15345892189097043	0.38482852393980294	0.46171255416922674
0.15368110901902549	0.38429929340238533	0.46201959757858935
0.15345764738587192	0.38501313630323947	0.4615292163108887
0.15364590691197927	0.3848232618696362	0.46153083121838456
0.15353755238247918	0.38482065809829685	0.4616417895192241
0.1533290100867687	0.3844907090434847	0.4621802808697467
0.1535597615308339	0.38421225623502453	0.46222798223414174
0.15359972110706005	0.3840578194478262	0.4623424594451139
0.15328075187720724	0.3841834405936349	0.46253580752915796
0.15340628966733802	0.3849583688738709	0.46163534145879115
0.1538463951644315	0.38452491380290726	0.46162869103266135
0.15343595865753215	0.3840175761832812	0.4625464651591868
0.15369256234730636	0.38454932877938885	0.46175810887330493
0.15384570953304444	0.3847901381961372	0.4613641522708185
0.15355589596325692	0.3842234241702591	0.4622206798664841
0.15360765023769368	0.3848235220396957	0.46156882772261076
0.15374515804963834	0.3840913948246638	0.462163447125698
0.15359269023575728	0.38488189599944145	0.4615254137648014
0.15350063276660378	0.3842550497423197	0.46224431749107664
0.15371772353745067	0.3839904573725719	0.4622918190899775
0.15375610930202233	0.3848909466549063	0.4613529440430715
0.1536776434316244	0.38437524958102265	0.4619471069873531
0.15371466557996766	0.3843533785200369	0.4619319558999955
0.15328894070780322	0.38485979510037693	0.46185126419182
0.15337178934799078	0.3847861186345654	0.46184209201744386
0.1536244144228	0.3848852761471976	0.4614903094300025
0.1532775578235796	0.38456340615440854	0.46215903602201197
0.15381477790723055	0.3841257211458724	0.4620595009468972
0.15334470678288853	0.3843399067477018	0.46231538646940984
0.15350607960409968	0.3849758686087486	0.4615180517871519
0.15358420024531189	0.3846423939354188	0.4617734058192694
0.15363027479359825	0.3843787383436573	0.46199098686274453
0.15376220669724058	0.3841749910765601	0.46206280222619944
0.15364030007487312	0.3844079007736071	0.46195179915151996
0.1538388519897983	0.3840227023602957	0.46213844564990614
0.1536224475889712	0.3845735138189857	0.4618040385920432
0.15387126157157588	0.38436763572902016	0.46176110269940407
0.15365534174342613	0.38489908890569347	0.4614455693508805
0.1532853355711958	0.38474270091266727	0.4619719635161371
0.15332890257998866	0.38399006813413383	0.4626810292858776
0.1538074131736034	0.38482262135097234	0.46136996547542436
0.15328042230275613	0.38432268012678666	0.4623968975704573
0.15383376965157564	0.38439735320345586	0.4617688771449686
0.15335859197185797	0.38406178096147825	0.4625796270666639
0.15361374928176041	0.3849461061728834	0.4614401445453563
0.1534817278849151	0.38404353853712675	0.46247473357795826
0.15354418483459187	0.38398996425210313	0.4624658509133051
0.15367809338418797	0.3846498224712709	0.46167208414454125
0.15362061704597246	0.38468997351213463	0.461689409441893
0.15366269969891944	0.38489518511331133	0.46144211518776934
0.15359170878433923	0.3843019169171509	0.46210637429851
0.15345845505767255	0.384947647427763	0.4615938975145646
0.1532654412834285	0.3849591232133934	0.46177543550317823
0.153879427496075	0.3847196298963998	0.46140094260752534
0.15337531359838844	0.3845126550462797	0.462112031355332
0.15370993795357157	0.38487386950301167	0.4614161925434169
0.1533630872136387	0.38408278237420657	0.4625541304121549
0.15354433987544497	0.3841259172737497	0.4623297428508054
0.15348746347207143	0.3842797501230599	0.46223278640486876
0.15368613945051005	0.3845583256976262	0.4617555348518639
0.15331785765191497	0.3840024898324482	0.4626796525156369
0.15342217039295591	0.3849795708777702	0.461598258729274
0.15379556463185007	0.3845903358200327	0.46161409954811733
0.15337639535059044	0.3845150231629772	0.46210858148643247
0.15334882397242344	0.38407061948217597	0.4625805565454007
0.15355807399323898	0.38490769191141216	0.461534234095349
0.15334177608081756	0.38446618211330325	0.46219204180587936
0.15349781946006824	0.38468480245084075	0.4618173780890912
0.1532946523877996	0.3846403005359833	0.4620650470762172
0.15331153670151984	0.38474005630557107	0.4619484069929092
0.15350790854089558	0.3839619027512335	0.46253018870787105
0.15380747615202833	0.38459993691025396	0.4615925869377178
0.15361533607245834	0.38468102554921313	0.4617036383783287
0.15338991916036626	0.38496557527239783	0.461644505567236
0.15355919755358788	0.38464861854415566	0.4617921839022566
0.15378676622723325	0.38476449904734317	0.4614487347254237
0.15385172867206992	0.3843836788521886	0.46176459247574164
0.15388264166407473	0.3845830273184481	0.4615343310174772
0.15328173142435833	0.38442623157697414	0.4622920369986676
0.1534128017082686	0.38461465450978305	0.4619725437819485
0.15345633644456685	0.3840742848076992	0.4624693787477341
0.15340463077306332	0.38419427489357894	0.46240109433335785
0.1533012614528965	0.38489544466202996	0.4618032938850737
0.1532693726483838	0.3845732745084122	0.4621573528432041
0.153557383373719	0.384612125898966	0.4618304907273152
0.15360896369067234	0.3841578893107193	0.46223314699860846
0.1538800078380087	0.384191491576413	0.4619285005855784
0.15330647536686787	0.3847730091642733	0.461920515468859
0.15361424592863732	0.384847070682923	0.46153868338843984
0.1537561914738363	0.3848966698895426	0.46134713863662125
0.1536632772923223	0.3846125569426032	0.4617241657650746
0.15359095413335458	0.3849308660713664	0.46147817979527916
0.15376543866455789	0.3845991041180857	0.46163545721735655
0.15342743394243463	0.38399625785629116	0.4625763082012743
0.15331213904527735	0.38424022859111057	0.4624476323636122
0.15347577561531633	0.3845909609051567	0.4619332634795271
0.1538331327409077	0.3846040122055653	0.4615628550535271
0.15386596410915	0.384337618903432	0.4617964169874182
0.15350600093075178	0.38402564393313104	0.4624683551361173
0.15343749468110668	0.38456092047638846	0.462001584842505
0.15370094499306955	0.3849348299009988	0.4613642251059318
0.15364606618541643	0.38409707053931186	0.4622568632752719
0.1537066233900284	0.3841049962190645	0.4621883803909072
0.15335556421301622	0.38398073016002277	0.46266370562696113
0.15352274532824456	0.38476904687272706	0.46170820779902855
0.15349674752212378	0.3846918201649298	0.4618114323129465
0.15366740483204264	0.384604239106723	0.4617283560612345
0.15327999762257294	0.3847625211852211	0.4619574811922061
0.15385954608245897	0.3847301913804247	0.4614102625371165
0.15336420570853126	0.3847942199398319	0.4618415743516369
0.1533399575209124	0.3847352048013476	0.4619248376777402
0.15371406501961776	0.38459056301190786	0.4616953719684745
0.15373168839243262	0.3845758365267491	0.46169247508081845
0.15373301699734324	0.38451970906346333	0.4617472739391935
0.15362971295331873	0.3845312880369068	0.46183899900977465
0.1534276536294294	0.38468720595218575	0.461885140418385
0.15373901564136858	0.3842164238241535	0.46204456053447807
0.15352768808847123	0.38418822491991	0.46228408699161894
0.15377732519388515	0.3849579389658498	0.46126473584026517
0.15328960091320995	0.3848369017216751	0.46187349736511507
0.15375867835521823	0.3849261689196904	0.4613151527250915
0.15339048483052065	0.3845373322662447	0.4620721829032348
0.15370840187518614	0.38468536796319186	0.46160623016162217
0.15327513580983818	0.38463091208342376	0.4620939521067382
0.1537306898448218	0.3846692345710237	0.46160007558415467
0.15362229288429582	0.38403511664522616	0.4623425904704781
0.15344651382877456	0.38461843637407384	0.4619350497971517
0.15363973977919415	0.38412142430655527	0.46223883591425075
0.15355383313834975	0.384057350296502	0.46238881656514835
0.15354764233205365	0.38442858898216664	0.46202376868577977
0.15351943865547546	0.3848225671233947	0.46165799422112996
0.15357430740969596	0.38448157513253683	0.46194411745776726
0.15354120156403514	0.3841243062844414	0.4623344921515236
0.15373798599094257	0.3844854384568822	0.46177657555217533
0.15372732773090475	0.3841263151094331	0.46214635715966224
0.15375165311803352	0.38497229723215015	0.4612760496498164
0.15366915028045888	0.384444037902964	0.46188681181657726
0.15345111499877104	0.3842520904981859	0.4622967945030432
0.1536727568901315	0.38413502335272215	0.46219221975714647
0.15330668448737245	0.3843339902736716	0.46235932523895606
0.15336854288638618	0.3841476693043112	0.4624837878093027
0.15337399926004153	0.3839696573242753	0.4626563434156833
0.15334939254600322	0.3845130278109257	0.4621375796430712
0.15357851498131686	0.38461452539002317	0.46180695962866014
0.15329358802931375	0.3842851155855484	0.46242129638513796
0.153524522232227	0.3839757037801558	0.4624997739876173
0.15332457855271486	0.38409810226564023	0.462577319181645
0.153311596389201	0.3846498269034381	0.4620385767073611
0.1534952217166501	0.384471632068486	0.462033146214864
0.1537402820340107	0.3844066504179408	0.46185306754804867
0.1538277484154718	0.38463804501137727	0.46153420657315103
0.15359731460892068	0.3839632898506478	0.4624393955404316
0.1535968070336144	0.38458669723626066	0.46181649573012507
0.15332346489453658	0.38452454306713735	0.46215199203832624
0.1535993177666432	0.3846661432178433	0.4617345390155136
0.1538033956183178	0.3840797221855762	0.4621168821961062
0.1534284258509174	0.384926014900273	0.46164555924880973
0.15335410854764248	0.38487147212359674	0.46177441932876095
0.1535774285197256	0.3842083221218924	0.4622142493583822
0.15337430015766135	0.3843635757939829	0.46226212404835587
0.15367175336618982	0.38435495984992196	0.4619732867838884
0.15361179802765962	0.38413488576873284	0.46225331620360766
0.1538204651036676	0.3846860633143083	0.4614934715820242
0.1536656053582272	0.38499323801179497	0.46134115662997793
0.15376551120418447	0.3850073601469242	0.4612271286488914
0.1534762694125872	0.3848960386341939	0.46162769195321895
0.1533696781539865	0.38491648029643466	0.46171384154957895
0.1535781217818282	0.38475159658202507	0.4616702816361469
0.15355076690323444	0.38418002836867016	0.4622692047280955
0.15356162050492111	0.3841996264103489	0.4622387530847301
0.15336750467016916	0.3845973736136584	0.46203512171617256
0.1538569003358522	0.38416426268749754	0.4619788369766504
0.15361397524431497	0.38428666899014424	0.46209935576554084
0.15347703277648808	0.3844724906487959	0.46205047657471615
0.15374828652417827	0.38424923307763886	0.462002480398183
0.15356086841796485	0.38464104625830403	0.46179808532373123
0.15369568678855333	0.3844502615176622	0.4618540516937846
0.15343887563537878	0.3847439119062259	0.46181721245839547
0.15383793748148883	0.3844273694501009	0.46173469306841036
0.15383758461866992	0.38453686423677763	0.4616255511445525
0.15339263326289415	0.38446200418741017	0.46214536254969574
0.15372841919931213	0.3847297225327804	0.4615418582679076
0.15337332292828704	0.38465851924046107	0.461968157831252
0.1533844302878668	0.38468184993159416	0.4619337197805392
0.15355204621484592	0.38412104147526693	0.46232691230988726
0.15380578872313488	0.3849507392348812	0.461243472041984
0.15387916250558825	0.3843714394576685	0.4617493980367434
0.153323005170869	0.38407173974740305	0.4626052550817281
0.15330463372849068	0.38479339956357433	0.4619019667079351
0.15333100300294175	0.3849642077563204	0.461704789240738
0.15381863879460508	0.384259559208256	0.46192180199713906
0.15358000633094857	0.384865149645749	0.46155484402330255
0.15349186182518362	0.38420923623376224	0.4622989019410543
0.15349700638768154	0.38429303436628015	0.46220995924603847
0.15350898342316208	0.38412199117563267	0.4623690254012054
0.153790933139878	0.3843249648947072	0.4618841019654149
0.15341118292594302	0.3844541063618871	0.46213471071217005
0.1537041524001043	0.3846571350149266	0.4616387125849692
0.15331653649562807	0.3846814697559317	0.46200199374844036
0.15379679458352835	0.3845434106449773	0.46165979477149444
0.1535292946311332	0.38480993261942464	0.4616607727494422
0.1538402701127991	0.3849498222095986	0.4612099076776024
0.15327000959460946	0.3847355875330498	0.46199440287234084
0.153648167243361	0.3848552641480879	0.46149656860855115
0.15348411395324657	0.3844176692587122	0.4620982167880413
0.1538567560927392	0.38470381331580844	0.4614394305914525
0.15344540484785726	0.38497877750520904	0.4615758176469338
0.15382829938961765	0.38440469661812393	0.46176700399225856
0.15341757164145764	0.3840497221270326	0.4625327062315099
0.15367180308645995	0.38469822524912867	0.46162997166441155
0.15343313315133864	0.3848357505066694	0.46173111634199204
0.15383960113784856	0.38460496632710367	0.4615554325350479
0.15367533528528154	0.3847908801261353	0.4615337845885833
0.1535615398625397	0.3846433603362621	0.46179509980119826
0.1534984515472303	0.3839573351669457	0.4625442132858241
0.15326239129172742	0.3844196636555055	0.46231794505276724
0.15360140703903352	0.3849432807006684	0.4614553122602982
0.15388139774073828	0.38447682283852364	0.4616417794207382
0.15369720122216118	0.3850206476118126	0.46128215116602633
0.15350131811062345	0.38449917434844066	0.46199950754093605
0.15340486162108327	0.38449497070033484	0.46210016767858203
0.1535072484425067	0.3846117152544519	0.4618810363030415
0.15372203689780695	0.38486037802647766	0.4614175850757155
0.15379563687246967	0.3847514464217359	0.4614529167057946
0.15342668487510752	0.3845497615830216	0.462023553541871
0.15384039003194244	0.383958776215395	0.46220083375266263
0.15361396408276967	0.3846978379137742	0.4616881980034563
0.15352762739710601	0.38448641050511045	0.46198596209778364
0.15375128231359164	0.3846256900221601	0.46162302766424834
0.15341041487141666	0.38449697072084393	0.4620926144077395
0.15377953414810525	0.38464486848120893	0.46157559737068593
0.15354319870408134	0.38411219042514755	0.46234461087077117
0.15344863941372044	0.38408412101195244	0.4624672395743272
0.15347318493203327	0.3846162175405117	0.46191059752745517
0.15385471362783792	0.38480086745699854	0.4613444189151637
0.15352885879895517	0.38483090883804577	0.4616402323629992
0.15340077618259967	0.38493108087122374	0.46166814294617675
0.15342917039577111	0.3849984516091566	0.46157237799507245
0.15373065755719806	0.3849468775513204	0.4613224648914817
0.15387426754874928	0.38489433351173613	0.4612313989395147
0.15369261769495066	0.3840695162470296	0.46223786605801986
0.15336529074732	0.38417603012002827	0.4624586791326518
0.1534952740500436	0.3843081212292343	0.46219660472072227
0.15356508072410763	0.38499506207933537	0.4614398571965571
0.1534118837696271	0.3844407306845293	0.4621473855458437
0.15368290142141436	0.38452248796519894	0.46179461061338684
0.1538315592066038	0.38480347452640984	0.46136496626698653
0.15333253838465827	0.38461906362904513	0.4620483979862967
0.15370287563478308	0.38449114312444316	0.4618059812407739
0.15385571644560497	0.38491677108633526	0.46122751246805993
0.15376465083158203	0.38442017075409635	0.46181517841432174
0.15339239816819006	0.3841794467761103	0.46242815505569973
0.15326310232385523	0.3845986974810546	0.46213820019509033
0.15379292878006226	0.38474368107466317	0.4614633901452747
0.15337663423109857	0.38487263353230305	0.46175073223659846
0.15372022255100293	0.3844839648409727	0.4617958126080245
0.15327347506788333	0.38486857444177697	0.46185795049033984
0.15364119465613357	0.3841819803430322	0.46217682500083435
0.153486424946072	0.38453231902557533	0.4619812560283528
0.15380964383664553	0.3845772519214322	0.46161310424192237
0.1533749718408327	0.38484879130211447	0.46177623685705294
0.1534488694708226	0.38495952465753197	0.4615916058716456
0.15368319934466196	0.3847575880236407	0.46155921263169747
0.15351893940970607	0.38446116408209025	0.4620198965082038
0.15375265481075745	0.38496329447823957	0.4612840507110031
0.1533716198681841	0.3850064875593623	0.46162189257245373
0.15370813811615072	0.3844910716085531	0.4618007902752963
0.15378963446307797	0.3841139289185888	0.4620964366183334
0.15352263675898514	0.384907566464146	0.461569796776869
0.15332410729926668	0.3840140554581928	0.4626618372425406
0.15371579372497585	0.38400714500075983	0.46227706127426443
0.15382245329704297	0.38494708703779	0.4612304596651672
0.15335574291499526	0.38448704962056657	0.4621572074644383
0.15340461703944464	0.38475529566132555	0.46184008729923
0.15329172698948973	0.3845385013138527	0.4621697716966577
0.15337081194726343	0.3842070868117859	0.4624221012409508
0.1536493291512369	0.38474290463415955	0.46160776621460364
0.15352783890125815	0.3841988993969377	0.4622732617018043
0.15334914934662747	0.38437807879113595	0.46227277186223675
0.15386798495016718	0.38439716679452174	0.4617348482553112
0.15382051156059337	0.3845487701669207	0.4616307182724861
0.1538018740610375	0.38478515549498343	0.46141297044397916
0.15343783344907141	0.3849697396927018	0.4615924268582269
