0.20518845779668832	0.05942766933128554	0.2307471317309093	0.1515353338271545	0.3531014073139621
0.28723505120141746	0.03635326077082224	0.26168831490031014	0.07702240319537662	0.33770096993207327
0.2840782406032052	0.05650578723885624	0.23695763413518958	0.09855428920019803	0.32390404882255064
0.162266094893865	0.0327865615936595	0.32906719135636614	0.16872781640075366	0.30715233575535544
0.2867849478690845	0.10950121300900903	0.40336639440520505	0.13950951971605607	0.060837925000645054
0.19973874615800238	0.10732768222087852	0.23192989309153986	0.08077674009547585	0.38022693843410316
0.3061428180351627	0.05912665275340112	0.36238827307383625	0.08601279440925987	0.18632946172833975
0.16039470737555125	0.0884660719737621	0.354058237855387	0.19659977443579724	0.20048120835950223
0.2276104159510253	0.06706991244597313	0.36165984549544894	0.18459800037640936	0.15906182573114308
0.18582269404534835	0.030087709291331505	0.3480244847523538	0.18397342272412545	0.2520916891868406
0.2810706291441769	0.06094685662766369	0.36595326152181384	0.10365630272096574	0.18837294998537957
0.17584580835714433	0.02517739783499076	0.30047503255955493	0.1894560819874978	0.30904567926081195
0.2593419006099005	0.1000134086267422	0.38805098494785906	0.19121659702134958	0.061377108794148455
0.23492685499532126	0.03225442980533588	0.23243366425253864	0.08710139835781493	0.4132836525889891
0.21112000175370596	0.01908235945417605	0.240975734198479	0.0904655655116696	0.43835633908196914
0.2872574868166258	0.033467897662683765	0.30192344764365664	0.16093895727147037	0.21641221060556315
0.3104984164159905	0.08141892519373634	0.22949529258345147	0.1960598293714477	0.18252753643537367
0.16673433609844165	0.0621808995728271	0.4166170987874122	0.10200712187766382	0.252460543663655
0.26521946212626707	0.10457802913267387	0.3452345549886871	0.16955575039867626	0.11541220335369545
0.25536100088266633	0.041628448478635255	0.38024220157630273	0.19274862143776694	0.13001972762462854
0.22089037463878947	0.069502168296148	0.3295583557060565	0.14033199124328488	0.23971711011572092
0.20259651779225843	0.07525880104997147	0.3926031629116806	0.11712337871033929	0.21241813953574992
0.23586828308031715	0.06457342958128454	0.27339448556775264	0.11147359446407148	0.31469020730657393
0.1589127154974188	0.06688070870113572	0.21105403219000118	0.18447588350833016	0.37867666010311396
0.21581208852438927	0.0860206461076446	0.20854131031709502	0.09537812208335936	0.39424783296751154
0.30510317287647065	0.05787625878335817	0.2329966754471502	0.08745863830815158	0.31656525458486906
0.26745317876926944	0.12285101307795288	0.22144401521943707	0.19388398940346843	0.19436780352987196
0.21054732638030094	0.011283708343842375	0.28914827161149204	0.1288775010301042	0.36014319263426026
0.24257657526668977	0.032166268697331524	0.20893030394833986	0.1462676259762079	0.3700592261114307
0.27158838253570056	0.012672071172344673	0.31694920517396374	0.16964091390038874	0.22914942721760204
0.30285281613502263	0.028082504535370617	0.2720688723367295	0.1605478313957762	0.23644797559710073
0.2161080051562636	0.025668749778309102	0.27696020201779287	0.13872658280537184	0.3425364602422623
0.24980103446204122	0.046325669682511644	0.3901004529589466	0.12529839558506678	0.18847444731143348
0.18671503751437263	0.07948070201444543	0.2952453339550986	0.1252575697757674	0.3133013567403157
0.2927486818684328	0.10549945030724246	0.2456715034949315	0.14699707006301344	0.20908329426637953
0.18171309749701142	0.10712826184580251	0.29552031395455036	0.10303022006843135	0.3126081066342042
0.24099247679360558	0.05018625738528665	0.35221628722110676	0.12671864394487367	0.22988633465512706
0.17116995659019943	0.11179285438247763	0.3355530349190985	0.19143246165077588	0.19005169245744838
0.24275021122999596	0.05892603353926523	0.23524933128078226	0.12061507760545372	0.3424593463445026
0.2018056285655511	0.06940024574389675	0.4155558937630378	0.12428103400179116	0.1889571979257229
0.252069798248042	0.06858670053782173	0.21975550919485937	0.11861774251460118	0.3409702495046755
0.26040359716145306	0.08223554338959797	0.28720832326250034	0.12613640952702476	0.24401612665942357
0.2252624108393462	0.01901368470996756	0.30411843659226057	0.12312083299014152	0.3284846348682839
0.2288051152894641	0.023879996902825606	0.2505055164841574	0.18695811316804906	0.3098512581555036
0.24420654151899662	0.0636396723369334	0.24763409380211865	0.07174357736704251	0.3727761149749086
0.2160268132833727	0.060353778431925714	0.38829304616012195	0.11560915337362988	0.21971720875094947
0.28831802058611744	0.09380776776117293	0.22931263653638326	0.09896718714241967	0.28959438797390646
0.28551732336961333	0.03846423611862551	0.26645215187060484	0.16809384403418887	0.24147244460696715
0.20827051790523313	0.10122716792903666	0.2578079125896167	0.10570699304360703	0.32698740853250624
0.30623021381976073	0.020703549877490124	0.35058651668146223	0.18783030439034787	0.1346494152309387
0.16872491357546765	0.099356472464682	0.284207271233832	0.1525878914898826	0.2951234512361355
0.17675513661145176	0.09350564335973742	0.3636144014414357	0.08802111848782197	0.27810370009955293
0.21504901041490948	0.0507167377818267	0.24821471805412174	0.15980591548268364	0.3262136182664582
0.27847953313859947	0.03434327120833691	0.29338391490574056	0.06770927973046809	0.3260840010168547
0.18732309566593283	0.04612196201377866	0.23818264302946124	0.10350590955724348	0.4248663897335836
0.22437071860968533	0.025694046990313385	0.4004750475910575	0.19659703639002124	0.15286315041892232
0.30975495730675007	0.06516692946783009	0.34753654973949344	0.07215896703643612	0.20538259644949003
0.2687904718203666	0.05395837868871414	0.3434780710026057	0.1784026180633933	0.15537046042492003
0.258969519059009	0.08470741666847426	0.3056340294700724	0.17214611251404396	0.1785429222884001
0.2556922471217611	0.08167019894046587	0.21283707073446653	0.17905041346383402	0.27075006973947224
0.2937953959782729	0.12065572582197352	0.41198993749653906	0.10341947111026839	0.07013946959294584
0.3006479628944957	0.10308139254735854	0.3034909091411374	0.12711548704419146	0.16566424837281662
0.19721111015793846	0.02376270657322943	0.32303018133382955	0.0663394135241433	0.38965658841085904
0.3018413997273014	0.05163910770822369	0.2352337914640517	0.09783004111830335	0.3134556599821195
0.26788589768732685	0.10093328288324492	0.3500774937930049	0.18822669578767837	0.09287662984874467
0.20511392832561107	0.11901724260083572	0.3593240912587441	0.16028284710229135	0.15626189071251756
0.20019534952887896	0.025549963877388948	0.39282768014766156	0.1954081804924841	0.1860188259535862
0.276470411614045	0.017451553780645362	0.2244495517919757	0.07164290949940669	0.40998557331392693
0.22348620142097572	0.05361285385213263	0.4022350326001805	0.07713912757977828	0.24352678454693266
0.2693589062813767	0.0705682705831695	0.40029087845490546	0.06732037228205873	0.1924615723984893
0.2872928565791247	0.05190895434327486	0.3783140361989348	0.16158850994189428	0.12089564293677112
0.18175808580356217	0.03951337938254684	0.31317272829557974	0.15641626490980318	0.3091395416085079
0.18511432452174229	0.01550349582056132	0.4162698106372834	0.07083979698137935	0.3122725720390335
0.22195418118324392	0.03777120288559399	0.3165645971670084	0.13115588385618243	0.29255413490797105
0.18030771556846645	0.02316022281349958	0.3033825639140493	0.10506450890819499	0.38808498879578956
0.17314437716198428	0.07382455182443681	0.2480606635279804	0.08408320333140999	0.42088720415418834
0.2447201473296728	0.06891977455810272	0.30454835844764133	0.09698433610191758	0.28482738356266535
0.1786467456276673	0.1070614258819302	0.30293299926001627	0.1376427060438542	0.27371612318653177
0.3082646051526866	0.09560873316387883	0.21994799965406037	0.09439915963273394	0.28177950239663996
0.17179472531451073	0.023823673524805633	0.25082561319787655	0.19110456368607892	0.36245142427672794
0.2536941836951381	0.027848679332568488	0.2977906380392873	0.07024204216001434	0.3504244567729915
0.25297616374388	0.0733008628179829	0.21301818328813377	0.18963022730040158	0.2710745628496015
0.2869184190961357	0.05330395237950347	0.387827973698528	0.08337215878007893	0.18857749604575352
0.29640043164721475	0.11471282514854325	0.40822040560900263	0.10759838599941861	0.07306795159582041
0.2479634314404946	0.02266602103624271	0.24548287178021305	0.07676004309638562	0.4071276326466638
0.16516550541873606	0.1008962336868891	0.36067468992574325	0.12348895565950516	0.24977461530912626
0.1878165819651456	0.07253391022464112	0.34474407581853167	0.06737549310785304	0.32752993888382836
0.25543965919674394	0.04627737486904204	0.372437695881252	0.07871334374969291	0.24713192630326886
0.30236717722875806	0.0683124964022504	0.40962245196616764	0.1672014278754333	0.052496446527390356
0.2484502133728165	0.013741434298882638	0.3125626448482076	0.1354244730260334	0.28982123445405955
0.16361657187917755	0.09983043076220557	0.22999645565364413	0.07028928929733172	0.43626725240764086
0.21972267734938508	0.03121518463532308	0.39393219953497943	0.08231761252160306	0.2728123259587091
0.30410286545122167	0.1124836882191065	0.22350775318597615	0.08152889277599723	0.2783768003676982
0.18679625729312105	0.09548810851953515	0.25618993160290204	0.1305391006547138	0.33098660192972773
0.2897259824322191	0.07844243431377705	0.266680688036058	0.110016260871712	0.2551346343462336
0.3096324526581967	0.08010621652240882	0.3644601024986206	0.16660258038582693	0.0791986479349467
0.28349917730450613	0.0996650042909575	0.3490371723852152	0.12465460158820857	0.14314404443111228
0.15979352846957748	0.04512483549397828	0.3543618238303565	0.07333290433274989	0.3673869078733376
0.2983527348958982	0.07212575333195981	0.3627803353492277	0.15044330944820367	0.11629786697471035
0.28392636489936895	0.11983553773850651	0.2984664878207486	0.12193111534237715	0.17584049419899858
0.2791568890228191	0.04833703069825612	0.3031856448318231	0.13424409852968971	0.2350763369174117
0.17775413868659906	0.11688410394382005	0.2502281386444085	0.09871823324440421	0.35641538548076795
0.23321574010495857	0.0618747010352145	0.3012151728318811	0.0962624174335679	0.3074319685943777
0.205058869826941	0.07784089196591465	0.22446348735279503	0.07400525831849292	0.4186314925358562
0.2578559683614431	0.12385736139750433	0.23674328768448033	0.16646416630521868	0.2150792162513533
0.2841361416006867	0.10507826686867616	0.35817692583927685	0.19176039432409425	0.06084827136726581
0.16007307564352205	0.08231330412102648	0.3163764506226746	0.11295559395290554	0.32828157565987115
0.19862018250547886	0.12272741126398619	0.403450653711931	0.18869372397257575	0.086508028546028
0.20367851040276	0.017669980974428318	0.41496850434759913	0.08370930899936149	0.2799736952758508
0.1729402306323929	0.02924578461579902	0.3317871984079348	0.14057451001752486	0.32545227632634827
0.28341380264233607	0.03526451510409684	0.22157602244222724	0.10328075218203703	0.3564649076293026
0.22120730601883212	0.11188106394740358	0.3671223873075121	0.14242963601764458	0.1573596067086073
0.17747305698660898	0.12018781546162781	0.2427179781650024	0.13134167580848	0.32827947357828063
0.1677969719477729	0.08547449087926204	0.21641248075675024	0.12083985521531547	0.40947620120089917
0.2838300599866879	0.03190404336959593	0.27707163864830764	0.16530888383784936	0.24188537415755884
0.1664916205891072	0.0928455482890187	0.3980209315682578	0.18606870933510763	0.1565731902185085
0.24323204328480433	0.07613572127654025	0.38030954683532836	0.1927089448591885	0.10761374374413829
0.217938827925716	0.084540307086768	0.37277534219906727	0.09464192238836587	0.23010360040008254
0.22435777906291604	0.03804163678824979	0.24536277488776287	0.18880239006777466	0.3034354191932964
0.29674890929214126	0.08165676593958032	0.33824276665900743	0.11484371245083212	0.1685078456584386
0.17915591531525882	0.06796803860189224	0.4091396581633301	0.09364988916529922	0.2500864987542194
0.28648436587873893	0.01744303473008399	0.22460704478518095	0.09842836087791089	0.37303719372808497
0.23435123401428892	0.08553227896367312	0.22606999047248622	0.0685273365176999	0.3855191600318516
0.22328429451697823	0.1137111032230866	0.24391628763945616	0.19278353538850665	0.22630477923197215
0.260040168845744	0.03503556742342559	0.2380981280536534	0.0741264899386849	0.39269964573849186
0.23101258091486304	0.1011773921410086	0.32529278543072726	0.19422483063166807	0.14829241088173273
0.24232586588721683	0.06215226421584344	0.30703228542718014	0.07761901165107749	0.31087057281868186
0.2650449113044039	0.05838406271583463	0.24443559744892962	0.14562045670220858	0.286514971828623
0.22247384672080175	0.07977916147991357	0.386005979435603	0.14610095830018635	0.1656400540634951
0.17438550680809403	0.09963691579400123	0.389683307534189	0.14591894491405813	0.1903753249496574
0.18933488306852356	0.021991544381861072	0.35799978982159597	0.10138911743879114	0.329284665289228
0.2514126870116732	0.06893162811706771	0.27673000042999996	0.19624027241986686	0.20668541202139198
0.3014080033324731	0.04993798368808661	0.38683835611313855	0.10640692503521637	0.1554087318310851
0.29371451125647174	0.1067630121514798	0.35951052167090314	0.12766111154397286	0.11235084337717219
0.20754535369383625	0.10669001009320202	0.3063764940874507	0.19214739523081317	0.1872407468946976
0.15640658255015272	0.060107943426855714	0.21673135482086378	0.0996541082557201	0.4671000109464075
0.18086838384586618	0.08411019488320326	0.23401024591308886	0.11732898130645657	0.38368219405138493
0.19939569089563877	0.04099225475194965	0.3660316008160004	0.16098844900358383	0.2325920045328272
0.19421981178135145	0.03256538787215901	0.4127088684798216	0.12393972134525097	0.2365662105214168
0.2724792580477855	0.0944095372170577	0.27558577762378833	0.10510553375909241	0.25241989335227577
0.27701969722804176	0.04388562473314714	0.25965309228500966	0.1700482583917414	0.24939332736205982
0.2586134707303515	0.08766158603019514	0.36737291062944766	0.14106349143327315	0.14528854117673234
0.24215656768955848	0.02693903791895158	0.3829116114760291	0.14108486991090388	0.20690791300455671
0.24820391996593122	0.02687145678525099	0.38647238623410723	0.07237535699537101	0.2660768800193393
0.2167796071412557	0.027869075149617756	0.39741096068801396	0.09612069554237729	0.2618196614787351
0.24227262925709406	0.05569630817014637	0.31214120332972617	0.17825663204982875	0.2116332271932044
0.1942605496740108	0.07176917603246533	0.22257347321245305	0.14999714204448372	0.3613996590365869
0.22584380292170045	0.02318505022768741	0.24309628595762955	0.09596488205879634	0.411909978834186
0.29551133370781896	0.07352436566945547	0.3107667242263862	0.1500219481298507	0.1701756282664884
0.16788850940393157	0.1240554450884033	0.34662857849541195	0.18126402003868197	0.180163446973571
0.24759608560622773	0.03838250169972732	0.4149902056262681	0.08606311933553787	0.21296808773223874
0.2561866700263975	0.11221068368953203	0.3754774060681282	0.08105257318981243	0.17507266702612959
0.19691335499552448	0.046517371087347326	0.38736510542612734	0.17726329461298881	0.19194087387801187
0.2925096057172082	0.09385362652201566	0.26233018313044676	0.1519744201266282	0.19933216450370092
0.29852979698381693	0.08983454356657013	0.29915931192238693	0.14937523343218856	0.16310111409503716
0.27530355187565103	0.012774353058355253	0.3891284893022756	0.150223487170405	0.17257011859331273
0.25979111428932855	0.06797383077032482	0.3626795443862268	0.14479759433589123	0.16475791621822833
0.18710544241887428	0.09125147552346251	0.26527592667707656	0.14904700507759458	0.3073201503029918
0.3021935516630462	0.06387406050570424	0.2857095446335072	0.08096093695077008	0.2672619062469721
0.24819810054701658	0.0887788733252864	0.22911529155446403	0.12680995123595595	0.3070977833372768
0.31184454782581383	0.10777030541469605	0.3732916565815436	0.06694392176737243	0.1401495684105738
0.28859920951003015	0.033442381001249355	0.351791290370579	0.10015521440694591	0.22601190471119537
0.16540016111287387	0.03306503982889092	0.23976522942245349	0.0879486861934995	0.473820883442282
0.277415929480754	0.0972720612437312	0.34976471073470067	0.10570387811907442	0.16984342042173944
0.23132127135772185	0.03478229386067366	0.4060993442871049	0.19138907203160033	0.13640801846289902
0.2937523993228782	0.05449877074829054	0.24057001900615327	0.12952294181663662	0.28165586910604107
0.23125784473042232	0.0504772259561338	0.3643754562272481	0.19329813638690693	0.16059133669928866
0.21802043512482014	0.03602417797527216	0.3281729381912969	0.08284029640142682	0.3349421523071837
0.20234433140648117	0.09515053226808456	0.2754990471243155	0.07842710894475705	0.34857898025636147
0.20870608025145493	0.1206383151047097	0.22216578994314992	0.16786859187104636	0.28062122282963886
0.24125586410490352	0.01799818441374834	0.29027510719604166	0.12162133951559839	0.32884950476970787
0.2513236415355997	0.03649902168189173	0.31512297268575795	0.1329291759570205	0.26412518813972985
0.19565057910603526	0.011786677944434276	0.33604504692034654	0.11594269172473927	0.34057500430444443
0.2580934304702293	0.022885082484683295	0.39723192958582304	0.10166679524983378	0.22012276220943033
0.28318189800001103	0.11408899602958408	0.38883567846970785	0.15896810165241226	0.05492532584828447
0.19865112415912617	0.027670770903556408	0.21594949387959667	0.12832462318227011	0.4294039878754505
0.2241065404993811	0.015366347277751186	0.31509532995693057	0.18943139389331523	0.2560003883726217
0.19097587502446464	0.021668317270375465	0.2544249941422554	0.16004261289796629	0.37288820066493794
0.16441476451834391	0.03028925805172128	0.40962095907087603	0.1914880985551847	0.20418691980387388
0.3014457663237997	0.11947733002392191	0.22594456482447453	0.08419939381985797	0.26893294500794557
0.2845877605131106	0.10235939421856519	0.29800044560846495	0.17121686763912833	0.14383553202073066
0.1848290683546781	0.03090691226423309	0.27607395252341627	0.118755573357081	0.38943449350059134
0.1589838466706225	0.014721948642259342	0.36722329867371867	0.19085146120261656	0.26821944481078275
0.2101490164919402	0.10962985779821646	0.2892889487267073	0.1383340166580287	0.2525981603251071
0.18153491791261556	0.08581897224540559	0.2330647145604906	0.13895152625639304	0.360629869025095
0.27516792055338807	0.11781830357952053	0.21750783171645466	0.19388197442443142	0.19562396972620505
0.2474883049859346	0.09401515840254517	0.3284434802421359	0.11451195909657577	0.21554109727280837
0.30161464606582766	0.09942284340724536	0.22858540769517136	0.18451324560540922	0.1858638572263461
0.29706402593250353	0.060316817621319574	0.2665343251774869	0.17652072357151594	0.19956410769717378
0.21839630604113364	0.08188068762208066	0.37277950060808307	0.11197190973717526	0.21497159599152718
0.18986510724986383	0.1076297074894927	0.3778585819632655	0.14832692608280545	0.17631967721457234
0.16931956871181114	0.011982524657029342	0.37267950046841164	0.08363546670182864	0.36238293946091904
0.2657216146189714	0.04250335981292244	0.4090726736286534	0.1370283493338839	0.1456740026055686
0.21518862582176668	0.05421430835390423	0.2524237028752097	0.12765731475071584	0.35051604819840326
0.27173243549823173	0.11332248175419851	0.3256712973392205	0.17927825309991058	0.10999553230843842
0.26315973410261306	0.07337151099536413	0.323391073503154	0.10436018640264197	0.23571749499622657
0.2880703181797621	0.05405561896496175	0.2236854294934908	0.18533658141065337	0.24885205195113175
0.2642772194097734	0.08195111062768105	0.2516753079254693	0.11056326730536442	0.2915330947317115
0.1967765781369372	0.05387090081285045	0.3462383710172352	0.08693295343223947	0.3161811966007374
0.19632957383018376	0.0152794889889383	0.29878787672788465	0.07044519464485816	0.41915786580813497
0.24760373984224926	0.01412336390547847	0.2601590156819696	0.08393335946121169	0.39418052110909074
0.2930779710374429	0.0958905026227939	0.38608929796393315	0.07903268417668988	0.14590954419913987
0.20762003518480518	0.03272877368460278	0.2944968599809779	0.12889419185977394	0.33626013928984
0.3041699313612636	0.07636929330363204	0.2251135897893946	0.1890445693320378	0.20530261621367168
0.22293342096167018	0.06438223116325878	0.35857358164023456	0.09334864860316772	0.26076211763166857
0.24884012348299153	0.012261545416544173	0.35658950483738017	0.1971901200580069	0.18511870620507698
0.20367333038101534	0.06521935881914295	0.41268023512319774	0.09426819246310146	0.22415888321354227
0.20555474866138282	0.06502249694575576	0.3844663295290348	0.18576278994944562	0.15919363491438074
0.23751488316335742	0.04138621582892127	0.40533945897160467	0.08586952430156441	0.22988991773455197
0.30135915374906025	0.024172233122757875	0.29077485807786757	0.1741899734703193	0.2095037815799947
0.2112448374014278	0.07282529222188924	0.32651950573647515	0.19478851984411558	0.19462184479609201
0.30042448242140807	0.10175504979992765	0.22777784488661496	0.08739859307749395	0.28264402981455505
0.15672458122769217	0.10604727224705877	0.25399155393564193	0.1756199732393887	0.3076166193502183
0.18276361116402093	0.1009030852166932	0.2121847161658338	0.15249061491446209	0.3516579725389898
0.2459843204411138	0.05738361835830316	0.3886749622603266	0.07111378138572025	0.23684331755453591
0.29304369183877926	0.11629204068564186	0.29950572833332345	0.12497203026551407	0.1661865088767411
0.16004223748332824	0.06892889474076994	0.4153286216776195	0.08574657573388496	0.2699536703643972
0.2962951592466868	0.104180782391181	0.2723355675592558	0.19316478307543225	0.13402370772744385
0.29422207420922586	0.11906999531218505	0.3354848508631597	0.15160590754943037	0.09961717206599871
0.28994705808517873	0.08671487499325095	0.28397503868342794	0.17999922398289853	0.1593638042552436
0.25697160404952857	0.039577287656869325	0.3037760786357599	0.09771165697237078	0.3019633726854712
0.2519273553662444	0.07354237137293282	0.2733824651279593	0.1277874299139234	0.2733603782189399
0.24007310083488045	0.04487727052266033	0.3225532406314748	0.1524861482096712	0.24001023980131292
0.2623866515102057	0.12464481171039354	0.28794039534064725	0.12303472734020608	0.2019934140985472
0.25495855463584166	0.12196294384931171	0.2712883919060872	0.1594938430788871	0.19229626652987208
0.24367361481374725	0.1095868381700184	0.39368114203216215	0.18846443048572967	0.06459397449834228
0.21062890486566416	0.11232129330367657	0.22082762475865128	0.09975167270867849	0.3564705043633293
0.27617541345708907	0.012587523630977676	0.21064058660496993	0.17956082318321445	0.3210356531237486
0.18185615297571833	0.09995551936204973	0.35733530984212303	0.17782237874376555	0.1830306390763431
0.2965927025933579	0.09599740258852574	0.24472186676089025	0.15431435035406668	0.20837367770315915
0.1747763421363519	0.12510126693771678	0.29292478231872376	0.10599304695959363	0.3012045616476137
0.2621425828048403	0.029627367155723172	0.3349391416285422	0.15413370663436826	0.21915720177652576
0.29454187676772003	0.11873394839475118	0.3220139016230201	0.16792493017419569	0.09678534304031265
0.2162789955772221	0.0451161542419386	0.28553892333930375	0.09858362576554615	0.3544823010759891
0.23821041394721418	0.0877926176031471	0.2567951253932915	0.10996552143892203	0.30723632161742487
0.18496286813672488	0.017170735895192357	0.3791622178089563	0.17925475437919788	0.23944942377992837
0.23217033372451412	0.062048274885189214	0.24539346079003288	0.14453278569435649	0.31585514490590705
0.2124631450423216	0.03118994583854992	0.24571606154649972	0.19443038298355975	0.31620046458906875
0.19699692513885098	0.10865477804622622	0.24248428288702373	0.1309651428585112	0.32089887106938764
0.22450253481256954	0.06063362250349319	0.35454451360748795	0.07038440058391546	0.28993492849253355
0.20113123510715697	0.10851643593022525	0.30685759471105395	0.1807560223922535	0.20273871185931006
0.22659256907427175	0.040933113905359475	0.4088618850621681	0.08233069713971193	0.2412817348184885
0.18798510729916856	0.08584361730096005	0.3103625062650703	0.1809707416107589	0.234838027524042
0.25338673156622593	0.11611338882841955	0.36627685245215513	0.0854451515586132	0.17877787559458597
0.16888109268051618	0.02989509860144282	0.22114249003897102	0.16284415302188837	0.4172371656571814
0.24313101001145404	0.05845482726101431	0.2177161145926903	0.1394428219630794	0.34125522617176174
0.21826779244890177	0.02993811616875708	0.2227172585710922	0.1623849608558879	0.3666918719553608
0.3000755433623582	0.11096685491891307	0.3126111249199375	0.12771989994504118	0.14862657685374975
0.2514008076209333	0.041567143694471065	0.31114430412226973	0.09565089561383694	0.3002368489484887
0.19644683595559786	0.019598672918164722	0.26959512753541387	0.14830984050572377	0.3660495230850995
0.26899073760313275	0.10855468188912479	0.23900045242554832	0.1676138932111964	0.21584023487099746
0.15728569095868689	0.022995278851441897	0.2691708817923113	0.19536175019512567	0.3551863982024341
0.28430248031051875	0.02911714625523551	0.23073373696172328	0.09355418049867441	0.3622924559738478
0.28072557228333306	0.09041741211212118	0.22940936548212484	0.10987812237930975	0.2895695277431109
0.27404238507495327	0.059945073292840656	0.27473225777719024	0.06568783695262809	0.3255924469023875
0.17044923313626958	0.05971717296696333	0.3646547204035974	0.12318307690393265	0.2819957965892368
0.217706971417728	0.10556865993329631	0.25545313204929637	0.15896193163881878	0.26230930496086036
0.27062154504767144	0.03642440058239707	0.25962390545950587	0.09536144655767578	0.33796870235274956
0.21197487473516835	0.08972777571677504	0.26632572583219355	0.13852042167995676	0.2934512020359061
0.21890232435327	0.011287872617461309	0.3412611922093003	0.08221607511670087	0.3463325357032673
0.17530216238044977	0.07217181887269686	0.27127729427319147	0.13978991708869026	0.3414588073849714
0.18460137708554852	0.03908808903621655	0.37590131114396563	0.07965559071530157	0.3207536320189675
0.17808101553487318	0.08899050590562002	0.29559206602172833	0.19402861206390867	0.24330780047386963
0.2848742017716869	0.10283117834361097	0.28294247239168857	0.16212677659663466	0.16722537089637868
0.28876072769595773	0.10569697242242568	0.2131564009635456	0.10129155009783453	0.2910943488202362
0.18392098537563084	0.04743981626236912	0.32161527621724745	0.16006637786576977	0.2869575442789826
0.26739499466966604	0.0794692419702863	0.4014438377842452	0.18498362139551133	0.06670830418029092
0.23489921693976928	0.023473917012891088	0.30029332713729495	0.17436787414770483	0.2669656647623396
0.2642585136151304	0.06493805438106193	0.2802027981826616	0.11419933307807653	0.2764013007430693
0.2746191007809167	0.1187750091559902	0.31527095254271464	0.1698638237109019	0.12147111380947628
0.2008353112572771	0.06641151709411319	0.2590346788385031	0.19046805939581363	0.2832504334142927
0.27645253053556135	0.10270734411775241	0.21561867624546774	0.14947930121798625	0.255742147883232
0.22010727594761892	0.04056641801343891	0.4004694693021742	0.18754479348531627	0.1513120432514515
0.17265790365038605	0.10886683376866652	0.3854750378897208	0.11698542182767742	0.216014802863549
0.29212326811437483	0.09979414371609008	0.22885529353235684	0.1931709940766335	0.1860563005605445
0.19394565394291985	0.06739474754146446	0.26991780046590746	0.10323054418215599	0.365511253867552
0.1808843468492795	0.09928811556509744	0.237314287830754	0.14233446409042586	0.340178785664443
0.23254235484236754	0.08965890754984555	0.20956194412979617	0.17543820783661246	0.29279858564137806
0.1701055444977158	0.07506311751421092	0.4041821228211927	0.08460801618555232	0.26604119898132805
0.24130819956352284	0.012857813585457789	0.3448418270082268	0.15214768267352502	0.2488444771692673
0.15800019166463997	0.03255919517495631	0.3194727176055622	0.11928752961045093	0.37068036594439047
0.3071210427741057	0.1124940260765502	0.37363844128957974	0.09965460808945355	0.10709188177031052
0.16916733816382812	0.11856835653145464	0.3980250441551786	0.17403766554567215	0.14020159560386633
0.2914867340730685	0.12005833622285067	0.21026537690945163	0.15409815434947038	0.22409139844515852
0.21354513862060343	0.050160904149592234	0.32020601359924133	0.08012631053593502	0.3359616330946277
0.2828017847119567	0.09398904047048133	0.3266347446234647	0.13698709805592463	0.1595873321381724
0.16115511022310391	0.05422749977146135	0.3826230404909201	0.1829108983379527	0.21908345117656175
0.25628754282766414	0.08266914059311677	0.35590851984685834	0.06943599615538101	0.23569880057697948
0.23772246762775104	0.09260613867983397	0.27162055747523983	0.09312692932002739	0.30492390689714755
0.19003003755078038	0.033526259160002986	0.27437585103165785	0.14829122329899536	0.3537766289585632
0.2559270545588679	0.11733410367598811	0.3333585910686272	0.17408005611825544	0.11930019457826108
0.29952071792079665	0.11178352402844337	0.29027011059410124	0.07068669741010708	0.22773895004655137
0.2503069431422687	0.024438988336975054	0.3776467246528335	0.1636980551575521	0.1839092887103704
0.19182166813136672	0.10775882870213321	0.2584717971950501	0.19485717775134642	0.24709052822010336
0.24199043947189147	0.09223612310094045	0.21449326339350497	0.11614939612315692	0.33513077791050594
0.16034294574060037	0.08601045839233104	0.37402486983786726	0.12036676175969428	0.25925496426950684
0.2004385435417857	0.08453085393955086	0.2447218236552068	0.1708226348135302	0.29948614404992624
0.29307671211205594	0.0881263735627259	0.41269972908690444	0.12630686756893333	0.07979031766938006
0.2666062668540573	0.022853828314074037	0.25505423535434524	0.07392013999784397	0.38156552947967914
0.1600838864612696	0.03751882787494193	0.32356189818392966	0.18959006049666444	0.2892453269831941
0.21463626758572268	0.12470110669684192	0.35982665714018736	0.0669322396077244	0.23390372896952333
0.31148886371975876	0.06001997244174348	0.21245584570161005	0.14887839168995085	0.2671569264469366
0.23820436065646622	0.05465078347847843	0.35402172064616216	0.0852533800194746	0.2678697551994183
0.2940835198403393	0.10704954118158676	0.21788882083887673	0.14313792666025837	0.23784019147893856
0.23410332077305537	0.05614695216865165	0.2720261004624549	0.1299267869480631	0.3077968396477747
0.24139802074172936	0.021801491908791437	0.31648688508286404	0.13984439310794528	0.28046920915866963
0.22266952496105052	0.11451425552235563	0.41654460345897915	0.1634099439108446	0.08286167214676986
0.2670834203768959	0.09710151904853094	0.3829577859105068	0.07668660632173867	0.17617066834232747
0.2644072874038493	0.06136450389371109	0.24451338439336004	0.19186592973779362	0.23784889457128572
0.1666362105681345	0.06453826789108921	0.29148522550403083	0.19821609190736064	0.2791242041293846
0.2139300033280564	0.11447516890617512	0.22152394790551708	0.09956356322986668	0.3505073166303845
0.20860442148322328	0.08404775643261009	0.30870387737642924	0.08751175128117675	0.3111321934265604
0.22731095847821317	0.08128115852821204	0.37949167546527685	0.14441678178661663	0.16749942574168106
0.1628003855157661	0.11999635432649569	0.4045000263354302	0.12775849289516908	0.18494474092713875
0.22182237375985273	0.06756450514106399	0.3867684868004372	0.10940357296322646	0.21444106133541943
0.2195658488000934	0.033718469018547	0.300951603549387	0.12711477562674312	0.31864930300522926
0.1778539780205647	0.10733592755303019	0.38678379462558443	0.1947049673028502	0.1333213324979703
0.28868397190608197	0.09667930586032106	0.2561939218810829	0.09983425077291402	0.25860854957959967
0.30077826463402674	0.1148801569857583	0.23592530569628564	0.15702933893621912	0.19138693374770993
0.16869983458627466	0.030408709786777205	0.37228622067967077	0.1291387860307282	0.29946644891654894
0.26303152014783165	0.022674546267014123	0.275691399701514	0.12649963894261712	0.31210289494102283
0.16603745566211367	0.11361621531718717	0.4014877178117758	0.12379523142648079	0.1950633797824424
0.16101506616170347	0.07591419992069037	0.31010829690895136	0.13320724424819239	0.3197551927604622
0.2618053725547785	0.06817560647972554	0.341977604120399	0.14944935306732243	0.17859206377777426
0.22390860388333889	0.05775877991179065	0.3518393714783884	0.1471812882494442	0.21931195647703763
0.24532273666991575	0.04388437618725097	0.21407801635536744	0.07045047035258883	0.4262644004348768
0.18888174723053774	0.03503088396173931	0.2561742662246252	0.08933544531357493	0.4305776572695226
0.2595749777774836	0.09207562991291149	0.34006157118961255	0.1368035199613042	0.17148430115868787
0.18748449064139322	0.01711147165026805	0.3509342606817652	0.18607314246540432	0.258396634561169
0.18543245346696458	0.07076835604617837	0.23156022233002593	0.10114829783723475	0.4110906703195961
0.2687856633943393	0.05072093761931343	0.30116529786326074	0.19292760570326217	0.18640049541982412
0.16437348578623717	0.04058440690879184	0.21891940518390843	0.17526554012489692	0.4008571619961654
0.24901152519119163	0.09514997348454803	0.2564055972127838	0.19043844063968685	0.2089944634717895
0.2870727624519273	0.11384582507405416	0.3367586840578164	0.10922174237556535	0.1531009860406365
0.20253440039600745	0.08107518958583221	0.21767585890908586	0.15194630325195943	0.3467682478571148
0.18366160806411375	0.06436496713099335	0.3195323846676922	0.18779128968082598	0.2446497504563746
0.1983159764568444	0.02397990812338699	0.33950994516847094	0.08858536895181483	0.3496088012994826
0.24566151237651573	0.09252608313158996	0.3540579561529761	0.12566497938386917	0.1820894689550488
0.26182741647893143	0.06999985414190138	0.3578300509067278	0.17928451244972407	0.13105816602271506
0.23395885931507726	0.10252635162224825	0.36804815377582106	0.10016605919044393	0.19530057609640925
0.27933320619974883	0.09510599686069779	0.27131555101197546	0.1736523180163098	0.18059292791126785
0.2888539846495518	0.10734088708249293	0.30217872482784514	0.08238213940647846	0.21924426403363148
0.2097870536756088	0.059782373728761384	0.4124810827274261	0.12003046102019412	0.19791902884800938
0.31251057522796905	0.12403082685997976	0.2925430420671533	0.1620209187475149	0.10889463709738273
0.30029971940367395	0.055737020177208274	0.36122806254764506	0.17446079740713571	0.10827440046433677
0.2843434727473541	0.05477498504059469	0.32061724725062607	0.1647544036279453	0.17550989133347955
0.26490538033433575	0.029652147329794848	0.2446765812240494	0.07984891361524152	0.38091697749657827
0.19354695515852915	0.027874002474369053	0.24009248326363852	0.0804525198554288	0.4580340392480343
0.2789862943081376	0.08490691035843606	0.32894476642875986	0.1458888350668116	0.16127319383785457
0.19901484169882702	0.09250463279313631	0.23455361703444552	0.19263372520959426	0.28129318326399666
0.22012745153577445	0.11558486896559063	0.39964726557000085	0.09561148167323762	0.1690289322553962
0.21093681209984141	0.046366868764970676	0.30920800627583767	0.10937881377666	0.32410949908269004
0.24302036516830203	0.039487350006034955	0.316736940193665	0.13588896042736692	0.2648663842046308
0.19480549620398613	0.030082035389093403	0.3372639942720329	0.16591467114367486	0.2719338029912125
0.21433172449926088	0.017939674088831764	0.3432988418846199	0.1709774435422657	0.2534523159850215
0.1594354626584218	0.09245975523811882	0.26131765727824674	0.11367066507246588	0.37311645975274654
0.2228792105657855	0.04945443281483278	0.31890530714248255	0.17586974495188484	0.23289130452501408
0.2946306207051119	0.037187956365219266	0.21052860856692926	0.09882441213433936	0.35882840222839985
0.2748007381450748	0.08091524027598344	0.20828036452590573	0.12620100636746695	0.30980265068556884
0.29139580044960534	0.09274596220394528	0.3216003542371406	0.10613565371859444	0.18812222939071407
0.22419195703264488	0.12529789413949902	0.23703130951114015	0.13646865823929055	0.27701018107742514
0.26095488432587644	0.06187530209011716	0.38224886797974644	0.1472824007807968	0.14763854482346295
0.22552156311559124	0.11127683650857396	0.2500499848984798	0.1627148499842628	0.25043676549309196
0.1690812564001606	0.09485483647602437	0.31385290216531503	0.14895557864785025	0.27325542631064953
0.22278237429467185	0.013432592436957602	0.3931497695655562	0.13832562492093858	0.2323096387818755
0.1920954516572067	0.07995781644377228	0.3951192218534069	0.13108058864080957	0.20174692140480432
0.2756325880187839	0.075358671824367	0.22490781285093994	0.11493073121684985	0.3091701960890591
0.17296889053572564	0.11351346187805547	0.22956308159124025	0.12523626219479986	0.35871830380017855
0.28038574124345084	0.08591646866234165	0.36615521972968657	0.18686574578983614	0.08067682457468446
0.3119415507947643	0.030936529900800036	0.38857117971496347	0.0911471472826802	0.1774035923067917
0.18787132411569402	0.05374828228079198	0.23824911396616744	0.132347159686862	0.38778411995048434
0.2690376132178518	0.10933521409520991	0.3547329885214586	0.13116529240510097	0.13572889176037845
0.26776063088105295	0.03270900900820167	0.41239537455855135	0.13317036883126165	0.15396461672093206
0.31197796768031183	0.10754890240786423	0.4074607830795085	0.10824185994039245	0.06477048689192269
0.22721385698121435	0.02639325578621815	0.32644742386009173	0.15274735217622298	0.2671981111962525
0.1993094677634588	0.09225005330520422	0.25379795518680975	0.13839936778603373	0.3162431559584933
0.2990451637537689	0.12396302646390686	0.35123728436784135	0.09883653407401394	0.12691799134046866
0.18766302937266122	0.08173628583468856	0.2272291075407935	0.10664385209118951	0.396727725160667
0.15862291781802196	0.02474365433506323	0.3211263903250434	0.14609648513449525	0.34941055238737595
0.22012426921652758	0.11510705414052697	0.30946037801953186	0.13842500418643328	0.21688329443698007
0.2027835000122275	0.016642161644775444	0.22786241433587937	0.09467181659717962	0.45804010740993784
0.27916411394355073	0.10820190375449676	0.26751633676914377	0.13916356762266294	0.20595407791014556
0.24234344528081703	0.04800942980982606	0.34449722694441154	0.08461138231474731	0.2805385156501978
0.1809022946125914	0.011041885906478394	0.3779742327802527	0.1960416557439554	0.23403993095672188
0.21138944923450265	0.02324346470536995	0.32898377401411383	0.17730074594496734	0.25908256610104596
0.1972838607326314	0.1134314981744932	0.2311967742236109	0.17879643820401525	0.27929142866524903
0.2233102456951505	0.11576268204656767	0.3856723744266002	0.13080543246372997	0.14444926536795144
0.19662632812283176	0.05633634126796236	0.36561221473137806	0.18816936364666811	0.19325575223115948
0.2026655614117345	0.04194434026582769	0.2620423387760674	0.0731761867268122	0.42017157281955797
0.18029260251753793	0.10355673490702694	0.23047713671226727	0.08242617584056061	0.40324735002260703
0.20676198969470672	0.030657692122119662	0.24663440882296667	0.1455220890683292	0.3704238202918775
0.2823358926280076	0.10217367517891007	0.31078545682379544	0.08963517549759004	0.2150697998716965
0.2143747787140636	0.030344550746057325	0.29287902218386364	0.11718463563875875	0.3452170127172564
0.30456777797054035	0.012417395084868638	0.39710835866685695	0.13286253243074303	0.15304393584699072
0.31051451880062547	0.057153262482111944	0.3984482955475108	0.12346921206652958	0.11041471110322185
0.2564090588308741	0.08348228143848586	0.23048371893770386	0.17930376246789428	0.25032117832504164
0.24207780216683553	0.0706963782932167	0.3690725428288543	0.18442407626152763	0.13372920044956557
0.1671682956390606	0.08729552569203368	0.3372879783287614	0.13729873908456114	0.27094946125558295
0.2587590182399199	0.11839279264289132	0.250336407422347	0.18917314210057315	0.1833386395942684
0.16726169377946307	0.04522613438103462	0.22712161941684794	0.08542984284112222	0.47496070958153197
0.29085621320163163	0.08305757434605562	0.25417373484578104	0.1121224488583498	0.2597900287481817
0.18877276952525382	0.04026631378081061	0.2175273162470504	0.11411122316178615	0.43932237728509876
0.2244960897728464	0.029971298842461802	0.2710778336938014	0.07286945210290136	0.40158532558798876
0.20111432787116315	0.11336604365029349	0.33475019100984293	0.14523257568319123	0.205536861785509
0.2896011720579013	0.011959480837249126	0.26394390774880183	0.0826281792114044	0.3518672601446431
