0.42640924054267115	0.3889871349173753	0.18460362453995366
0.18235717516700864	0.3154583957153448	0.5021844291176467
0.3223694629511999	0.34713141157255684	0.3304991254762434
0.3189927837678238	0.5012464498534924	0.17976076637868385
0.11921943042962133	0.26028910945719186	0.620491460113187
0.4030083631703425	0.5224961594741855	0.07449547735547202
0.19734617081738914	0.26569342701361903	0.536960402168992
0.1604555701631975	0.31787804532846065	0.521666384508342
0.40229495798281134	0.4547110131198063	0.1429940288973825
0.4335552074218798	0.28915179897559234	0.277292993602528
0.15606696095835437	0.31855929514919545	0.5253737438924503
0.06759903977887005	0.38732519040610786	0.5450757698150221
0.41646518983039815	0.15007219149531226	0.4334626186742897
0.4489000644123653	0.24640703490825594	0.30469290067937893
0.4263913566446667	0.20488880135769386	0.3687198419976396
0.4185343104482221	0.40777533120613507	0.17369035834564292
0.0757117592771821	0.5237841671190764	0.40050407360374163
0.2403899042153992	0.3797817401556249	0.37982835562897604
0.12457886698993378	0.5258676832282271	0.34955344978183933
0.3837805624533521	0.2964994495387866	0.3197199880078614
0.40550845486990333	0.287118965546929	0.30737257958316777
0.06372460121362089	0.4190497903949377	0.5172256083914415
0.2859118292164408	0.23899990752105527	0.4750882632625041
0.10581232524761247	0.4909360258362761	0.40325164891611154
0.18879465405630075	0.06413718771312843	0.7470681582305709
0.23306630013198842	0.2428012929939033	0.5241324068741084
0.4359372725198605	0.27711667706304577	0.28694605041709387
0.3377797226229181	0.19313663564267447	0.46908364173440753
0.31613561655942846	0.05134579723751331	0.6325185862030582
0.06269274678624831	0.4753708478162102	0.4619364053975416
0.3113211649488531	0.08802773877910264	0.6006510962720444
0.30179931083097356	0.36681569443601725	0.3313849947330093
0.3788691394953966	0.22983054417926696	0.3913003163253366
0.0941328111087621	0.17658592368176862	0.7292812652094695
0.4085710745339098	0.26334602890755643	0.3280828965585339
0.4496858982671342	0.2789284985396341	0.27138560319323185
0.3811173445761688	0.18758316306538936	0.43129949235844195
0.33215364762187716	0.32491507656265245	0.3429312758154705
0.43342768847542645	0.17679181843406858	0.38978049309050505
0.07297825181085715	0.3294199184949731	0.5976018296941699
0.30970495027782974	0.4472645139365799	0.24303053578559047
0.35012443243368907	0.3713007477440015	0.2785748198223096
0.4005389619888825	0.21504578144161873	0.3844152565694989
0.3876330567894043	0.3685893208312173	0.2437776223793785
0.30522797372745414	0.05530492065839626	0.6394671056141497
0.06995535605862224	0.2354057140218302	0.6946389299195477
0.11591995821163453	0.47293698384459043	0.41114305794377515
0.39598354732483554	0.3115857514626183	0.2924307012125463
0.10626048923503434	0.13711250419275567	0.75662700657221
0.17891600509148314	0.3353456314055263	0.4857383635029906
0.14771471551084076	0.5036100726526362	0.3486752118365231
0.16433350056663912	0.34826246217807255	0.48740403725528847
0.046068324637177416	0.07757408437622382	0.8763575909865988
0.16294659218937663	0.04810675352520133	0.7889466542854222
0.34158373505623946	0.18027021090879983	0.47814605403496085
0.30279149864299765	0.23391180241409532	0.46329669894290715
0.08396505736756626	0.24754292470197212	0.6684920179304618
0.2933526910742959	0.4607824969693428	0.24586481195636145
0.43254331037837523	0.09500674983858509	0.4724499397830398
0.30975712979781955	0.04487123166417495	0.6453716385380055
0.08956846759052517	0.2615394623316084	0.6488920700778665
0.371281863262945	0.11704273258354903	0.5116754041535061
0.4525532365089384	0.20667186321296704	0.34077490027809465
0.24195853324049632	0.38397376690236096	0.37406769985714283
0.2466680832675886	0.30045346585996835	0.45287845087244316
0.20965416394060918	0.36289964848324857	0.42744618757614233
0.10262314471051004	0.0519712294664757	0.8454056258230144
0.26603394915320405	0.26143406590020246	0.4725319849465936
0.37548303722854826	0.30458867279106305	0.31992828998038886
0.3735224119250221	0.32213772478020464	0.30433986329477336
0.0934361533708663	0.3337187150820117	0.5728451315471221
0.3455024755502073	0.3820183531878332	0.27247917126195953
0.24743101516469573	0.4403410972771377	0.31222788755816666
0.07291172638944021	0.3526100128850266	0.5744782607255333
0.06804793272578313	0.2274098427989148	0.7045422244753021
0.2674495891622416	0.2940568554728862	0.43849355536487233
0.11596991848164617	0.32227316883015716	0.5617569126881967
0.21332968677771405	0.0517748642207701	0.7348954490015159
0.3952273678182818	0.3203128691199884	0.2844597630617299
0.28945359842684165	0.48641892487660054	0.22412747669655791
0.24345187450190733	0.4310734526258047	0.32547467287228804
0.3193606903869834	0.2969683742902641	0.38367093532275265
0.2833133428003756	0.1496523019594241	0.5670343552402004
0.23854706803128256	0.1302365783709296	0.6312163535977879
0.20753884278192075	0.14377178534162044	0.6486893718764589
0.1695933771116572	0.49874710930283417	0.33165951358550877
0.1390936085736294	0.21335183022420193	0.6475545612021688
0.09441811681757956	0.226342464690497	0.6792394184919235
0.29989301630123677	0.05334735662980761	0.6467596270689557
0.2000829911462775	0.1024224501177487	0.6974945587359739
0.2031291261650888	0.050341931816682006	0.7465289420182293
0.40188486116939154	0.46478007481547456	0.13333506401513404
0.1505773748813457	0.4464540955384505	0.4029685295802039
0.09136317408806155	0.11569465534304593	0.7929421705688926
0.24799207911438903	0.2587781025671363	0.49322981831847473
0.09407371876536394	0.2787895721950979	0.6271367090395383
0.16715960904431215	0.5222151037641697	0.3106252871915183
0.282632850205396	0.05819933976828251	0.6591678100263216
0.3461469334370577	0.07168028218657246	0.5821727843763699
0.3859602408164987	0.10729636926179237	0.5067433899217091
0.3649989510830417	0.3432462838346337	0.29175476508232473
0.3896134748089391	0.12158368982511183	0.48880283536594915
0.3313029019024206	0.22518796230884564	0.44350913578873385
0.31218132794107883	0.4643299057691225	0.22348876628979883
0.35710740538630587	0.06250394898372036	0.5803886456299738
0.18450944970363728	0.333813041920289	0.4816775083760738
0.4472692673048114	0.33682819476066356	0.21590253793452513
0.05254228922982562	0.1401866046753514	0.807271106094823
0.0418596521130995	0.33098574109101975	0.6271546067958809
0.14693910748798814	0.04865259965140578	0.8044082928606062
0.1785909122527503	0.5004842116309202	0.3209248761163296
0.43796823168681914	0.22290111978457966	0.3391306485286013
0.11284580837032376	0.44393850698236537	0.4432156846473109
0.40671003107035697	0.30713428415332944	0.28615568477631376
0.2779891348484843	0.33844979892207216	0.38356106622944364
0.3783679194736227	0.43548317887893384	0.18614890164744358
0.3166961827871748	0.3572885646063712	0.32601525260645414
0.09416949445089925	0.19005881549925913	0.7157716900498419
0.20564183755861892	0.3769188956440521	0.41743926679732907
0.10145018992985028	0.4419389898001677	0.4566108202699821
0.26325128333213443	0.4674017672298083	0.26934694943805737
0.16469159019539487	0.294717714580394	0.5405906952242113
0.10104958495088007	0.1704205511687969	0.7285298638803231
0.14531518598661325	0.2957818542650133	0.5589029597483736
0.12769904574578161	0.11043859425758396	0.7618623599966345
0.30763048169993146	0.23066130994132503	0.4617082083587436
0.42034898481842864	0.30108949175099725	0.27856152343057416
0.44905570704638276	0.19188822417296153	0.3590560687806558
0.3958106759203476	0.3615263698002402	0.2426629542794123
0.36125433902023735	0.23051862019202596	0.4082270407877368
0.23659388204512855	0.17075897004046736	0.5926471479144042
0.23242943246794356	0.12857376119824332	0.6389968063338132
0.27951825450981926	0.23614198138037598	0.4843397641098049
0.38639322217650784	0.11735010005912669	0.49625667776436555
0.11264176829899988	0.18238176481907736	0.704976466881923
0.2574675212797323	0.28685724325189055	0.4556752354683772
0.26328898874226714	0.386423378281918	0.350287632975815
0.3781635180763857	0.44733727293450276	0.17449920898911164
0.08225796907288391	0.12520139007916847	0.7925406408479477
0.1717828764647239	0.10515570251883768	0.7230614210164386
0.12549446670765776	0.450041888999686	0.4244636442926564
0.07366788752595577	0.40938948237266715	0.5169426301013772
0.1271545119903008	0.4247059870070528	0.4481395010026465
0.39036061991951454	0.12573426079985128	0.4839051192806343
0.07461593521054627	0.389245608067439	0.5361384567220149
0.4482541234538872	0.050304870433195314	0.5014410061129175
0.038639027216026745	0.19718895710113116	0.7641720156828422
0.10468857403834025	0.2888145975323964	0.6064968284292634
0.06470488921119699	0.2549557814124551	0.680339329376348
0.2683862851751583	0.32695542244100806	0.4046582923838338
0.4152338858193271	0.2005490745227766	0.38421703965789644
0.37204653979768854	0.20727493181684142	0.42067852838547015
0.15048381377882533	0.15562470082676427	0.6938914853944105
0.2019033688402425	0.38651778812167603	0.4115788430380816
0.3344615015574288	0.45173333648757996	0.2138051619549913
0.23818150564764884	0.085131905339115	0.6766865890132363
0.1691355485347612	0.45989960541920505	0.37096484604603386
0.44839718784364874	0.09738455387288275	0.4542182582834686
0.09524404139509213	0.27515605175811286	0.6295999068467952
0.3911203329050584	0.49951266554795637	0.10936700154698534
0.10410913273351169	0.08130964762055148	0.814581219645937
0.2929027799717622	0.44451908644437454	0.2625781335838634
0.15127796712902486	0.10481553061392401	0.7439065022570512
0.1813491500226176	0.5074224320821259	0.3112284178952566
0.10867565405236501	0.4587575916537321	0.432566754293903
0.3745842413038829	0.30017428840515226	0.325241470290965
0.45613389523148423	0.20045350316741534	0.34341260160110054
0.14659330186748215	0.41377862356117656	0.43962807457134145
0.4052973465635317	0.15822669977045126	0.4364759536660171
0.41104002999692624	0.20088605538781634	0.38807391461525753
0.2545456670781537	0.1650194890852964	0.5804348438365501
0.40680960803271865	0.27273632177719814	0.3204540701900833
0.3501230816590692	0.2575704817459055	0.3923064365950254
0.4051040427235546	0.2695838189089258	0.3253121383675197
0.10446681509404135	0.4819274358701965	0.4136057490357623
0.22282579151368653	0.4837797991097449	0.2933944093765687
0.07255658495509942	0.3892286350153727	0.538214780029528
0.2846314641704205	0.10665540575309543	0.6087131300764842
0.30244169419060163	0.31502382297326786	0.3825344828361306
0.03940214579543988	0.22978449432212975	0.7308133598824306
0.16982810541564375	0.08983607973542893	0.7403358148489274
0.20449566500574243	0.2856443892196634	0.5098599457745943
0.3737472162995394	0.29795157975038555	0.32830120395007517
0.1476768633649837	0.391541138499998	0.4607819981350184
0.3128403229462518	0.2482366660966083	0.43892301095714004
0.18668521994007933	0.04616842295278528	0.7671463571071355
0.3229842891248696	0.34282451888057963	0.33419119199455083
0.3692584228842245	0.06049948274105138	0.5702420943747243
0.3580459271316974	0.5175962845241531	0.12435778834414962
0.37696353932340015	0.5121839822036687	0.11085247847293134
0.2176966735565816	0.12091766433038836	0.6613856621130301
0.1196296994086744	0.06768256395061245	0.8126877366407133
0.27886219933989587	0.453410761842577	0.2677270388175273
0.34677877084655667	0.2588899484321762	0.3943312807212672
0.0881742975959843	0.2853895810597366	0.6264361213442793
0.3309311096716384	0.33128397585185965	0.33778491447650205
0.3191967065592254	0.2160351293867171	0.46476816405405763
0.323358166138395	0.33608673476240675	0.34055509909919834
0.459218444519901	0.15699034758749997	0.38379120789259913
0.12903737039872304	0.12137236791504047	0.7495902616862365
0.2904735564518741	0.4555716318903955	0.2539548116577305
0.2405880369351261	0.16706872712854082	0.5923432359363332
0.420999037365841	0.12500580142798928	0.45399516120616984
0.35536141692853485	0.2728316252971641	0.37180695777430117
0.1717680805840457	0.11019503597404207	0.7180368834419124
0.12834291517310947	0.07421564182407914	0.7974414430028116
0.04329507559633	0.2983724881210603	0.6583324362826097
0.14039805180958986	0.30303204098151465	0.5565699072088955
0.34688717062207053	0.18859861705925407	0.4645142123186755
0.33412866339988717	0.12252292367679463	0.5433484129233184
0.25392936227328017	0.44946226541527834	0.2966083723114416
0.042368620015780234	0.3734261101012111	0.5842052698830089
0.141728151741562	0.09104501531806408	0.767226832940374
0.3906034988190557	0.19782578717153565	0.4115707140094087
0.2157289323377175	0.1659019639087541	0.6183691037535285
0.41480901828150046	0.20776502134768124	0.3774259603708184
0.3397359671144967	0.10268690051744514	0.5575771323680583
0.2665618397807178	0.5202228584147568	0.21321530180452544
0.15480738411959155	0.40681789384711387	0.4383747220332947
0.2879912813958874	0.1089350976214081	0.6030736209827046
0.37818357576684125	0.08641923239593746	0.5353971918372213
0.2708090548631241	0.2775581692287542	0.4516327759081218
0.25265709312810547	0.3915489903604336	0.35579391651146103
0.3434509394357401	0.5100902119206788	0.1464588486435811
0.2673262211917944	0.5042901107378656	0.22838366807034013
0.2178332841327101	0.4066724087777283	0.37549430708956166
0.29841552951616734	0.293021233159033	0.40856323732479977
0.17531966056799836	0.5057434092504621	0.3189369301815397
0.35312306744637445	0.23330549307381415	0.41357143947981156
0.17132521542068538	0.23056542515425604	0.5981093594250587
0.11307040167583035	0.2709462643017614	0.6159833340224083
0.18688596462505516	0.3110730172332566	0.5020410181416883
0.24363493621458213	0.46610416650618225	0.2902608972792357
0.4526454288291507	0.2782346468295572	0.2691199243412922
0.3058320967101603	0.11796142725896572	0.576206476030874
0.34168131612596203	0.08260953163841989	0.5757091522356181
0.2943246029583031	0.4041918187292109	0.3014835783124861
0.41172517842882483	0.28633491722334015	0.30193990434783513
0.12395839139299933	0.13647207112814896	0.7395695374788518
0.2653223042842089	0.4318218316008723	0.302855864114919
0.1490041080394423	0.3269250405347149	0.524070851425843
0.2409066779442167	0.3360596554902673	0.42303366656551616
0.12092276288616396	0.08590713358700658	0.7931701035268296
0.2481636928803289	0.1009342058722702	0.650902101247401
0.0723684919046576	0.44496933464193344	0.4826621734534091
0.28949850653309017	0.31111943578663914	0.3993820576802708
0.07915790645951493	0.28351971936278986	0.6373223741776953
0.37520081463159155	0.4404611922455663	0.18433799312284224
0.07118562212137147	0.35203741213023176	0.5767769657483969
0.24024121827492076	0.34380748149070645	0.41595130023437293
0.1016336991319105	0.38402114110709806	0.5143451597609916
0.055765894892770174	0.2721693223575844	0.6720647827496455
0.33011216096327867	0.3188532715712277	0.3510345674654937
0.07236761167775563	0.25743103498263853	0.670201353339606
0.22677374673863815	0.10451993462527892	0.668706318636083
0.2714017572672447	0.4285607800128698	0.30003746271988563
0.13964413836726977	0.4499034448459841	0.41045241678674627
0.27525330437469114	0.3472356803626714	0.3775110152626376
0.2958122791692128	0.276353426042612	0.42783429478817525
0.197938187703843	0.31868030219760846	0.4833815100985487
0.12616829649376549	0.1623109542189589	0.7115207492872757
0.22597220604882023	0.1804957576026639	0.593532036348516
0.04872653644218217	0.390901091576878	0.5603723719809399
0.16705471290271523	0.48092284354989523	0.35202244354738965
0.26706289680456996	0.3534736235144463	0.3794634796809839
0.41122583435727483	0.3482371728067292	0.24053699283599606
0.1161228156636745	0.5229164312095851	0.36096075312674053
0.1945894609747496	0.25599166394097195	0.5494188750842786
0.31406277573372143	0.06390335967533411	0.6220338645909446
0.1931532214327483	0.44591409355068984	0.360932685016562
0.3647452724467312	0.4090629680121321	0.22619175954113682
0.28108654165401087	0.1175398926756423	0.6013735656703469
0.06366555131780316	0.08516941935652766	0.8511650293256693
0.08293552407138294	0.3351579022927353	0.5819065736358819
0.34527951875769985	0.46680945663982376	0.1879110246024765
0.3402617160024273	0.275718244006456	0.3840200399911168
0.35804010467932557	0.06708245362937254	0.5748774416913021
0.1606577214941132	0.06244867008678279	0.776893608419104
0.3639319935437584	0.4396653851306538	0.19640262132558794
0.045212057928756655	0.4182615719092428	0.5365263701620007
0.29367750819470106	0.17170132930952603	0.534621162495773
0.25508675175273415	0.2799519940580165	0.4649612541892495
0.0611109764526121	0.13122252840463655	0.8076664951427515
0.2586607792786554	0.1290854974591394	0.6122537232622054
0.3237786820488336	0.3415508638191945	0.33467045413197205
0.4257466132348646	0.22710941203182278	0.3471439747333127
0.04875782478364832	0.4501663058362137	0.501075869380138
0.11465721415289698	0.3790139218132292	0.5063288640338739
0.21032337952239827	0.1797264800434798	0.609950140434122
0.32274391985168727	0.24037983075131553	0.4368762493969973
0.07975014421340731	0.08302967515713522	0.8372201806294576
0.24426990133548393	0.5066903071505162	0.24903979151400002
0.05532291782300974	0.2939189026243032	0.6507581795526871
0.14267229459038874	0.42322551196918257	0.4341021934404288
0.31760924007044056	0.2251087337542678	0.45728202617529173
0.11311338070187815	0.11726646464504337	0.7696201546530785
0.19334234449751697	0.4171631711843892	0.3894944843180939
0.040169543982978784	0.10666347619899558	0.8531669798180258
0.053380123020863035	0.33339520143313583	0.6132246755460012
0.43666648668073593	0.295015425031216	0.2683180882880482
0.21719745593274153	0.41148582657257093	0.37131671749468764
0.31377500259229674	0.33558230566619135	0.350642691741512
0.36454817089352975	0.3896113472679137	0.24584048183855664
0.24132588770901436	0.4238329728957573	0.33484113939522847
0.10580698497583926	0.1952239513570831	0.6989690636670778
0.09738022185917328	0.16717182714710038	0.7354479509937264
0.39603463449668685	0.3594844225945409	0.24448094290877234
0.17265377825658212	0.4117794802361539	0.41556674150726414
0.33982886515205457	0.2993046274563538	0.36086650739159176
0.17134721153241064	0.31401924593933916	0.5146335425282502
0.1775074616437381	0.17105112589418103	0.651441412462081
0.1831964310568878	0.14687308789551246	0.6699304810475999
0.34769836363816925	0.2180802140595243	0.43422142230230654
0.23234095990139725	0.1964038671625051	0.5712551729360977
0.21085227465481177	0.4424307941685856	0.34671693117660274
0.4051711491894382	0.13984291723934095	0.45498593357122097
0.40745938112038527	0.050328898390526844	0.542211720489088
0.18159404450881433	0.1505386826253193	0.6678672728658666
0.09551399433415741	0.3365502226378392	0.5679357830280035
0.44765146936968686	0.3633998126658295	0.1889487179644838
0.4303264912883782	0.19932365322548132	0.3703498554861406
0.28907118633983125	0.17865295640104703	0.5322758572591219
0.08441516145938271	0.06854715905961062	0.8470376794810067
0.07765129361087308	0.1305021281234109	0.791846578265716
0.29440015524052365	0.3356011545320424	0.36999869022743404
0.26023533905082463	0.46939149770210953	0.27037316324706595
0.3811171018450516	0.24200184413487263	0.3768810540200759
0.19906844067856305	0.4017871289000136	0.39914443042142345
0.3715547314550801	0.48180978956252163	0.14663547898239832
0.3920062019275569	0.3389605396958166	0.2690332583766266
0.3109065265633716	0.2313444333483572	0.45774904008827133
0.1847825404397685	0.10983664592704934	0.7053808136331823
0.20111825818928752	0.2598237366814602	0.5390580051292524
0.4415542111253088	0.4417028798580129	0.11674290901667844
0.30219681453407793	0.47528813144248394	0.2225150540234382
0.0980840157608219	0.3924980941696439	0.5094178900695343
0.09966364629325247	0.07294572390542892	0.8273906298013187
0.13892947132719052	0.42102072817953307	0.4400498004932765
0.08234470972626978	0.22601802559499218	0.6916372646787382
0.17052166567157157	0.39771957473241915	0.4317587595960094
0.3333724842877969	0.23780948699598992	0.42881802871621333
0.2975697863721412	0.07176967383695909	0.6306605397908999
0.05845107874850697	0.12696188084669568	0.8145870404047975
0.04884545106484761	0.24848092346986245	0.7026736254652901
0.4554384986048362	0.13597693402402616	0.40858456737113774
0.2448692632396242	0.39990658451862576	0.35522415224175014
0.1324732192758592	0.20467097681931343	0.6628558039048275
0.45455433581621496	0.1534921004442126	0.3919535637395726
0.27058614892251964	0.24867455758437185	0.4807392934931086
0.20412257625751953	0.4342692370670164	0.3616081866754642
0.3571391976514984	0.1206824861123228	0.5221783162361789
0.4294311072462623	0.1096027434314947	0.4609661493222431
0.16073938320734227	0.5191493615792232	0.32011125521343464
0.412184569015779	0.5191995030471461	0.068615927937075
0.42149552494300124	0.17343890146003269	0.40506557359696616
0.12701102256251512	0.4768378525440951	0.3961511248933899
0.21524880868030055	0.22019807408342618	0.5645531172362733
0.3777997463729159	0.24216747211086115	0.38003278151622305
0.43645056505016955	0.3900809437495577	0.17346849120027286
0.15174583212714893	0.44638612297597113	0.40186804489688005
0.31773818533711456	0.4190274840690905	0.2632343305937951
0.18133584727551236	0.36405104748161937	0.45461310524286835
0.1317893600776804	0.22374426240076922	0.6444663775215504
0.07776940677368815	0.45483762083042406	0.46739297239588784
0.16519072929770523	0.169762950468199	0.6650463202340959
0.05723814276327194	0.440873093512694	0.5018887637240342
0.20644109819416506	0.09462448807211954	0.6989344137337156
0.3206115188885255	0.06682190874726363	0.612566572364211
0.38882124782466726	0.32462525533423764	0.2865534968410952
0.42695933536132513	0.061194953999557045	0.5118457106391179
0.40893983615817375	0.3931769507776135	0.19788321306421286
0.04403708342695034	0.3132871101235032	0.6426758064495466
0.10810449163042579	0.0708447538325282	0.8210507545370461
0.06945690585244918	0.07616909954418322	0.8543739946033677
0.37669518310028566	0.32478787048428115	0.29851694641543325
0.25886464240401363	0.203781256607397	0.5373541009885895
0.09269430236450071	0.30577519609288645	0.6015305015426129
0.42111335282899764	0.06074714751646915	0.5181394996545333
0.13093478142356285	0.38550389499343957	0.4835613235829977
0.3573808084151388	0.4632839335740119	0.17933525801084946
0.29309764264064947	0.12875312967478827	0.5781492276845623
0.23743164749184642	0.11323879067262266	0.649329561835531
0.31647338859237906	0.1445618362897703	0.5389647751178508
0.3128871980528138	0.18579679283255854	0.5013160091146278
0.2185955567916707	0.09076059705472175	0.6906438461536076
0.25276247436213933	0.39040548687064547	0.3568320387672153
0.18450450182325784	0.1388713480429774	0.6766241501337649
0.4074973057517519	0.21030560213216204	0.38219709211608616
0.20612104260473174	0.18092016026193464	0.6129587971333337
0.10622099914054822	0.40884121656047473	0.48493778429897716
0.3618380801236023	0.4277487152585898	0.210413204617808
0.10336572977095682	0.4316735527005239	0.4649607175285195
0.18852535240525134	0.4460900705925339	0.3653845770022148
0.35422343459357325	0.5213008920421883	0.12447567336423854
0.3129026031354314	0.4080099119527173	0.2790874849118514
0.2988924612013866	0.15651072642472946	0.544596812373884
0.37922951684964834	0.07124866641831762	0.5495218167320342
0.2852919721110258	0.5005150694684082	0.21419295842056607
0.17006499045974055	0.2316012727700145	0.598333736770245
0.10447147427572925	0.09639169457128488	0.7991368311529861
0.3898393132895706	0.2768045262192563	0.3333561604911732
0.2618920136389193	0.2107910022623069	0.5273169840987739
0.34428650056607546	0.3667510839478974	0.28896241548602725
0.12899307090619253	0.17576975825911245	0.6952371708346952
0.35746051276019475	0.1807884130572609	0.46175107418254446
0.27151505407451093	0.3294454843624805	0.39903946156300873
0.2203576364097128	0.3810247678293498	0.39861759576093747
0.45042813485540323	0.1842498403181313	0.3653220248264656
0.12461254857533494	0.44680322238524645	0.42858422903941873
0.42654357925239406	0.044318417922598774	0.5291380028250072
0.34610412485508407	0.49342066412236735	0.1604752110225487
0.2214695068771972	0.12028626322471431	0.6582442298980886
0.32519941381028955	0.1398521273223774	0.5349484588673331
0.1531699628091906	0.1374031059507492	0.7094269312400603
0.08770198100845625	0.36958062687672866	0.5427173921148152
0.0773443124071046	0.2024565892592568	0.7201990983336387
0.43700141987872265	0.17785813617282634	0.3851404439484511
0.36055763980086003	0.43577488842801376	0.20366747177112632
0.2126397941332187	0.3375768750115141	0.4497833308552673
0.09627303068187498	0.0955777014660728	0.8081492678520523
0.35039433052992724	0.08337446032853049	0.5662312091415425
0.08861920284470512	0.19609936019491694	0.715281436960378
0.4021193836957795	0.09141001266938817	0.5064706036348324
0.17537281937357513	0.3958249172142251	0.42880226341219996
0.2789882065922344	0.5272595908801141	0.19375220252765157
0.1280427915816107	0.2869678954156252	0.5849893130027642
0.24522442891678015	0.15536202761258416	0.5994135434706358
0.22318390972483945	0.25635333069419214	0.5204627595809685
0.27631334841602306	0.4473864824274403	0.27630016915653677
0.05672433178335906	0.4689347461371963	0.4743409220794448
0.0386818262559096	0.32286575573628673	0.6384524180078037
0.34478533861669947	0.20342651901485523	0.45178814236844544
0.15299493498413622	0.2038235659780076	0.6431814990378564
0.060804009532171965	0.20768118039716227	0.7315148100706659
0.04135252243439491	0.3000584583210066	0.6585890192445986
0.23402033027177516	0.47509441097809585	0.2908852587501291
0.3867238113361682	0.17929120354937592	0.433984985114456
0.32636386945922313	0.21772835191318765	0.45590777862758936
0.2883750461471802	0.5096478982884981	0.20197705556432177
0.23296014962845002	0.5222255695230589	0.24481428084849122
0.37689032299525627	0.4494353585387409	0.17367431846600298
0.2555026148346493	0.29120554810096877	0.45329183706438203
0.2732765638786874	0.30669341832111996	0.4200300178001927
0.11775129904461007	0.36936955779148123	0.5128791431639088
0.07329214920666188	0.19886039873982647	0.7278474520535118
0.433344020685627	0.15200342380635273	0.4146525555080204
0.30534081161093973	0.24910773334640174	0.4455514550426586
0.11651253877722795	0.13531445869103054	0.7481730025317417
0.2208736553511427	0.16899170297646132	0.6101346416723961
0.31024780399667484	0.09869957577608401	0.5910526202272413
0.13710228718012735	0.3612221772770779	0.5016755355427949
0.3823322758702535	0.1562937657528869	0.4613739583768597
0.3357357096591239	0.29661023758638316	0.36765405275449303
0.29579417540292163	0.44402320384044147	0.260182620756637
0.16309739133102485	0.42005079197454454	0.4168518166944307
0.1787031608759638	0.3486425683638714	0.4726542707601649
0.19337216700638904	0.5120741861979037	0.29455364679570745
0.04468066096970158	0.09012714610710404	0.8651921929231945
0.3658517281270142	0.1426134324606275	0.4915348394123584
0.37182930554728594	0.4449077171474555	0.18326297730525865
0.2573439910865801	0.2881561314426026	0.4544998774708174
0.337283072638864	0.38295153520960873	0.2797653921515274
0.05876988842805786	0.5137590057942457	0.42747110577769654
0.11791573840660755	0.08862638048788557	0.793457881105507
0.16101649522641365	0.3808597683070314	0.45812373646655513
0.1299928399019308	0.08119864342990452	0.7888085166681649
0.3393599479800194	0.3788716770441836	0.2817683749757971
0.18466893548532828	0.0550291223814971	0.7603019421331747
0.4156539835173385	0.2572453837450575	0.3271006327376041
0.4442005317524981	0.46532213809999623	0.09047733014750575
0.4445739668255838	0.36298521166241404	0.19244082151200226
0.2656348784867375	0.5200485240251189	0.21431659748814377
0.2289319893065137	0.5051942701292531	0.2658737405642333
0.38677323206497216	0.3918543203129654	0.22137244762206254
0.22546274121178558	0.20280201087987137	0.5717352479083432
0.4332011770646995	0.4398494776791022	0.12694934525619833
0.3598735542264049	0.39531456155975153	0.2448118842138437
0.32420471564887154	0.16749831845780538	0.5082969658933232
0.15409416860936875	0.40414831938240603	0.44175751200822533
0.24527452201412933	0.501481951234118	0.2532435267517528
0.24771067780909334	0.28011838517728366	0.4721709370136231
0.3971818254340207	0.14326415899879436	0.4595540155671851
0.2813035212940408	0.3635420954002132	0.35515438330574617
0.3656822124761965	0.17899563393830548	0.4553221535854982
0.31956310138030863	0.17630764982489092	0.5041292487948006
0.09457281355941094	0.09363244614163263	0.8117947402989565
0.05396182989126941	0.07803382673283787	0.8680043433758928
0.08222134992082397	0.41923915054668903	0.4985394995324872
0.1602736417975592	0.0632150884063718	0.776511269796069
0.325640313460299	0.42975919494104997	0.24460049159865113
0.2762421781720632	0.15293707797984807	0.5708207438480888
0.2502108038658818	0.4720132593242754	0.2777759368098429
0.3761804563090773	0.4063652511768276	0.2174542925140952
0.19828369639526994	0.2598722422168176	0.5418440613879126
0.39114620906183917	0.3778548891601112	0.23099890177804977
0.4296138226394035	0.4097932769818728	0.16059290037872379
0.35463767291948745	0.1785918917081873	0.4667704353723254
0.08423384411513751	0.2513372689082375	0.6644288869766252
0.4082476936631456	0.10647198212793405	0.4852803242089204
0.3283698202218624	0.37919911000953876	0.29243106976859895
0.3080780836867744	0.29674501700050193	0.39517689931272376
0.33661031784269974	0.0771922370650499	0.5861974450922505
0.2466128146782781	0.15406471814743772	0.5993224671742843
0.17736742072412745	0.45551330313196303	0.3671192761439096
0.3477152081109869	0.08805084326524229	0.5642339486237709
0.26545634754579356	0.46777577062222736	0.2667678818319792
0.347258581505368	0.28343884540373554	0.36930257309089665
0.12775309004854013	0.15551782580538398	0.7167290841460761
0.3158168809975313	0.39306595318169274	0.29111716582077607
0.21978131874887671	0.12397607731016747	0.6562426039409559
0.18234850982505532	0.3748797572139095	0.44277173296103534
0.1988286521669354	0.4011955757444423	0.3999757720886224
0.45862461410124417	0.2922481536364771	0.24912723226227884
0.3091499805318891	0.501785229604223	0.189064789863888
0.2944942105122437	0.23889455756923994	0.4666112319185165
0.21057850433523367	0.40567022186781754	0.3837512737969489
0.4611476190409486	0.3769486751849357	0.16190370577411586
0.08702671557955555	0.2739342909182757	0.6390389935021689
0.4205157428005556	0.4624961037447993	0.1169881534546452
0.056471445936124576	0.06591766568403656	0.8776108883798389
0.1605949321952257	0.2840766772167466	0.5553283905880277
0.4274588287082991	0.30541073114603445	0.26713044014566656
0.3687684963114311	0.49087319098759274	0.14035831270097626
0.1917133548728852	0.2388387322044003	0.5694479129227146
0.041733869357791165	0.2337236556915498	0.7245424749506592
0.1626857605043711	0.506993373055276	0.3303208664403531
0.07416957507014027	0.23978512952777653	0.6860452954020833
0.1031476887116834	0.416573104944592	0.4802792063437247
0.25708422120392227	0.1776091934147563	0.5653065853813215
0.12456658800412146	0.4201168465012053	0.45531656549467336
0.416249708906535	0.46008321756695064	0.12366707352651449
0.3446738943236465	0.45445757884157345	0.20086852683478015
0.4127728426302987	0.4655968358263334	0.12163032154336806
0.37430479554636814	0.27801946258633137	0.3476757418673006
0.25152882669377724	0.4392557434249095	0.3092154298813134
0.3718713924896591	0.38260336663360767	0.24552524087673336
0.15666893666120554	0.0888956644029954	0.7544353989357991
0.42244733848823574	0.34544875395912467	0.2321039075526397
0.2739393459230875	0.15618937783599	0.5698712762409226
0.20990098927925616	0.1631851129977689	0.6269138977229751
0.3249370456690631	0.14709246657073438	0.5279704877602026
0.36495110854614593	0.5145029001475432	0.120545991306311
0.07674644213589443	0.1935143156371622	0.7297392422269434
0.2814103897821668	0.1853248979277793	0.533264712290054
0.31312084172138643	0.13265953036006536	0.5542196279185483
0.4448852848468413	0.22384483809315653	0.33126987706000227
0.13566217028043798	0.3227749836605647	0.5415628460589975
0.3606920111967162	0.37556733620617366	0.26374065259711027
0.14739553890648088	0.05797618657834186	0.7946282745151774
0.45186160410011783	0.4160465764931326	0.13209181940674963
0.16793877213772682	0.3746747510415835	0.45738647682068984
0.26209725028840863	0.17643525964451362	0.5614674900670779
0.2653457333095266	0.36977927332096433	0.3648749933695092
0.3380194139722258	0.2741875242708259	0.38779306175694844
0.2309680122759201	0.4688722373357821	0.30015975038829795
0.41237430107283046	0.3785143526134067	0.2091113463137629
0.45259474449181997	0.1725381892982554	0.3748670662099247
0.04173299747183584	0.41616813206620856	0.5420988704619557
0.3394985347950075	0.3747590317797203	0.2857424334252723
0.38824066228856025	0.15495325705743793	0.4568060806540019
0.23544231516479802	0.2831964056150093	0.4813612792201928
0.18367760427166765	0.3729818123545932	0.44334058337373927
0.03898891234780927	0.07074689006226625	0.8902641975899247
0.3580824173579588	0.4409266220703457	0.20099096057169558
0.26534141065060746	0.23259415499751918	0.5020644343518734
0.2510320656318292	0.2955727252405216	0.4533952091276493
0.23592651293439837	0.29895796237351824	0.46511552469208345
0.11719585629098184	0.23905494377867234	0.643749199930346
0.3976451440726928	0.2672362901268705	0.3351185658004368
0.32090868108762977	0.3182146038598497	0.3608767150525206
0.3714323490189707	0.3033310803288714	0.325236570652158
0.3308736783386016	0.10530445282514003	0.5638218688362585
0.43189928238944175	0.046313134575129145	0.5217875830354293
0.418406188126917	0.2833333305275031	0.2982604813455801
0.21390519338145658	0.09751554978275787	0.6885792568357857
0.19302839990431148	0.2981230118641306	0.5088485882315581
0.06120455368371558	0.06012544265604569	0.878670003660239
0.13499989310455618	0.11387871093936361	0.7511213959560803
0.10845170720908687	0.405895767916348	0.4856525248745653
0.3866997458655241	0.08966366602646253	0.5236365881080135
0.2812490153870263	0.23726680278742374	0.4814841818255501
0.28547060599461127	0.2570388079976855	0.4574905860077033
0.3932821836396503	0.11460667811691777	0.49211113824343206
0.050418934901745205	0.2231595870164531	0.7264214780818018
0.27676700627571993	0.2824231687238678	0.44080982500041244
0.3273882586332477	0.0625889583189364	0.610022783047816
0.10830852871390081	0.42877594954636794	0.4629155217397314
0.16236796087112615	0.22748627663983947	0.6101457624890345
0.09765863417594664	0.3585307372113363	0.5438106286127171
0.3118569283444004	0.17178249526778583	0.5163605763878139
0.3061299662006052	0.15575891648628598	0.538111117313109
0.24389229892595757	0.42250482278605567	0.33360287828798685
0.4263048617749872	0.12873938208130412	0.44495575614370875
0.4316315693598406	0.386809660114318	0.18155877052584152
0.3145693834311569	0.16055554416499684	0.5248750724038462
0.43251498879288736	0.22247891672714354	0.3450060944799692
0.4319149501655887	0.36390587181957773	0.20417917801483373
0.2032662898185541	0.21849152338549294	0.5782421867959531
0.10245626217351697	0.22133863159422312	0.67620510623226
0.3021780385694138	0.3845890933376664	0.31323286809291995
0.15136021766246716	0.29757570701856145	0.5510640753189715
0.1595470728092201	0.25963879396666517	0.5808141332241148
0.12553124472041122	0.04399241672044274	0.8304763385591463
0.30913381483838576	0.05273939401764777	0.6381267911439665
0.2814409785849507	0.21479673301803176	0.5037622883970176
0.16453159684398375	0.43781680337908857	0.3976515997769278
0.19089974261210818	0.283480861101339	0.525619396286553
0.32413340327364887	0.11463152671739674	0.5612350700089546
0.05448974760093739	0.1447043379517164	0.8008059144473463
0.15239025807817108	0.4098267623676132	0.43778297955421586
0.16917155295833003	0.4149981538044197	0.4158302932372504
0.3504744296784542	0.1266237853551018	0.5229017849664441
0.3349309507553743	0.5090518879159341	0.15601716132869164
0.4365237619162143	0.22938698531303825	0.3340892527707476
0.1804276925155775	0.4862027433968858	0.3333695640875368
0.2998934241789981	0.09932561601896275	0.6007809598020393
0.17740945427466584	0.31275524406628646	0.5098353016590478
0.1144128555972389	0.4282859781358608	0.4573011662669004
0.07716280562620464	0.29569290274297677	0.6271442916308188
0.2929311388135542	0.24264914582457847	0.46441971536186744
0.13101987592759948	0.3859421382348191	0.4830379858375815
0.26990748517714214	0.1317826473889607	0.5983098674338972
0.2897161273253346	0.31491131611017736	0.3953725565644881
0.2816671083052391	0.20656970443055983	0.5117631872642012
0.16541143279517642	0.2441570500152508	0.5904315171895729
0.3310000478583363	0.22044772984416242	0.44855222229750136
0.14212661222126882	0.06682077472895048	0.7910526130497808
0.44350181190933713	0.06750284984046884	0.48899533825019414
0.37982173839644756	0.5137209502950353	0.10645731130851718
0.3895926439524791	0.39193631408466256	0.21847104196285846
0.20810104522513578	0.09974854602506078	0.6921504087498036
0.37904373463800045	0.20301339208058203	0.4179428732814176
0.3726793177253238	0.10562384215048093	0.5216968401241954
0.04481389424556781	0.20515225235884038	0.7500338533955919
0.45490641187774256	0.25183173751290405	0.2932618506093535
0.30323324219762154	0.23175733735968548	0.4650094204426931
0.3046785147390163	0.4226555536760163	0.27266593158496755
0.31569849521997306	0.08848393850180172	0.5958175662782252
0.4043510308078616	0.07113093173049678	0.5245180374616417
0.13930689557786835	0.17119075293527902	0.6895023514868528
0.2541651333058116	0.47496548197358335	0.2708693847206052
0.26327267671076693	0.07706410439199357	0.6596632188972396
0.4104556209653453	0.4987929928763223	0.09075138615833248
0.3582229925450156	0.2914443485722669	0.3503326588827176
0.26681931677509274	0.1772124639136018	0.5559682193113056
0.4096394896010206	0.4544054703967029	0.13595504000227657
0.20597304163371566	0.2653965952388755	0.528630363127409
0.3320921190836972	0.4401518674241345	0.22775601349216845
0.40164126753494267	0.2018626904089832	0.3964960420560742
0.3905336204397595	0.22322981014314952	0.3862365694170911
0.2780214134450134	0.06632049811344326	0.6556580884415435
0.3945744586957397	0.5237842947106557	0.08164124659360467
0.43820359338447445	0.3385673651575092	0.22322904145801648
0.4598043628107371	0.48033233455460866	0.059863302634654336
0.4193191135337003	0.39068086351564957	0.19000002295065016
0.05981161247638955	0.164761816457984	0.7754265710656266
0.40311230509202955	0.2776212478337257	0.3192664470742449
0.4231701659492758	0.4180950849345129	0.15873474911621135
0.3679836087270558	0.07772509443868225	0.5542912968342619
0.4294618963554447	0.10521752438694182	0.4653205792576136
0.18877194815389514	0.39904675640878906	0.41218129543731596
0.12592838244124416	0.4278353721919916	0.4462362453667644
0.039735655459786245	0.40233824735152646	0.5579260971886875
0.06228902089180127	0.2597149800418209	0.677995999066378
0.17448184730609037	0.3417861294526855	0.4837320232412243
0.44640044392414435	0.5134884222740494	0.040111133801806254
0.37916299680569876	0.07859483087036762	0.5422421723239338
0.09703975353667302	0.07107542638407516	0.8318848200792519
0.15441614300990314	0.20529624076198666	0.6402876162281104
0.4280276726405968	0.1099215218000216	0.4620508055593817
0.09083355962409806	0.29510514805633864	0.6140612923195634
0.2665559994183036	0.23421673311707988	0.49922726746461665
0.323283791931196	0.48319113326472685	0.19352507480407724
0.42291143570912665	0.476363767783184	0.10072479650768948
0.29344020524503306	0.12330258821711204	0.583257206537855
0.29986611788939943	0.5182829170377468	0.1818509650728539
0.18541845832987763	0.4204802649850268	0.39410127668509576
0.09505969310595372	0.11952084267567631	0.7854194642183701
0.22077854157921153	0.3880495632367713	0.3911718951840173
0.341624942206	0.373654315159864	0.28472074263413605
0.20901708479333134	0.4858095724778707	0.3051733427287981
0.16462231375786063	0.4225313820242931	0.4128463042178464
0.2197859670674686	0.15690321344884434	0.6233108194836872
0.39157438703517267	0.40018947159250323	0.20823614137232424
0.4078734696409523	0.1688240515982537	0.4233024787607941
