0.22279694298806643	0.07816470306202676	0.3105969771836725	0.15545076958253584	0.23299060718369824
0.23777003112178624	0.07577754822591971	0.2957331270818749	0.15785520974469341	0.2328640838257255
0.21834751268274846	0.07069703695923174	0.30302728518823124	0.1695676833120476	0.2383604818577407
0.22251823556825107	0.0686202296777822	0.3077923125368531	0.16008836460095102	0.24098085761616245
0.21707624769400655	0.07438469292940528	0.3025791123723145	0.16604741014879337	0.23991253685548014
0.2375640301220624	0.0707818133197402	0.30104003735760976	0.15834933819367536	0.23226478100691206
0.22740959245224815	0.07580256705266161	0.30152754580953944	0.1664419007978215	0.22881839388772904
0.21842675632331207	0.07262073628036961	0.3219756505511486	0.15590388679538197	0.23107297004978755
0.2341687452704473	0.06814484072358759	0.2952519007096524	0.1681099053429204	0.2343246079533921
0.23461085918531807	0.0735244347336722	0.31484771528937167	0.15623315337528546	0.22078383741635235
0.2278610843370099	0.07163226643958373	0.3250801204105177	0.1493322773653446	0.2260942514475438
0.22722135928871384	0.07841602921340546	0.3097957949903457	0.15997024365035825	0.2245965728571765
0.22440304544588818	0.07186014018700163	0.31944362400003473	0.15726563162945978	0.22702755873761543
0.21999364507054955	0.07463084228083208	0.30399874475498767	0.17045509906794257	0.2309216688256879
0.2351085128027441	0.07402353762454372	0.29829598609915453	0.1612983886978811	0.23127357477567628
0.23807672699074706	0.07852204401846453	0.30731743615381124	0.15757956635368853	0.21850422648328838
0.2259386110137644	0.07129872075451232	0.30718875020321024	0.17213226427093478	0.22344165375757802
0.2148641913847824	0.07514480886926991	0.3060642618758206	0.1630408499017167	0.24088588796841015
0.2385999275111802	0.07780828898489435	0.3053340410579676	0.1573979898197112	0.22085975262624644
0.21730511629330887	0.07490296209841046	0.3022313316579872	0.16818208979614935	0.23737850015414388
0.23499738380844734	0.07671825277160536	0.3037994490966065	0.16145780276440658	0.22302711155893395
0.23089311002414156	0.06787980023638818	0.30669832855796364	0.17057409446413613	0.22395466671737024
0.2361763931464362	0.06960620628502273	0.31399666614579425	0.1601623652892638	0.22005836913348278
0.233633437378099	0.07383924814432824	0.3032121772960577	0.1571429067759871	0.2321722304055277
0.23869487741973297	0.071296993876094	0.3012820085360547	0.14907791381323604	0.23964820635488202
0.22991447455765351	0.0684229000605335	0.3236652309693868	0.15448718939007866	0.22351020502234725
0.22851412120913217	0.07452799345079794	0.30768151472622773	0.15586448344913775	0.23341188716470418
0.22692049033347275	0.07487559908992061	0.29955678631276145	0.16125410519903877	0.23739301906480617
0.21900907195665434	0.07041811417155469	0.3045937769133953	0.17027570591465124	0.23570333104374416
0.2174012186484525	0.06994495909334511	0.3238391636116579	0.1483782975482834	0.24043636109826086
0.23848767888778566	0.07847206850566826	0.29648006233407115	0.15432786523917158	0.2322323250333031
0.22753605634851312	0.07125972248872342	0.3189540436319978	0.14984341517626676	0.2324067623544986
0.22287388278052153	0.07527653665569208	0.3126624342988088	0.15598895348262146	0.23319819278235593
0.22718059435296672	0.06803818685900548	0.32526693679089236	0.1589423229516328	0.22057195904550242
0.2325914392686111	0.07307514670280907	0.3054495181156044	0.16102293397147194	0.22786096194150324
0.22729800302196232	0.07464153057841086	0.3095655538652089	0.1536643778667929	0.2348305346676248
0.21878992013421056	0.07005687785318296	0.31007810194293156	0.16756697599422563	0.23350812407544905
0.23474234392375676	0.07066549279125228	0.29669604470027544	0.1580639204140344	0.23983219817068088
0.23753564012716016	0.06951125028377825	0.30096520403047594	0.15314933359284044	0.23883857196574498
0.21853428449517281	0.07835387930185427	0.2979813959372567	0.16038772639254106	0.24474271387317492
0.2309160299147255	0.07052039810025915	0.29941305899266557	0.17160672150992495	0.22754379148242454
0.22167726034947136	0.0788306608709071	0.30844599367627484	0.16222263795100236	0.2288234471523441
0.2155115553792042	0.07001351051539548	0.31220113154692075	0.16485656635658202	0.23741723620189734
0.21821975151773282	0.06812996330971954	0.3163277465470744	0.17191491908115147	0.22540761954432148
0.23339726539597272	0.07574065760903549	0.31120152757880404	0.1600336990243358	0.2196268503918517
0.23058712137456355	0.07656431207986542	0.31336411005181486	0.15811916517230976	0.22136529132144622
0.23366588020068688	0.0698048031384561	0.30449571490677824	0.1505399646266652	0.24149363712741334
0.21723394630096102	0.0761375115381029	0.30302985468371846	0.16419101041738046	0.2394076770598369
0.21728102622418966	0.06897935779857131	0.31194205180844015	0.15958932726777897	0.2422082369010197
0.22443697824514078	0.068446816862615	0.30977503983350196	0.16544225423231582	0.2318989108264262
0.2163243603863926	0.07790407438703996	0.3029284593985095	0.16075365305889946	0.24208945276915828
0.23290750684488498	0.07148290062299992	0.2966214400362614	0.153697633708401	0.2452905187874524
0.22799758028964112	0.07835373749922857	0.3026789003001066	0.14991795207338643	0.24105182983763707
0.23503165770042703	0.06999815096291301	0.31013013876359113	0.15099599169462097	0.2338440608784476
0.22955172098131554	0.07301709595760988	0.3062044534946659	0.16623304072577047	0.22499368884063797
0.2288241713886694	0.07810829595313057	0.3053760623539029	0.15462165364619498	0.23306981665810192
0.22931308751384386	0.07451117927972797	0.32172384413329097	0.1524381489279945	0.22201374014514244
0.21621114129743094	0.06770848317154218	0.3138873506787237	0.16485958157109526	0.23733344328120773
0.22497310583465374	0.06889514218362977	0.3126406081948801	0.17027153053522878	0.22321961325160733
0.22172255556701598	0.06889375508548276	0.30969544754151096	0.16115788312339577	0.23853035868259428
0.23283967184088408	0.07026564893958817	0.31414769704792966	0.16108777144008393	0.2216592107315139
0.22673329823427651	0.0702612845219587	0.3187365112935139	0.16562242604525576	0.21864647990499483
0.23141458477239174	0.07613319341979456	0.2957702394134074	0.156628722258142	0.24005326013626407
0.22449747430966435	0.0700365018253484	0.31603543465048733	0.16661636475347932	0.22281422446102037
0.21419249423589679	0.07510125641258561	0.3173050263758781	0.1613647134378291	0.23203650953781016
0.22379738617142592	0.07577988537140279	0.31478906203190016	0.14989132354620882	0.23574234287906207
0.22006604714018146	0.07509508381946842	0.3192152735440341	0.1647350654096586	0.2208885300866572
0.22412855404580545	0.0754058633041439	0.3041514854078037	0.16552794409293764	0.23078615314930906
0.22495036347707772	0.07595718747120914	0.30865591645169604	0.16893092436930113	0.22150560823071574
0.22681539816354404	0.07450897640134305	0.30596939550414964	0.1606878003449722	0.23201842958599084
0.22945076350127672	0.07310084913505688	0.31240306345125896	0.16586618764277755	0.21917913626962965
0.2206869524906085	0.07865332020995232	0.3029001390701026	0.16525126775922716	0.23250832047010922
0.22428915725190082	0.07629124382911992	0.3120651001384932	0.1539112388595647	0.23344325992092108
0.21703155362079235	0.07555247311873621	0.3202868955581846	0.15136049802304377	0.23576857967924278
0.23013294720712715	0.07262880658255194	0.30489907783937714	0.16035445659732583	0.2319847117736177
0.21591279266252722	0.0782775623668652	0.2982656963464135	0.1707322667122997	0.23681168191189422
0.23398180125454537	0.07020077566259231	0.30851013172999797	0.15992112421291363	0.22738616713995047
0.2334371124449814	0.06768704687468316	0.31178059317605245	0.15459397849432135	0.23250126900996143
0.2359289874913538	0.0678992511738449	0.31735428778797603	0.15233667433784767	0.2264807992089773
0.22310213172135457	0.07386342193505663	0.30218389147207914	0.1709984503699667	0.22985210450154275
0.2235355557168144	0.07579871264424863	0.3133386601294181	0.16825338514836644	0.21907368636115218
0.22391032497919552	0.07889039530824672	0.31367284285803293	0.15350085430388408	0.2300255825506405
0.2186163233563112	0.06762303844093917	0.31538619299033316	0.16894130659284026	0.22943313861957598
0.22857518374249547	0.07634808546312512	0.3018645007491304	0.16130379874458234	0.23190843130066646
0.23085428691063192	0.07047018160989865	0.32087782642690665	0.15107328432777778	0.22672442072478477
0.21985046049286236	0.07824836144510931	0.3237413225175363	0.15037417781620105	0.22778567772829078
0.22013208815292154	0.07798665866828106	0.32407010824721166	0.1525698714330006	0.2252412734985849
0.2382326060236929	0.07267582421522409	0.29931170002804197	0.1552959693313764	0.23448390040166442
0.22434564815021685	0.07193811575358622	0.3087574287665202	0.1559562371433179	0.23900257018635862
0.2224754700431435	0.07830313768254765	0.304636866505408	0.17266592632867192	0.22191859944022874
0.23180846443606026	0.07594018773624639	0.2964153855105979	0.16391281290314733	0.23192314941394795
0.22478146788632122	0.07855454229021222	0.30462045943891713	0.17171290477563567	0.22033062560891353
0.23456053635182822	0.07375343184356692	0.30611006865793455	0.15633224445960964	0.22924371868706045
0.230890122117322	0.07775223524681586	0.3108301282587089	0.149767140703794	0.23076037367335897
0.22865184613185732	0.07089361657202092	0.30912381409288486	0.17189840348254054	0.2194323197206961
0.23196137575537348	0.0777188243255354	0.31059938802346887	0.14940824975380876	0.23031216214181321
0.21672973826770162	0.06801914896301062	0.31501275995007194	0.1581994030990193	0.2420389497201963
0.2324392676126524	0.07087264587885847	0.31774968698364264	0.1602781008195875	0.21866029870525872
0.23116691975798173	0.07296246259175229	0.3214901503767613	0.15483232202320146	0.219548145250303
0.2232446610099642	0.06757084569537611	0.32504960505820724	0.16402745614098538	0.22010743209546688
0.23510896575445217	0.07158285416991947	0.3038501140600375	0.15781969124660813	0.23163837476898247
0.22280370495241875	0.0763864703137413	0.3058015847231287	0.1541269794421347	0.24088126056857634
0.23614057803275995	0.07286848443689792	0.3007731225452018	0.1518008371092275	0.23841697787591257
0.21647142558474175	0.07237215867507862	0.3020053638317508	0.16614795457311454	0.24300309733531403
0.22211000766231803	0.0756964897127497	0.31669268937514505	0.15217633093846322	0.23332448231132377
0.2278736630217218	0.07410596348012219	0.3157380002868778	0.16155315745067683	0.22072921576060117
0.23077153287988764	0.07297883320865708	0.32113964503854187	0.14904818936578734	0.22606179950712585
0.22732675482156878	0.06995801824452255	0.30910792925062686	0.16534332607885438	0.22826397160442724
0.22815673072058423	0.0780313106768076	0.3047320283402424	0.1562797785363898	0.2328001517259757
0.22259143087015476	0.06886708035100034	0.29931965533421023	0.17195420583162044	0.237267627613014
0.22713222637840128	0.07016549522215298	0.30545257680647997	0.1531550339052028	0.24409466768776272
0.2153442935804774	0.07488251355608405	0.3221270437896387	0.16115142559777235	0.22649472347602728
0.22586859545063842	0.06890169021253748	0.3033065979813929	0.16738212949629222	0.23454098685913877
0.2200566013935898	0.07538781341226372	0.3096707629011902	0.15992156078625458	0.2349632615067015
0.22043930403056125	0.07350170531826461	0.310517116805251	0.16650388494225965	0.22903798890366325
0.2268922882837211	0.06945477731982866	0.30658116994867174	0.16759946734101966	0.2294722971067586
0.2174361297662373	0.07535152752567136	0.31401764356593154	0.1598781242233571	0.23331657491880248
0.2207664285361557	0.07527340549420422	0.3175213087394674	0.16700294426220894	0.21943591296796355
0.2351407368878223	0.0725748251776927	0.3062810786099488	0.16020452477442715	0.22579883455010877
0.2240427057813099	0.068817516011867	0.317636922987119	0.16755162566059068	0.22195122955911323
0.23270474978444933	0.07237050801500172	0.29760999380996533	0.1573789093382851	0.23993583905229826
0.2305075503375078	0.07123039797781727	0.29595669646669376	0.16396313775346036	0.23834221746452056
0.21616859417042508	0.07261069769331605	0.3158338016951898	0.1537407639023595	0.2416461425387093
0.22880147874943293	0.07350668266784549	0.29705437391971845	0.16500347774474197	0.23563398691826093
0.23072937894670129	0.0775098598845186	0.2988468318522856	0.16295665127778286	0.2299572780387114
0.2229911715569376	0.07368133952113634	0.31023918830201846	0.15953994856859394	0.23354835205131336
0.21881354681781495	0.07043619257513245	0.3098109518197627	0.1727178825668807	0.228221426220409
0.22198893584055132	0.06758765443548945	0.32237354829064563	0.14941721810705336	0.23863264332625997
0.23348683302788623	0.06927133433336535	0.3055567289069896	0.15299629904097933	0.23868880469077924
0.21563058604118235	0.07892334134786978	0.31702406058720767	0.15193851550468473	0.23648349651905523
0.21479184625431133	0.07829229122704677	0.31156771012801343	0.166196465857156	0.22915168653347223
0.21907935856928412	0.07311071377413628	0.3180037284497523	0.16005010224518687	0.22975609696164018
0.2269802530468589	0.07486299608092045	0.3171648178149719	0.15298338985029836	0.22800854320695016
0.2186738717999126	0.07293376333965293	0.3160418010256947	0.16117555140306108	0.23117501243167846
0.23214949460824116	0.06825818671637526	0.3077106633186665	0.1594657027026891	0.23241595265402779
0.23397028685193444	0.07851011335118092	0.3092460605905865	0.1552449022200897	0.22302863698620817
0.22253405930365483	0.07234988138697965	0.31278444589081034	0.1525997763945486	0.23973183702400633
0.2270559701277611	0.07337966645530308	0.3198157181791591	0.15032705486528575	0.2294215903724907
0.22997790437963006	0.07789215919220704	0.29900949331115784	0.1500357138709015	0.24308472924610333
0.22482816205294284	0.07083306581838922	0.31653921212930336	0.15681045248851028	0.2309891075108541
0.22111110176524196	0.07704674303613632	0.2972479470594292	0.16414042611089466	0.24045378202829765
0.22759290115753555	0.07319231070678953	0.3143158016640557	0.15914996430526576	0.22574902216635317
0.23357239740027522	0.06888904850290198	0.3192285801522162	0.15921759038599811	0.21909238355860827
0.23617948033281538	0.07137756821358399	0.3134581096743814	0.15377637786112203	0.2252084639180969
0.2290820922333598	0.07057725499109549	0.3068796641934189	0.15456325561274153	0.23889773296938405
0.22629129819064422	0.07830979204857773	0.31216961571629087	0.16017422274006074	0.22305507130442623
0.2146144431391772	0.07355825795223175	0.32281062282465256	0.15697484738944928	0.23204182869448894
0.23037759761060883	0.06774886450655795	0.3014049810539033	0.1589351335144259	0.2415334233145038
0.2197023706581744	0.07448947475579559	0.30279335825881015	0.16357412916730005	0.23944066715991955
0.22527335348739952	0.07186132947402282	0.31767493957678383	0.16341609106863533	0.22177428639315827
0.23816300988227027	0.07668717425779269	0.3054878767344835	0.15264920915114594	0.22701272997430733
0.21561870071305095	0.07199258480505666	0.32042942387898776	0.1691258979550034	0.22283339264790103
0.2163397110155426	0.07593106123089553	0.31218161652033394	0.1521726338111857	0.24337497742204195
0.22568188913607512	0.07609751019951233	0.2990161202108604	0.15572148279975495	0.24348299765379702
0.23235155564858148	0.07899754500132002	0.30858138249767847	0.1534685623168382	0.22660095453558154
0.23189329714115814	0.07625467439328376	0.3086192420363871	0.1559661849569616	0.22726660147220917
0.2260408014342782	0.07210026384062954	0.3166292407042653	0.15666915327494907	0.2285605407458777
0.21934900758809225	0.07421544751391848	0.3185289125982268	0.16746208759504805	0.2204445447047142
0.21423474035835102	0.07255909477038519	0.3073203913028015	0.1723742767400191	0.233511496828443
0.22326375293921086	0.07425980159421483	0.3040448694246024	0.17212405704384093	0.2263075189981308
0.2203172621492073	0.07349937314407123	0.31558120672836315	0.1652432396313991	0.22535891834695898
0.2238863932680359	0.07323928043499711	0.2959090357356873	0.16713199239417406	0.23983329816710547
0.2386180441432272	0.07809320185405975	0.31015243238618584	0.15460968983363282	0.2185266317828941
0.22782855991411996	0.07355655743152414	0.29788354882931833	0.16082113061893263	0.23991020320610468
0.23808914395417852	0.07566518481262166	0.29524983050608966	0.16316362543671958	0.2278322152903903
0.22795207220071184	0.07488976149186732	0.30979464669516055	0.16746533257017332	0.21989818704208675
0.2345296936405457	0.07451638549983056	0.30386218954593897	0.15743553103000638	0.22965620028367814
0.2221576960883785	0.07798916239696886	0.3241940802003299	0.14850443722229037	0.2271546240920321
0.2202257981989436	0.07858066465798924	0.30368197116060774	0.16785439675694186	0.2296571692255173
0.2274286312372919	0.07553033497855705	0.3234411417369503	0.14988317022637343	0.22371672182082705
0.22584990570607552	0.06922699870173346	0.30518650955596666	0.16682378371852974	0.23291280231769435
0.23756293076873072	0.07750603635560557	0.3122025799325224	0.1520271079891243	0.22070134495401678
0.2145186585397499	0.07299283316218394	0.31126827653277533	0.167969518716605	0.23325071304868555
0.21997634441550032	0.06834212025711384	0.30429829634171657	0.172288195627169	0.23509504335850007
0.23164820038419182	0.07550817987445836	0.30224326094024	0.16229869038624875	0.22830166841486077
0.2168009338458612	0.06810838003980374	0.3157730888418771	0.1702919068033443	0.22902569046911347
0.2386260417202569	0.06863830281612265	0.31231931941179586	0.15799934969269053	0.22241698635913382
0.23679946221782475	0.07527782807142168	0.3071005064124136	0.15061617982912734	0.23020602346921232
0.22548887904277076	0.0712301528166725	0.3047018544251405	0.17042670660587272	0.2281524071095433
0.23561918809364077	0.06844459917724907	0.2998218176740002	0.1580262168129296	0.23808817824218015
0.23133308926415586	0.07889343766553573	0.3119394401030108	0.15851930484492743	0.2193147281223699
0.22962717205946795	0.07095219026687324	0.3120524509223319	0.16472295086977762	0.22264523588154905
0.22568294199333697	0.07053844422623018	0.30758122502920954	0.15666859753363507	0.23952879121758802
0.2247955256011594	0.07665404125187873	0.31650483852451244	0.15426804719495288	0.22777754742749629
0.23677161345226655	0.07184719249350593	0.30446234577845555	0.14930926959381968	0.23760957868195204
0.2181906229791819	0.07766857048086756	0.29630955483371046	0.1637871416837198	0.24404411002252
0.23318304661544986	0.07467735687760294	0.3120207282895239	0.15783067486960614	0.22228819334781696
0.2241033523472235	0.07501411747086474	0.30831598082636974	0.15402820436506648	0.23853834499047533
0.21666252915133696	0.07516373279557423	0.3051215540258436	0.1732925449090117	0.22975963911823324
0.2228303207499832	0.07549319731595387	0.3145824522855155	0.15359584322462835	0.23349818642391884
0.23185134773407226	0.07054867126768818	0.29960393288046017	0.1716253208983841	0.22637072721939505
0.219578407509568	0.07533197496151839	0.30003193073319123	0.16739937029345056	0.2376583165022716
0.2225870951361358	0.07172208352484674	0.303741457020634	0.16078089946288845	0.24116846485549479
0.2248390763630386	0.07783583828113148	0.3032840341663099	0.16040293476800704	0.23363811642151272
0.22048029877976927	0.0726899335596839	0.31717648077785465	0.15619120226440936	0.2334620846182826
0.23063414265724158	0.07513372322809118	0.3182690816529529	0.15333122205070163	0.22263183041101248
0.2243110826050415	0.07009490948586633	0.30016699910206307	0.1646594718500488	0.24076753695698005
0.22252802330041052	0.07235711816976037	0.3136602362382792	0.15594582326896955	0.23550879902258007
0.22739027156838237	0.07536725099742744	0.31120537350346533	0.15342720875608262	0.23260989517464198
0.2329540781146997	0.07355723512593249	0.29773382931889103	0.16919484182194958	0.22656001561852698
0.23145974938125938	0.07364824456597341	0.322416351141325	0.1536241756705631	0.21885147924087883
0.2291318767902952	0.06926464715414504	0.3250050425195894	0.1520219071068706	0.22457652642909953
0.2268564494129013	0.07351911663523569	0.3024888356206116	0.15350631119764643	0.2436292871336048
0.2385962979820444	0.06969721670315038	0.30977045680562276	0.1540542608135669	0.22788176769561533
0.2372678399788944	0.07523754862943496	0.3062075460782856	0.15370277913651126	0.22758428617687357
0.21500460402867763	0.0749794905716431	0.30967007941305014	0.16170823002372509	0.23863759596290382
0.22414610318962114	0.07041127587185686	0.3117654224228448	0.16899930171967703	0.22467789679599995
0.23767189595940752	0.07807943709233961	0.30308668308549447	0.15382527224098858	0.22733671162176955
0.2218326035629124	0.07623526971438614	0.30551816655413505	0.17004009575227166	0.2263738644162945
0.22589109569168458	0.0788593897472521	0.3131450571997496	0.154836138586722	0.2272683187745915
0.2331837100524433	0.07701817530021474	0.29568746233154564	0.15439535737389265	0.23971529494190347
0.2274617841610436	0.07708063750397279	0.3066667131744791	0.1505743146923374	0.23821655046816698
0.22060319346577623	0.0732036669261815	0.31083076132527115	0.16652607706584385	0.22883630121692705
0.23256471465601897	0.0707468704036317	0.318082516206077	0.15954980314845452	0.21905609558581754
0.22259097462346072	0.0760146274869479	0.31031314366904933	0.16235448117625131	0.2287267730442905
0.21850029173099758	0.07795380362693095	0.3094502883087677	0.14906708527930146	0.24502853105400205
0.22553998776234704	0.07762904797457713	0.32440588033171447	0.14954433531189149	0.22288074861946963
0.23115060163272763	0.07003973911898442	0.3114017304663433	0.16489760549332932	0.2225103232886151
0.23298299951925497	0.0784287136817928	0.31537172726578977	0.14948694201924873	0.2237296175139135
0.22127838419325818	0.07215369262605312	0.3208144377607824	0.16130733743375059	0.22444614798615553
0.22297467304718627	0.07730144716905478	0.3042494369353029	0.16012986331299323	0.23534457953546262
0.21882955847410182	0.06862359177755983	0.32096255563844805	0.168897489997737	0.22268680411215303
0.22807534824677902	0.07380876822387264	0.31279808463282577	0.16033189182300153	0.22498590707352079
0.23412461432462003	0.06907021946325737	0.29563191322960913	0.17011008592311175	0.23106316705940153
0.23105812838438156	0.07498343650449499	0.30795080217143556	0.1629472227421574	0.22306041019753026
0.2166386762311623	0.0781386594033989	0.3034922275599858	0.15889792047736184	0.2428325163280909
0.23061594701786978	0.07357209958649633	0.3042376542547152	0.17293232918589058	0.21864196995502785
0.2253470509056919	0.07016311584892909	0.31184042990860117	0.16573563020150933	0.22691377313526823
0.21849192067403914	0.07829612816902062	0.29915316987264734	0.16118322569865412	0.24287555558563856
0.21797302270495356	0.07221688537564952	0.3115110304100458	0.1540843371638696	0.2442147243454813
0.2346725741474449	0.07753966433581816	0.302512196974567	0.15323924269353634	0.23203632184863338
0.2347064772270659	0.0677159993824357	0.3053944960022593	0.1680604985358817	0.22412252885235717
0.2177859473911746	0.067780577244139	0.30623391617354057	0.17273325049724167	0.23546630869390395
0.22792601344621782	0.07535810728120855	0.30408677204519635	0.15487818498432457	0.23775092224305244
0.22402416618541682	0.0736314763154462	0.29773973495491285	0.16842129559563568	0.23618332694858823
0.22611960526189773	0.07419464491497399	0.3219009351647065	0.15908344418245388	0.2187013704759676
0.23516225798682375	0.07411189681231176	0.30196755510936735	0.16705496255184354	0.22170332753965333
0.22387527408528626	0.07402831866202259	0.3065009858190033	0.15200720987472494	0.2435882115589627
0.22245602334155695	0.07229358633217173	0.3139398243896391	0.16736547490022294	0.22394509103640906
0.21812267466962496	0.07118633380304618	0.3136390835800348	0.16121296969638776	0.2358389382509061
0.23103231134969965	0.07233825674383171	0.3215663803648681	0.15191859656933185	0.22314445497226842
0.23569924501621684	0.0729865055308074	0.31223735585956147	0.14883771859926187	0.2302391749941522
0.22806139024858565	0.0752899397361394	0.31372128590882076	0.1567759995173526	0.22615138458910133
0.21894403933043027	0.07823320117976992	0.3185670689238935	0.1618775391425774	0.22237815142332862
0.22824472948171667	0.07463291723388207	0.30203628505832497	0.16212425615520892	0.23296181207086708
0.22548313180484833	0.07635158765390854	0.3177507037382713	0.15881012097961203	0.22160445582335958
0.21749362881512574	0.07504324039374427	0.3174747684397284	0.1504510924551837	0.23953726989621762
0.22180216610084924	0.06782020806696698	0.31158026264558836	0.16947601815207833	0.22932134503451684
0.21708672252269262	0.07796028225748453	0.29898362510953075	0.16619149575145822	0.23977787435883363
0.22507667963609523	0.07094862251156758	0.324024450801512	0.152165758481102	0.22778448856972303
0.23160611979213325	0.07037842303619174	0.29571453989152996	0.16540806091733404	0.2368928563628108
0.23868637938317572	0.07256164368844101	0.309460712837946	0.15104863561263146	0.22824262847780555
0.23470716072394923	0.07266882118171791	0.29761531454184514	0.16440492335826698	0.23060378019422048
0.23019244218745413	0.07758745542269546	0.30374986227808043	0.1544117515385919	0.23405848857317782
0.23659558224145283	0.07841230511696222	0.3094814233615395	0.149798033214804	0.2257126560652412
0.22362273941657682	0.0702904854630731	0.2982668755680883	0.16458156011138722	0.24323833944087436
0.223854599413488	0.06911886558102329	0.31051591061270434	0.16999299107234567	0.2265176333204385
0.21828854061201436	0.07418421857240212	0.3170125866942333	0.15750725167677954	0.2330074024445704
0.21476251283710424	0.07512831218323782	0.3246084677278864	0.16003420787695483	0.22546649937481655
0.22268525912894932	0.07431502178734134	0.3102886208931028	0.1711942086881711	0.22151688950243525
0.22001068802465137	0.0693265863103204	0.3206705038094378	0.1669488943557833	0.2230433274998069
0.2252903387863	0.07807408190177609	0.2986993905996284	0.16968326896381672	0.22825291974847853
0.22407961786582906	0.06789212969009473	0.3040848961371383	0.17281836591988134	0.2311249903870563
0.22378142899851539	0.07493683644543744	0.3002619696271982	0.15786565408361822	0.24315411084523053
0.22637508786369293	0.07489264712400573	0.302423471880953	0.1544027203515648	0.24190607277978332
0.23256264228866477	0.06814745127241836	0.32293355742412233	0.15510389435125285	0.22125245466354146
0.2338442366182098	0.07582124466263146	0.2951613296092047	0.1537281369733864	0.24144505213656742
0.23279388591552536	0.07723673253158313	0.3131011851084878	0.15537122115909333	0.22149697528531018
0.22301287900583422	0.07525928652201459	0.31708971711127354	0.15095107082186196	0.2336870465390154
0.23638774520569605	0.073299460965292	0.3129158093845474	0.15483525071994558	0.22256173372451873
0.223104673240577	0.07838497069712719	0.3091060205485362	0.1579930126138115	0.2314113228999479
0.23383896902020618	0.06803043920810323	0.3044732330069987	0.16205600947236098	0.2316013492923307
0.22253287663564264	0.07383541380916295	0.3212667462388715	0.16268540084589755	0.2196795624704251
0.22596856358591452	0.07033871428700192	0.3142874636347974	0.15081651118999295	0.23858874730229296
0.2299400892725521	0.07336626076409034	0.3038692667846461	0.16190420521818172	0.2309201779605295
0.2334855412535509	0.07263949201096082	0.29817265407331806	0.16486730171070588	0.23083501095146405
0.23450716172901073	0.07305852007820388	0.31193443683444655	0.15193190567843506	0.22856797567990356
0.21722094117079932	0.07749205716658945	0.30883816091356875	0.15346186031196835	0.2429869804370739
0.21962720649808976	0.07170901492717627	0.3004933298865426	0.16837987583150144	0.23979057285668975
0.2308472440216024	0.07118977762380169	0.30834209735946916	0.16783930875121456	0.22178157224391198
0.2323492784596195	0.07821092676336218	0.2952440973420728	0.1661719665703467	0.2280237308645986
0.21835090986325276	0.06873819848214166	0.30719889053164107	0.1667832023741737	0.23892879874879056
0.2192352013732205	0.07890108633465705	0.3147808181170265	0.1686005232356246	0.21848237093947112
0.21638492425142616	0.07505041115543444	0.3039543361556279	0.1603313237471816	0.2442790046903297
0.2211398431172478	0.07186986304742118	0.3003909930343167	0.17323960811817082	0.23335969268284326
0.23128686955866404	0.06933888324456	0.30387584823682745	0.1713884003410272	0.22410999861892109
0.22069880195310887	0.06828916650122344	0.2967133921505725	0.17020058248365413	0.24409805691144082
0.22169545942395927	0.0761848971044621	0.31385980047598694	0.162506917216463	0.2257529257791285
0.21682680314382416	0.07313750919663806	0.3130653455552374	0.16240673355387247	0.2345636085504277
0.22070854212237745	0.07843858585856942	0.30155693269622014	0.16201586440965565	0.23728007491317715
0.23226454908660865	0.07098705424011828	0.2971320813323223	0.15440299193862478	0.24521332340232577
0.22875850012698826	0.07251633624006712	0.31486615500688475	0.14910804838372974	0.23475096024232994
0.233568902323091	0.06870968198506769	0.3181418507258267	0.15317211291308067	0.22640745205293372
0.22738560676055486	0.07289266959548066	0.3208707884909645	0.1580170889366656	0.22083384621633415
0.22375730379501435	0.07709957940585851	0.31857060469462906	0.1547660464386505	0.22580646566584728
0.21583792228122325	0.07487868648302129	0.3146611176854301	0.17017572044518103	0.22444655310514408
0.23568671498315358	0.0742439565233074	0.29596380089874413	0.17062382242844865	0.22348170516634602
0.22764260657956456	0.07770682774997698	0.3237100343077009	0.15075835115832134	0.220182180204436
0.23016111481869864	0.0704359185923416	0.2993648657375876	0.1572428305354452	0.24279527031592674
0.21457858023620077	0.07349937042788479	0.31639225547433414	0.15793900671671487	0.23759078714486523
0.23386670768361548	0.07814724216336916	0.3134999605641572	0.15507164651203875	0.21941444307681915
0.2365377279936198	0.0677337864003722	0.3087005956366264	0.1601306555239876	0.22689723444539378
0.21875036488973926	0.07744238603596018	0.3032041121967155	0.17122329805889394	0.2293798388186909
0.21499436509014425	0.07061683032911631	0.31830004505101406	0.15375604592213327	0.24233271360759187
0.22411919287106205	0.06790479594908352	0.3112349990804337	0.16072053731731506	0.2360204747821054
0.23814500423258228	0.07307117190916254	0.2990541382419709	0.16974159646107861	0.2199880891552054
0.23468247995498476	0.07220144338001439	0.29740156231554327	0.16406884208667064	0.23164567226278665
0.2328301917404768	0.07661490992007677	0.29579642653095184	0.15102716861536059	0.24373130319313374
0.21523047276619348	0.06777344034368465	0.30830737042235873	0.16999705505386858	0.2386916614138943
0.2303105181015369	0.07048713256831399	0.30882877971797523	0.15052296457548045	0.23985060503669317
0.21626237759153155	0.07360591617622722	0.31872884972270704	0.17154539903690474	0.2198574574726292
0.21521436386170156	0.07683803262595726	0.3232237779175986	0.15845112264994365	0.22627270294479868
0.21575524995495363	0.07529242393041276	0.3198218310610629	0.1487012938672354	0.24042920118633512
0.23761460520235045	0.07367814398316938	0.30380413529756567	0.14919201631484758	0.2357110992020667
0.23550716192015947	0.07007068890234197	0.31050438633486616	0.15759810493837995	0.22631965790425218
0.21588371459999559	0.07531679036318634	0.3075370373233368	0.1682685687896167	0.2329938889238643
0.22113064098114957	0.07548396613048676	0.3127703944967522	0.15325752170860785	0.2373574766830034
0.2362354837258474	0.06886383841651611	0.2994407811373894	0.17131152411527034	0.22414837260497653
0.21802113659495564	0.07115297989802247	0.30520283434856943	0.16934037035154273	0.2362826788069095
0.2309728621982879	0.07553931289161353	0.31729620731621727	0.14932781992901695	0.22686379766486414
0.22192919590700927	0.0723208793945295	0.31304573742643355	0.17039178082123915	0.2223124064507883
0.21880377333670362	0.07371537676807266	0.32147483745226435	0.15657585343402813	0.229430159008931
0.21755197288129657	0.07368625378977811	0.3153699371043567	0.1731720870207789	0.2202197492037895
0.23010441459240802	0.07654445036672879	0.31247607949794187	0.16077735725168424	0.22009769829123682
0.22266550934870072	0.07382305716135965	0.2964395340910264	0.16525380604339052	0.24181809335552248
0.2224532066607255	0.07157941516559752	0.31106829380498724	0.17054970741925676	0.2243493769494328
0.21857681026629225	0.0728019105396048	0.3156953122615189	0.1483484482530645	0.24457751867951932
0.22383005313777318	0.07175588324274798	0.2978892559685429	0.16930335406792357	0.23722145358301217
0.22282589599438649	0.0761093410541237	0.3105539973590696	0.16860254891342313	0.22190821667899685
0.21994220537767187	0.07660634325723666	0.3191843079893436	0.15564609051881328	0.22862105285693438
0.23271052618748764	0.07047941542984182	0.321775897556133	0.15281315604558776	0.22222100478094958
0.2385041365360993	0.06804395879036174	0.30425080459175435	0.1643562583891494	0.22484484169263494
0.23461682211965576	0.06870811679379255	0.29721969816356475	0.1626463889539511	0.23680897396903564
0.22072593495008075	0.07747728861136116	0.325412988078979	0.1552746872381648	0.22110910112141405
0.23228906200829946	0.07729385761193217	0.30154186588783594	0.15997087337015167	0.22890434112178054
0.23098124537354736	0.06758152227432418	0.30619868785260235	0.16248832294271043	0.23275022155681538
0.23755791672469434	0.06956794590886231	0.3151635117410675	0.15848277054480792	0.2192278550805677
0.22017112760943042	0.07400990537866659	0.32521832364734027	0.15999002238544213	0.2206106209791204
0.2276897163059992	0.0693641908950525	0.30979645981633297	0.16298688017302554	0.23016275280958956
0.226312120067173	0.07215032398657106	0.31188506430934054	0.16819045501183094	0.22146203662508418
0.21545403566721597	0.07455719059686805	0.30403315018870986	0.17063210323291256	0.23532352031429335
0.22438674454111626	0.0684046763179744	0.31174002163987186	0.15222819082795977	0.2432403666730775
0.23153436019308146	0.06912561890965749	0.32034085207504137	0.15221085096064718	0.22678831786157228
0.23453101331048293	0.07890625027193889	0.3016581045751885	0.14877854529990156	0.2361260865424879
0.2386840681119951	0.06850980800238357	0.3062575013257222	0.1498709196100341	0.23667770294986476
0.217888922723151	0.07804886400790208	0.3202942330577064	0.1601862914902669	0.22358168872097342
0.2239594063156465	0.07058459528837796	0.3206135760712175	0.1643137039575541	0.22052871836720372
0.2288275816234638	0.06966759091091931	0.3086171216937982	0.15390397205955902	0.2389837337122594
0.22949265280093273	0.07328331784481912	0.31163364446434416	0.16360061110764443	0.22198977378225937
0.233731366928894	0.07879048181299463	0.30687207173822667	0.15819167700754383	0.22241440251234063
0.23273305955757154	0.07788976033996052	0.2956187208223099	0.15348632714086335	0.24027213213929444
0.22291480965979893	0.07148415454150317	0.3020622773074943	0.15832664615802758	0.24521211233317575
0.22394395835610684	0.07271798182700126	0.2973168909400309	0.17142612604381127	0.2345950428330495
0.22053974457278044	0.06784800993093759	0.3102537370632633	0.16329059359369003	0.23806791483932843
0.22663407224924914	0.07195621586982753	0.3090483752108635	0.153921165345695	0.23844017132436462
0.22647608854899703	0.0698156578451952	0.3235477511225957	0.1560517435080198	0.22410875897519203
0.21698703942329317	0.07718843047660472	0.3068503121734748	0.17319150920971083	0.22578270871691625
0.23368866763351268	0.0777025061495858	0.30418702941952314	0.15440033810349413	0.23002145869388402
0.22789788078526727	0.07141205740842699	0.32414824686811206	0.1487812416282234	0.22776057330997004
0.22524869190818067	0.07384225158827804	0.31045237772728707	0.16774039188313805	0.22271628689311596
0.22750121294073777	0.0765395719256656	0.30007902882129	0.17089967591954977	0.22498051039275657
0.2239295676717093	0.07511543605480636	0.3019644415279602	0.1607457052022499	0.23824484954327402
0.22646634709163732	0.06779813429594048	0.3154091085799337	0.16882801017654528	0.22149839985594297
0.23154706905271955	0.06857363569067554	0.3094398734275675	0.16323444371827928	0.22720497811075785
0.23732708455073076	0.07154957981149623	0.2994176597847308	0.14984943110085605	0.24185624475218592
0.22587044543788548	0.07665878963337062	0.30002441633834764	0.17107875598585504	0.226367592604541
0.22803116559737188	0.07107964639305328	0.310888063719095	0.16699841837081977	0.22300270591965984
0.22696441849950505	0.06812371792088692	0.30705463904754093	0.16291652225100664	0.23494070228106023
0.23326442297052555	0.06831387193885063	0.3004761305860999	0.17000533216408545	0.2279402423404382
0.22368882304613405	0.07177841194702253	0.31593897715247354	0.14864495758151863	0.23994883027285102
0.2283190408712978	0.0722584339080703	0.30868328285727814	0.15887900576486372	0.23186023659848984
0.21432604349183404	0.07903234450139343	0.30329515688537534	0.16518590013051587	0.23816055499088107
0.2148467533674114	0.06925455413872997	0.3141029304174346	0.1595988768218176	0.24219688525460625
0.21934196735694356	0.0689464495902827	0.3083017424621214	0.1616670515751183	0.2417427890155338
0.2143104268537352	0.07537317487759802	0.3190173064004042	0.1682577626350199	0.22304132923324244
0.21691039294154435	0.07101464250245715	0.29978913484012915	0.1675024544221469	0.24478337529372218
0.2188416102329364	0.07286350335228131	0.31867525375095773	0.1642850062272716	0.22533462643655272
0.2179810211456456	0.07486526231209406	0.30718175149920646	0.16657724455784273	0.23339472048521093
0.2250618546006876	0.07043820810374093	0.31502930710852084	0.14811981676484193	0.2413508134222085
0.2220866453913069	0.06811843209194268	0.30412172021964423	0.17272528171248333	0.2329479205846226
0.2267530946897834	0.06778904958296642	0.318288005061428	0.16484285972652718	0.22232699093929473
0.21486411679461645	0.07174253484670998	0.310555827901583	0.1596951600690992	0.2431423603879912
0.23525377174216044	0.07088209414292748	0.3038227290008077	0.15098276962148344	0.23905863549262074
0.21435574915009956	0.07391920351310294	0.3086732841893034	0.1671794696857566	0.23587229346173727
0.23065456594188166	0.07426786005700214	0.3001928719310992	0.16054659007367014	0.23433811199634658
0.2286461561975458	0.0789434297952949	0.3040961137054881	0.15877186420568842	0.22954243609598252
0.2297049924080931	0.073659558998899	0.30498057883255447	0.15795133324153104	0.23370353651892214
0.226676548077342	0.07296358501803682	0.3026585009126487	0.1577669800801329	0.23993438591183938
0.23305101028797126	0.0770176630438837	0.29641424372545594	0.1527188924915711	0.24079819045111778
0.2258870341250554	0.07419885940769727	0.3125078443662182	0.14822217403327706	0.23918408806775182
0.22986598500182234	0.07094760340095907	0.3023909634116233	0.17078028588396033	0.22601516230163474
0.22711215589554964	0.07117604654760032	0.2954049285192363	0.1643487734985919	0.24195809553902164
0.2357561362252333	0.06786727256691916	0.3123171292759753	0.15083389724544718	0.2332255646864248
0.21938330080504076	0.07552546636784524	0.2965425694082723	0.16870091728387632	0.23984774613496515
0.21616602061158435	0.07154875255111512	0.315474932831908	0.17261992435185955	0.22419036965353278
0.2233407337287885	0.0685474264127017	0.31244487633119744	0.16682619362473816	0.22884076990257396
0.23434320325980232	0.07137359451562603	0.30868438622202776	0.15548403780081432	0.2301147782017293
0.21786483388012218	0.07763005743852165	0.3211974747380116	0.16280378876336235	0.22050384517998198
0.22636330419586437	0.07774117241188733	0.309543772754652	0.1569281551748834	0.22942359546271265
0.22919651842346137	0.07526888727919659	0.3120759557823677	0.1643630368527811	0.219095601662193
0.23697176216760152	0.06801528785068775	0.2979943255558735	0.1688482230945978	0.22817040133123914
0.22488127461035565	0.07566832865693904	0.3167760547129289	0.15508552629800107	0.22758881572177514
0.2308139721587855	0.07121257551269769	0.3102781033656687	0.1596878485488687	0.22800750041397919
0.22363755018876985	0.06790409627643712	0.31229140861947224	0.16181444410110243	0.2343525008142181
0.23863464585962746	0.07668165940051978	0.2997710946183594	0.15934553776642202	0.2255670623550711
0.23147757183227888	0.07552684241003747	0.3003940467455224	0.15546224233088152	0.2371392966812795
