0.11184763435208958	0.00785959530733528	0.005796499386559531	6.052117756963349E-6	0.024568906668829354	0.0061873451400239615	0.0066174021607301875	0.007045460082221733	0.3456354699372751	0.48443563484717833
0.11184671753474958	0.007859719172460658	0.005796467536972119	6.0396873042406485E-6	0.024568041559295484	0.006188189796319674	0.006618233207367624	0.007047506045484278	0.3456359350893908	0.4844331503706555
0.11184624183113566	0.007860379598757739	0.005797653604420028	6.050448251332385E-6	0.024570659742328957	0.006187865225758649	0.006617930774923203	0.0070472901698919455	0.34563573011824533	0.48443019848628693
0.11184583304467664	0.007860270602325359	0.005796642218504233	6.0515710368358455E-6	0.02457265239281131	0.006188154225502951	0.006617514950939221	0.0070474013716239625	0.34563553191042345	0.4844299477121559
0.11184446715537458	0.007859949152728557	0.0057985988149932555	6.0432272414173704E-6	0.0245778111904688	0.0061897751845909205	0.006617127759178193	0.0070470523890807935	0.34563304477969226	0.48442613034665116
0.11184716613674595	0.007861495602736815	0.0057983075680937	6.053530888908143E-6	0.024575566058783554	0.006188077031509337	0.006617813970666672	0.007050843107422836	0.3456311754416878	0.48442350155146435
0.11184334087203461	0.007863150061405186	0.005803985040899948	6.0485337300547615E-6	0.024569814014307467	0.006187023952508933	0.006621012746483287	0.007052011042781872	0.34563262892678714	0.4844209848090613
0.11184574408327315	0.00786049822080992	0.005802933404221916	6.049208711833565E-6	0.024572653185136503	0.006194315398778016	0.006617831259575255	0.007050703129821423	0.3456300445810723	0.48441922752859956
0.1118415784667024	0.007862046836799724	0.005808660436554008	6.04628289530007E-6	0.02457061006206103	0.006194094015979729	0.006617672843372932	0.007049333738019803	0.3456298639591746	0.4844200933584405
0.11183635402124928	0.007864319985252055	0.005810022503582035	6.041832324388263E-6	0.024564343755233198	0.006198513490455415	0.006621995241873346	0.007049038493837395	0.34563338915903863	0.4844159815171542
0.111837187951566	0.007860063747080037	0.005810959002163607	6.045265991433402E-6	0.02455765689998128	0.006201281838003309	0.00662309630989813	0.007047505007568733	0.3456351838647734	0.48442102011297405
0.11183944622985806	0.007861834944914423	0.005812397122994542	6.053982172085637E-6	0.02455712259784519	0.0062011919632452145	0.006621975604562305	0.007051381018630162	0.34563342018753007	0.4844151763482478
0.11183723875560792	0.007861763025714008	0.005819392663214545	6.046729765812886E-6	0.02455723090863196	0.006196582695192521	0.006627233781986791	0.007058640710259911	0.34562618451347604	0.4844096862161505
0.11184489726049238	0.007865203834920134	0.005811598820449973	6.0477344332871E-6	0.02456342610038205	0.006198094356807571	0.006629386815496532	0.0070567475841805255	0.3456172648893905	0.48440733260344704
0.11184794223504392	0.00787805899708055	0.005810304754835335	6.046344200330567E-6	0.024559071085344913	0.006189967930330123	0.0066291006832934485	0.007054403941328002	0.34561845447192513	0.4844066495566183
0.11184779719017186	0.007878537313916023	0.005807448219858943	6.041621361155269E-6	0.0245575914574723	0.006189183476285373	0.00662779462370594	0.007054566018944941	0.3456190070060136	0.4844120330722697
0.11184681710479802	0.007878278093350746	0.005808494692839936	6.039915079178448E-6	0.024560527507965127	0.006187759341322194	0.006628685501552781	0.007050239843238007	0.3456226032104568	0.484410554789397
0.11184607143981526	0.007871586846858736	0.0058110037008652915	6.05250070401242E-6	0.024562253236157044	0.006189563361999981	0.006628867277704481	0.007052901091035749	0.3456272262822181	0.4844044742626413
0.11184463651309227	0.007873000361492605	0.005812401413578361	6.046481936472503E-6	0.024558173727569646	0.0061902608366613265	0.006631160874480624	0.007051398716884261	0.3456284457346649	0.4844044753396394
0.11184181277132477	0.007872899418333662	0.005812863885310382	6.046192414316254E-6	0.0245627089664351	0.0061888011004312266	0.00663337606799988	0.007050419119137091	0.3456280915289782	0.48440298094963524
0.11184060796174004	0.007875504141905118	0.005812096176485371	6.042961873065078E-6	0.024564300969931757	0.00618783074419145	0.006632703845137172	0.007050742175713401	0.34562719429540784	0.4844029767276147
0.11183708030608422	0.0078745354466348	0.005808424859881034	6.047755362947882E-6	0.024568603703003553	0.006187338605710593	0.00662908432591626	0.007050000939937365	0.34563526621690227	0.4844036178405669
0.11183428532774854	0.007873539354666795	0.005807396896609182	6.047286144741926E-6	0.024570301878287418	0.006188104887838164	0.006629106021147593	0.0070523469590421245	0.3456330946012706	0.48440577678724484
0.11183712194994914	0.007888951362950827	0.005804278050997855	6.052693546268473E-6	0.024548453733170147	0.006191108950432622	0.006656116489852704	0.007050845968697317	0.34561193660779466	0.48440513419260833
0.11184034611598496	0.00789255196022677	0.005810834702092718	6.048475868783432E-6	0.024547665322733267	0.006186855915936901	0.006647274854501908	0.007051347198158989	0.34561407204885664	0.4844030034056389
0.11183964119570046	0.00789200122334685	0.005809933102374987	6.046649985824715E-6	0.0245532981373075	0.006187749791272235	0.006646643271086328	0.0070513370640938045	0.34561012244900147	0.4844032271158305
0.11184468019265216	0.007887803595058043	0.00581148409816741	6.050681793504098E-6	0.024549969256646945	0.006192780334025608	0.00664609012139121	0.007046740897286588	0.34560924230081286	0.4844051585221656
0.11184451908690238	0.007885595131095727	0.005809470867739044	6.041463012460002E-6	0.02454885769521535	0.006191512720859896	0.0066438241150570815	0.007049560001579011	0.345610131014553	0.4844104879039859
0.11184553939661666	0.00789370876774613	0.005805865216005943	6.045871441054396E-6	0.024549913184283387	0.006194436363721606	0.00663725219109329	0.007046861320970113	0.3456146472480954	0.4844057304400263
0.1118369307163815	0.007891742760647205	0.005803654933665095	6.046448678506677E-6	0.024549629075171248	0.006200407584496095	0.006620780294861239	0.007057622337915917	0.3456112067270732	0.48442197912111007
0.1118408337936279	0.007893176237479413	0.005798571276786249	6.052899838057679E-6	0.02454496385745296	0.006206292686244591	0.006620701549296934	0.007054634885940811	0.3456152097282079	0.484419563085125
0.11184675007520455	0.0078951770774153	0.0057977937591327244	6.0447922445305835E-6	0.024542876750687226	0.006203834407429359	0.006618883795465352	0.007056159994200131	0.3456127541451624	0.48441972520305837
0.11184695294565873	0.00789629481075188	0.005798230965110979	6.053806068231915E-6	0.02454355239403766	0.006203518660288218	0.00661861098386228	0.007054651666198161	0.34561345035006164	0.48441868341796207
0.11184757735736932	0.007897340500986949	0.005799961284467192	6.040959695988168E-6	0.024545781108898712	0.006203029881892599	0.006620732694885043	0.007053089168706658	0.3456103829187674	0.48441606412433014
0.11184362736876857	0.007891492317942367	0.0057966241361617765	6.040693559861143E-6	0.024552120719279244	0.006204905861051019	0.006617863956905667	0.007055763411900479	0.345621352980736	0.484410208553695
0.11184289571385803	0.0078976382039022	0.005798449326279556	6.040009382660139E-6	0.02454499919397464	0.006210726645044948	0.006620383645068881	0.0070557296855130736	0.3456201530901674	0.48440298448680863
0.11184018722908332	0.007897233457904898	0.005796636407818051	6.04880382933104E-6	0.024544186632427564	0.00621375373928669	0.006622080389192195	0.007057685115436127	0.345615012704891	0.48440717552013085
0.11183694363648859	0.00789455341673699	0.005797940569206447	6.041247286106555E-6	0.024546691299569837	0.006211515026167083	0.0066203897110773124	0.007059384472495239	0.34561673140344074	0.48440980921753163
0.11183807911589921	0.007883809659441604	0.005814696354186882	6.05499696031131E-6	0.024564490691397184	0.0061936259379520575	0.006633108414023939	0.007055773694517153	0.3456293635063488	0.48438099762927267
0.11183922516658018	0.007884764679772796	0.0058108334894460545	6.046317049299144E-6	0.024567391973434494	0.006193055238590428	0.006641422577132031	0.00705735391879217	0.34562255329913866	0.4843773533400638
0.11183676349451037	0.007882299649213581	0.005813738858544068	6.044621664258454E-6	0.024567249776938957	0.006190436184689882	0.00664088304746302	0.007060491846103148	0.3456277180463468	0.4843743744745258
0.1118379963452015	0.007884451999473685	0.005808977487779171	6.053483722748276E-6	0.024572441029335576	0.006189976156710894	0.006643868704739847	0.0070616790204482555	0.34562469063881956	0.4843698651337687
0.11184085019460771	0.007881642371295655	0.005807081359575181	6.043759474855248E-6	0.024568971098582484	0.006192095827385086	0.006645465166487882	0.007062707330883294	0.3456247430846921	0.4843703998070157
0.11183377405778107	0.007885391225099472	0.005801688031535843	6.044666844409741E-6	0.024570132725058605	0.006195201357436633	0.006642863494458431	0.007057994056424086	0.3456352985846134	0.4843716118007481
0.11183043542399579	0.007884540137819168	0.005804316091742798	6.050504806023871E-6	0.024568163972504276	0.006196144577445412	0.006641962298063478	0.0070588087312356	0.34563391544834016	0.4843756628140472
0.11182869707623887	0.007881736105801493	0.005805548054962986	6.043957312115711E-6	0.02457083729998924	0.006197137288779825	0.006641645591586004	0.00705415648353773	0.3456346861441821	0.48437951199760954
0.1118276104266531	0.00788328554988968	0.005804737953924999	6.047777288187284E-6	0.024569412021548956	0.006198320247533418	0.006643736090131663	0.007054573189277297	0.3456331621686134	0.4843791145751392
0.11182318817973749	0.007893995166700099	0.005803347571829667	6.041705734413649E-6	0.024566532431752094	0.006192868219856859	0.006650230166220059	0.007071734906538049	0.34562524130779104	0.48436682034384015
0.1118244742829935	0.007890933964050953	0.005803028034881433	6.054395981544558E-6	0.024568716924274633	0.006191280204035879	0.006653450516660123	0.007071367110528401	0.3456257723735181	0.4843649221930753
0.11182377413236576	0.007906534545329844	0.0058013651688700735	6.047067943007467E-6	0.024575891650730583	0.006192996157329808	0.006647501390401003	0.007053724329726327	0.3456343114204591	0.48435785413684446
0.11181807701471656	0.007900562754241183	0.0058035618202152	6.0395229010690166E-6	0.024584017571271058	0.006196802411755159	0.006639598315477238	0.007057152874916026	0.34563422286342027	0.4843599648510862
0.11182036759161572	0.007898479174345566	0.0058031461523652544	6.0520132545704985E-6	0.024583043288143355	0.006196545761478378	0.006640881185590419	0.0070582172513593555	0.34563406650938294	0.48435920107246433
0.11181488889925423	0.007899693066544464	0.005813436107736478	6.055178668348815E-6	0.024574851564521313	0.0061987235933143175	0.006631646581419778	0.007058494341354762	0.3456257996204255	0.48437641104676077
0.11180399382152262	0.007907919328168075	0.005819365830899467	6.054572710231798E-6	0.02457023832644334	0.006198989363853227	0.0066312802848388225	0.007060249194433876	0.34562061875662997	0.48438129052050016
0.11180309286744326	0.007906547079237158	0.0058173377100993046	6.0406732526052664E-6	0.02457048211312869	0.006191553895726579	0.006631465591724367	0.007070527905216048	0.34562161129900404	0.4843813408651678
0.11180952420336994	0.007907605090687622	0.005815809431929664	6.050851961064696E-6	0.02457312150775233	0.006188187718386404	0.006634592121515015	0.00707045978502692	0.3456166722109013	0.48437797707846963
0.11180829891381026	0.007905190029697057	0.0058054840874907365	6.043254736576298E-6	0.02457561886257495	0.006203617518437787	0.006645675415573454	0.007067875666993573	0.3456183389120888	0.4843638573385967
0.1118089574848415	0.0079051087906397	0.005804799537480573	6.051430061007612E-6	0.024576225059792053	0.006201832848843611	0.00664738547933115	0.007068145816663415	0.34561798978377745	0.4843635037685694
0.11180358688456325	0.007904270495727589	0.005806271539795585	6.050772313748176E-6	0.0245771227183353	0.006201996405310675	0.006645277234381686	0.007072725153644571	0.3456201300098217	0.4843625687861058
0.11177735459243081	0.007893205534726402	0.0058266867428554275	6.044809791286299E-6	0.02458942633329926	0.006194645693799974	0.006635701231252442	0.007078330628129112	0.34562692764297887	0.4843716767907363
0.11179231200077043	0.007876222074403333	0.005831015695579117	6.0439767039510706E-6	0.02456803859944262	0.006212199204091398	0.006639589789268499	0.007073030687278298	0.3456291578892985	0.4843723900831637
0.11180790040488528	0.007873451901699982	0.005830702434500887	6.0411673582366765E-6	0.024570749516883345	0.006193685109780092	0.006636214023050008	0.007085588302225068	0.34561666307488337	0.4843790040647336
0.11180642332722136	0.007876096976713182	0.005829749006180926	6.0549889576017035E-6	0.024571202951614177	0.006193300987656705	0.006636463900125442	0.00708212614365937	0.34561354479028805	0.48438503692758317
0.1118028630736367	0.007874349328025873	0.005826384916221353	6.051932696163331E-6	0.02458370185101659	0.006199978270324244	0.0066240371515136065	0.0070937736267634305	0.3456021219229444	0.48438673792685744
0.11180107258192114	0.007872193994626173	0.0058264236566625965	6.046490595421061E-6	0.02459227424721208	0.006189776735429073	0.006626490133194357	0.007096005406115366	0.3455998400947771	0.4843898766594666
0.11180444710527195	0.007871450147255779	0.005837723682126636	6.0540477364728895E-6	0.024595260896110985	0.006194305534820407	0.006624555974773003	0.007097890358925427	0.3455856687120759	0.4843826435409034
0.11179862341386265	0.007862759984905474	0.005845225026875844	6.049423708576196E-6	0.024599048720336233	0.006201142329253256	0.0066180299503618145	0.007101101256725931	0.3455876334308309	0.4843803864631393
0.11179873850622417	0.007861924134417123	0.005844573205039547	6.051226758410633E-6	0.02460488430126101	0.006198197835785305	0.0066204273749042725	0.007100773958519158	0.3455869366354276	0.48437749282166326
0.11179350327668204	0.007869679683513639	0.005842701999927993	6.050251692854558E-6	0.02460707858531029	0.006201068670899659	0.0066173677159613725	0.0071021895171320265	0.3455898511319227	0.48437050916695734
0.11179395187246337	0.007866765665983225	0.005843614619696055	6.039731725956954E-6	0.024602569625691267	0.006201010562935025	0.006622119428167428	0.007106020251124154	0.34558771925862053	0.48437018898359296
0.11178639485556394	0.00786703721271928	0.005825544686921438	6.054209045786019E-6	0.024613254468626902	0.006197955598233704	0.0066314748392547335	0.007113784166991419	0.3455858382120208	0.4843726617506218
0.1117634522495031	0.00789086514609516	0.005811818890954487	6.04327785813652E-6	0.024601301137694015	0.006209822894553407	0.006684314913530526	0.007091499786000141	0.3455904192251612	0.48435046247864977
0.1117547069952427	0.007896011553265983	0.005805290046479963	6.055343069175101E-6	0.024604515515271805	0.006212425575432681	0.006691297917167868	0.007081851488204491	0.3455876014035215	0.4843602441623438
0.11175080273363697	0.007891867864601942	0.005806632302185644	6.050583198080606E-6	0.02460094668308302	0.00622369823620246	0.006692421034448157	0.00707824530708645	0.34558446183246894	0.48436487342308826
0.11174418391242488	0.007902743106923321	0.005807809303771949	6.050173589150498E-6	0.02460516613490714	0.006219481967569884	0.006695308326801791	0.007079994695844402	0.3455731014605676	0.4843661609175997
0.11174074491648461	0.007909184955834883	0.005808893307398796	6.0390911637425715E-6	0.024596766298894387	0.006220414778559752	0.00669124179562397	0.00708291805617281	0.34557579864001714	0.48436799815984977
0.11173815955336495	0.007906623017387648	0.0058215431159740205	6.0535148739548905E-6	0.024585788573451547	0.006218165605510695	0.006706065029606134	0.007068701087032031	0.3455836112044213	0.48436528929837763
0.1117338148632089	0.007910048698790167	0.005830429924482294	6.042799055416825E-6	0.02458297259792122	0.006212706345448807	0.006713171290703715	0.0070631089343259346	0.3455785257738209	0.48436917877224245
0.11173738943894909	0.007914914608720014	0.005851769887911085	6.049370367244844E-6	0.024582360930691702	0.006206340524886042	0.006710277793900918	0.0070483619513334594	0.34556805248690975	0.4843744830063306
0.11174119097765804	0.007912663951971502	0.005850982319407685	6.044230998175637E-6	0.02458266061446375	0.006201959943988297	0.006709150212281911	0.007048387905128822	0.34556992151823174	0.4843770383258701
0.11175481394186716	0.007917868235564562	0.005818858611829514	6.047638855227744E-6	0.024582185821443683	0.006198644818237009	0.006692506922975738	0.007045638556488459	0.3455766607944635	0.4844067746582751
0.11175326847417709	0.007916299897238008	0.0058200756078966714	6.044345545810903E-6	0.024581070737742947	0.006199822907465735	0.00669486783504919	0.007050577822794862	0.3455746575751636	0.48440331479692605
0.11175145356109094	0.007914413689719901	0.0058172793213358	6.044057287407645E-6	0.02458315103036343	0.006202532928566679	0.0066945674853328835	0.00705087454184293	0.3455740207825636	0.4844056626018963
0.11174378882374898	0.007893913736638405	0.005807886547600283	6.041128522635275E-6	0.024587721818535815	0.006213779245621026	0.006699478377055132	0.0070558940894187155	0.3455756799722165	0.48441581626064245
0.11174658592471154	0.00789994353452421	0.005806628629117114	6.046561723677124E-6	0.02458668158719597	0.006212749849349358	0.006698717764014095	0.007055468429237974	0.34557130347294107	0.484415874247185
0.11174170592462548	0.00789033655583761	0.005800364355046883	6.041167666767655E-6	0.024593071698305907	0.006214054392897711	0.00669536961484947	0.007063533345091522	0.3455732448890414	0.4844222780566372
0.111741219350861	0.007894366931086125	0.005805174658735715	6.041906372267203E-6	0.024593466212151666	0.006213399316944659	0.006698403487174764	0.007060056244004423	0.34557060117429533	0.484417270718374
0.11174482787989429	0.007894816246664146	0.005803179147442036	6.0455432565748035E-6	0.024593672208198553	0.0062122914527900225	0.0066965167436775636	0.007062241665505384	0.3455724777881951	0.48441393132437616
0.11174954765922476	0.007896782889561277	0.005802406536861274	6.054676243830159E-6	0.024593299343841094	0.00621077206530618	0.006694829760301252	0.007060147029533309	0.3455715127771383	0.4844146472619887
0.11174851707513814	0.007899383752541886	0.00580262691951651	6.055205264657304E-6	0.02459627245540849	0.006207003645531298	0.006698621547000974	0.007059061718762874	0.3455730435523347	0.48440941412850036
0.11174723569412419	0.007898276623262895	0.005806278782840998	6.039941434873852E-6	0.024596499888343004	0.006209997075318718	0.006697760489331558	0.007057627622610488	0.34557281507130416	0.48440746881142904
0.11172656146664756	0.007906004959461144	0.005799721906982747	6.052643193837914E-6	0.024602604493253313	0.006219319907272425	0.006705914562653237	0.007048919990775254	0.34556397091690905	0.48442092915285123
0.11172583864154037	0.00790444572048453	0.005800470936901017	6.047305144793458E-6	0.024602703358542796	0.006222394071374079	0.006704304421469742	0.007051935825468855	0.34556374573108073	0.484418113987993
0.11172933851966878	0.00791271968951307	0.005800383990321817	6.047900704242437E-6	0.024602339322139427	0.006218870122283199	0.006712146726929366	0.0070512519082992775	0.3455537529740477	0.48441314884609304
0.1117256623083064	0.007916471271936426	0.0058042077990417	6.049926361648139E-6	0.024596618250914234	0.00621933969017574	0.0067048179423544185	0.00705078957691746	0.3455571568965768	0.48441888633741503
0.11172792333545958	0.007919484417057601	0.005802991962668744	6.051362681544492E-6	0.02458084220637581	0.006216180224942039	0.006696503971348036	0.007060588846837454	0.3455630529049573	0.48442638076767186
0.11172544406764078	0.007899402589621796	0.0058112919343428215	6.052444211285257E-6	0.02457310935379349	0.006198809325602683	0.00670159632047182	0.007074316460052771	0.3455756688367313	0.48443430866753107
0.11172008779891673	0.00790465597765691	0.0058146179369877316	6.049523124648792E-6	0.024575039985536173	0.0061977859290276716	0.006700534171211775	0.0070714626971474515	0.3455772123024305	0.4844325536779603
0.11171591897443203	0.007915433317071993	0.005818591398273551	6.040847428709362E-6	0.024578459530313082	0.006194304043018198	0.006684846164547856	0.007078317225908168	0.3455816596204546	0.48442642887855175
0.11171530839904074	0.007919469780434396	0.005819024549063981	6.053374831602176E-6	0.024565806130847648	0.006202484495651972	0.006691065256163267	0.007070202435962597	0.3455838621282753	0.4844267234497284
0.11171688223938646	0.007931412212886263	0.005819625022543545	6.0413677343829075E-6	0.024563361172151146	0.006200777393109064	0.006684124557545301	0.0070655993143932255	0.34558012659544685	0.48443205012480356
0.11171594251934656	0.007932116476640452	0.005819744315280415	6.042716947304849E-6	0.024565837305051214	0.0061997166943122545	0.006684352721458009	0.00706249526476517	0.3455826729271155	0.48443107905908295
0.11171980758483127	0.007938376837306929	0.0058162980223079724	6.055349461450699E-6	0.02455831396176196	0.0061980397185213	0.0066744309549445074	0.0070713892676756845	0.34558839681712566	0.4844288914860633
0.11171963771549218	0.007941254005127227	0.005801568369327478	6.050726269121731E-6	0.024572615346232105	0.0062017128359381085	0.006666167406498821	0.0070655659537788434	0.34560112036911567	0.4844243072722204
0.11171141077003949	0.007931136293159752	0.005809365218116966	6.048811592579417E-6	0.024564782188858728	0.0062058013782713	0.00667352172160722	0.007072952098825622	0.34559823239212806	0.48442674912740025
0.11170690945223796	0.007930379799670442	0.005804882303654224	6.05106726173088E-6	0.024566481389058148	0.00620923646171849	0.006685587733959747	0.007071151706221274	0.3455915685208173	0.4844277515654006
0.11170387307614367	0.007931467858365696	0.00580860896314149	6.047427755104251E-6	0.024564225038631357	0.006206659422831148	0.006690054778869789	0.007070677690688157	0.34559144265585373	0.48442694308771983
0.11170785852822447	0.007927609845884559	0.005812800425200715	6.053855821197551E-6	0.02456749419803926	0.006207634892020919	0.006690085892018041	0.007069334088206591	0.3455880311474613	0.48442309712712295
0.11170492644308797	0.00792850430650463	0.00580917075678497	6.040459983702728E-6	0.024567011678146206	0.00620338403699254	0.006691784990538838	0.0070749262774336685	0.34558699341817556	0.4844272576323519
0.11170228279270342	0.007924721544936356	0.005812030710128896	6.04527258865617E-6	0.02456537073918791	0.0062048582289616905	0.006692828729405839	0.007077027337812916	0.3455868780258172	0.48442795661845695
0.11168662980149863	0.007925301470916732	0.005823665883129672	6.051885820160252E-6	0.024569605785507	0.006191826420001115	0.006709004380451147	0.007071899502167481	0.34559067306505503	0.484425341805453
0.11170692280787474	0.007919558587202474	0.0058283437925961135	6.043918641951418E-6	0.02455616110284281	0.00618876621475703	0.006708845013218001	0.007068570505574856	0.3456010320764304	0.4844157559808616
0.11171868555071285	0.007915135869647441	0.005823054331482905	6.040081874561509E-6	0.024564804610385335	0.006187456221577986	0.006707113795952596	0.00706676649843907	0.3455920429132065	0.4844189001267207
0.11172041409301768	0.007917255135588913	0.00582123316757531	6.053384465132261E-6	0.02456198360389812	0.006187053724053537	0.0067076910472878	0.007063834538473826	0.3455937342818959	0.48442074702374366
0.11172015160056536	0.007912126711229123	0.005821801663498896	6.049194817045467E-6	0.02455926976418417	0.006196853792840837	0.006703045498615223	0.007063387969565779	0.3455886656372267	0.48442864816745684
0.11172162081680995	0.00791266085318787	0.005821765781777899	6.048312878342843E-6	0.024561221061219995	0.006195771979906672	0.00670496459643681	0.007063797316427145	0.3455860418084197	0.4844261074729355
0.11171899644182458	0.007915307889781481	0.005820740178008599	6.039360184645348E-6	0.024559946995608886	0.006195851392804944	0.006707170772978374	0.007062733690607587	0.34558833135975014	0.4844248819184506
0.11171569422208674	0.007917948586885548	0.005819229599857367	6.055138534147297E-6	0.024563338605603835	0.006198526759680037	0.006708934219041063	0.0070603789400848355	0.3455888324820856	0.4844210614461407
0.11171191064717871	0.007907877705166363	0.005822246221547464	6.048094101526735E-6	0.024560997838566023	0.006192306516917892	0.00671471080506357	0.007064778255316581	0.34559882608110665	0.4844202978350352
0.11171709633914552	0.007905394351832143	0.00581919719448519	6.052581132190427E-6	0.024556486563615226	0.0061884637774242	0.006716724927233894	0.007068408747191321	0.34559990252380557	0.4844222729941347
0.11171237443207963	0.007909292946397473	0.005822199497710331	6.051354047284518E-6	0.024553026643454892	0.006187382306636596	0.0067162159102425595	0.00706162481523194	0.3456072366889593	0.48442459540523986
0.11171201402514451	0.007907406263028008	0.0058219162719304746	6.041731971592745E-6	0.024555645959388528	0.0061872019460216116	0.00671733828794932	0.007059673526628105	0.3456058807479463	0.48442688123999145
0.11171994083498633	0.007907270504270841	0.00581910767630732	6.053932334770806E-6	0.02455768725242262	0.006192731033133253	0.006711531485125363	0.007050196678080864	0.3456013426930162	0.4844341379103224
0.11172471489954262	0.007901090948337602	0.005819721419103724	6.043382379694595E-6	0.024563983953713328	0.006188064502367863	0.006712006876714083	0.007047500359564529	0.3456022891020558	0.4844345845562206
0.11172979634238688	0.007905841334376787	0.005812579547213717	6.046247487484502E-6	0.024569825684005425	0.0061932524497348845	0.006710464411324224	0.007047603864204596	0.3456038481867663	0.4844207419324997
0.11173251164897625	0.007904896346399945	0.00581177929852901	6.043599470914596E-6	0.02456768557716725	0.006192218274865449	0.006709956617433205	0.0070491492518683085	0.3456040136583576	0.48442174572693203
0.11173816190441706	0.007902910252775217	0.0058014509447309875	6.047358149727233E-6	0.024570072949721924	0.006197535301054574	0.006713702515821013	0.00704714643986025	0.34560013116238425	0.4844228411710849
0.11173636250529015	0.007906279847179468	0.005801455815320503	6.04410109590614E-6	0.024572550983858174	0.006196774755664283	0.006711833856983082	0.007046103399127743	0.34559999415092946	0.48442260058455117
0.11173632265604107	0.007908168435770094	0.005802312626511721	6.050343007421577E-6	0.024575717722923218	0.006194072675356391	0.0067106545294877	0.007045559438706786	0.3455983438193646	0.4844227977528309
0.11173755943903003	0.007902395501865445	0.005802329037293788	6.039827201584358E-6	0.024575852945125487	0.006190799675691028	0.0067149913368340225	0.0070466673329556695	0.3456015992289711	0.4844217656750317
0.1117376380797419	0.00790382177254742	0.005803074693439797	6.0502640992499135E-6	0.024576065983348022	0.006187183583201916	0.006717745779986212	0.007048403412392823	0.34559984882618294	0.4844201676050596
0.11173769434875164	0.007904091400691218	0.005804148253085659	6.0514623278357105E-6	0.024579357452530662	0.006188351037900566	0.006717300796580436	0.007045802486799965	0.34559785273738547	0.48441935002394637
0.1117396212445583	0.007903815629788216	0.005802549651192604	6.053370832745375E-6	0.024579849077966454	0.006187099260229409	0.0067188041818475736	0.007046055056940656	0.3455971353560003	0.4844190171706436
0.1117401301805373	0.007905218320052323	0.005803414037930929	6.044092448267979E-6	0.024580496595119905	0.006186971234807062	0.006717811391379086	0.00704535065418585	0.3455956359166322	0.484418927576907
0.11173962598889217	0.007905974532314133	0.005802898301911968	6.048216900228498E-6	0.024578482969872847	0.006187853740664495	0.006721560965287643	0.007045830032124112	0.3455964957790705	0.4844152294729618
0.1117382079290011	0.007911605082366713	0.0058022089756594175	6.04365161038789E-6	0.024576499064397447	0.006190870104390733	0.006723936308892953	0.007045384739703023	0.345588295935178	0.4844169482088001
0.11173624786167281	0.007911302391242186	0.00580709747853185	6.04431626699542E-6	0.02457711358111403	0.006186867642205496	0.006721825215129165	0.007045242046687369	0.34558973961402123	0.4844185198531287
0.11173661331732962	0.007910966011301826	0.005807242644845098	6.043114189488441E-6	0.02457734832728739	0.006187670880676371	0.0067194315719757425	0.007046659602175681	0.34559097974077224	0.4844170447894464
0.1117362806612612	0.007911344093408518	0.00580740974103601	6.039956845282912E-6	0.024577563726445484	0.006187383547691133	0.00671773469614477	0.007046281934672299	0.34559140058136034	0.4844185610611348
0.11173508031873655	0.007916672182600684	0.005796889395735735	6.04397599475448E-6	0.024580933566885357	0.006191274942600175	0.006712406219016934	0.007049094110849821	0.3455920299782657	0.48441957530931423
0.11173750326145028	0.007915692309431885	0.005798556792954199	6.039385961609245E-6	0.024582918983455868	0.0061911141264660435	0.006716498566002704	0.007045303916388801	0.34559009728941503	0.4844162753684734
0.11173367101281592	0.007916067257426121	0.005799474874498625	6.052490601385352E-6	0.024584128976362876	0.006188500323552962	0.006716958546792232	0.007047760916186738	0.3455901542540681	0.4844172313476949
0.11174473384948315	0.007908249320320831	0.0058043618625134435	6.050857912956453E-6	0.02458646943769567	0.006187396353820415	0.0067172771814246884	0.00705092662778313	0.34558654641167946	0.4844079880973661
0.11174227817692779	0.007901056148566829	0.005800307377676353	6.040206375762525E-6	0.024590044868773045	0.006195619903012151	0.00671930950167661	0.007055099453243091	0.34558265756476386	0.48440758679898444
0.11172956166320593	0.007909059972861954	0.005807834076483637	6.052922949487116E-6	0.024593724033015574	0.006202580149646808	0.006712171254313518	0.007047235994500897	0.3455814755402487	0.4844103043927734
0.11173280908258697	0.007907586045026935	0.005802404804766945	6.040606813209615E-6	0.024588565535947668	0.006209059124819408	0.006710979868319519	0.007050013234605704	0.34558545760488785	0.48440708409222577
0.11172914645629817	0.007907384949301557	0.00580349889597255	6.05130508972429E-6	0.024587687217586182	0.006212395371499604	0.006712483987167769	0.007049150541145063	0.3455881122718863	0.48440408900405313
0.11172925455395293	0.007904530220923994	0.005806307547626857	6.039864704987519E-6	0.02458581693622676	0.006213564048805478	0.006703906488665284	0.007054742431928565	0.34558836287573297	0.4844074750314321
0.11173142990826865	0.007901771757385254	0.005807166803856081	6.05445841937724E-6	0.024587544869930672	0.006210646253003618	0.0067031783947813645	0.007056542089733567	0.3455898260047148	0.4844058394599065
0.11173663143992187	0.007901308569075408	0.005802680387676271	6.051989201380503E-6	0.024585869797434115	0.006211181511119171	0.0067046472370696775	0.007058736749637334	0.3455869968010159	0.4844058955178488
0.11174503032863754	0.007877587845965928	0.005834513770324054	6.039483539443946E-6	0.024604444794974714	0.006226968349184542	0.006682278865760893	0.007076463142813044	0.34555183688762375	0.484394836531176
0.1117452734457998	0.007881998693413786	0.005836374681045878	6.0537984278158374E-6	0.024605576549271937	0.006226692072892906	0.006681751332132849	0.007076794537801814	0.34555031908468076	0.4843891658045323
0.11174011499573201	0.007883911146965739	0.0058414969875938	6.050394189979769E-6	0.0246076963298318	0.006231920991687762	0.006684772533881556	0.007068678455013272	0.345553175995267	0.484382182169837
0.11173652047541514	0.007879488140240393	0.005841704383488772	6.047514036849888E-6	0.02460463669470228	0.00623492142120026	0.006686165312993778	0.0070724246916970546	0.3455530151881039	0.4843850761781216
0.11174046473047279	0.00788150950167571	0.0058470769422912655	6.042714150347739E-6	0.0246046337238561	0.0062253313014405676	0.006696712129233479	0.007073625690713695	0.3455469120648689	0.48437769120129703
0.11173698849196416	0.007901282339487017	0.005846753963260079	6.039790999209926E-6	0.02459806967184873	0.006199323276741178	0.0067152556552308035	0.007071267678113932	0.34553587915688544	0.48438913997546923
0.111743832565089	0.007905739383820151	0.005849410007192371	6.0490424717979385E-6	0.024597139774983262	0.006197521926647062	0.006715020217882298	0.007065456341082729	0.3455309822928697	0.4843888484479616
0.11174371773906111	0.007904240451801381	0.005840928589298369	6.054380810666116E-6	0.02459024533671421	0.006198818249873686	0.006711783729114032	0.007073804417510057	0.34553318397086724	0.48439722313494915
0.11174211145542068	0.007906349280802805	0.005844104124626312	6.054198423963153E-6	0.024589371852835426	0.006203096541391492	0.006712261115799631	0.007073150032362072	0.345528250458951	0.4843952509393864
0.11175599350305648	0.0079084617441635	0.005846851265653943	6.046455819239127E-6	0.024579694157891366	0.006204345087379326	0.006716395075706066	0.007066112596872162	0.3455186499278955	0.4843974501855623
0.11176877599756917	0.007903062616409148	0.005856559970498901	6.050114644176596E-6	0.024573648879592583	0.00619633253674505	0.006711483739409843	0.007069728730937183	0.34551926552162415	0.48439509189256974
0.11177023863334398	0.007885325655124106	0.005850249089446577	6.041407399001719E-6	0.024574341203962402	0.006198639109605872	0.006722759518910271	0.007063905558601438	0.3455322555982223	0.48439624422538397
0.11176440787543726	0.007884038680481334	0.005850520355545452	6.050736169674331E-6	0.02457756491806526	0.006197285425622673	0.006726322061579318	0.007060698449868466	0.3455419393740733	0.4843911721231572
0.11176312158207924	0.007876541451848892	0.0058491409380965614	6.03996786406602E-6	0.024584008455745585	0.006195737651927838	0.006729256970002637	0.0070639341416497275	0.3455470700128748	0.48438514882791045
0.111763128657334	0.007879045973380003	0.0058495906438757045	6.045725140957359E-6	0.024582104918664707	0.006194682279331218	0.006728781416940999	0.007061408270059882	0.34554638968524504	0.48438882243002745
0.11175689015604465	0.00788865457602174	0.005856192335587138	6.040189296688259E-6	0.02458205580907949	0.006210217064651163	0.0067288586777397436	0.007046149738720461	0.34553990923709066	0.4843850322157682
0.11177084407903061	0.007898702315153869	0.005867850692553037	6.0483612046163815E-6	0.024576047192279904	0.0062121159364660755	0.006716343773969027	0.007045721132889829	0.34553028427190946	0.48437604224454356
0.11177575577569585	0.00792448803723661	0.005855396307116359	6.049324240628429E-6	0.02457228138680416	0.006210083504422537	0.006684542842719118	0.007062092360888755	0.34554073116938105	0.48436857929149485
0.11176604438252732	0.007940018730521886	0.005829629074011022	6.044442845173914E-6	0.024581737448251345	0.006226520088154455	0.006685294749180809	0.007074917941878492	0.3455436344265859	0.4843461587160435
0.11176772061760826	0.007937482887886024	0.005830717640026531	6.052549073529145E-6	0.024582157834157306	0.006222137510462758	0.006686221905080128	0.0070793300075581295	0.34554265845196347	0.48434552059618374
0.11176012315200114	0.007937160996361492	0.005828707487686546	6.043064445016011E-6	0.02457703449290785	0.006229151289719917	0.006685858109019546	0.007080055805221211	0.3455511205152699	0.4843447450873673
0.11175765027785478	0.007955076120846824	0.0058190558237938145	6.040437033574819E-6	0.024585643041759878	0.0062517365143070075	0.0066845459718179595	0.007057866156983825	0.3455366712232975	0.48434571443230473
0.11175063903503574	0.007950358778185465	0.005823144405991104	6.040465959200603E-6	0.024589434255568976	0.006245454898278477	0.006683479250487151	0.007060978025713802	0.3455420359666121	0.484348434918168
0.11175108187519038	0.00794858252375287	0.005821651894099375	6.0431151346490575E-6	0.024583227026540075	0.006248673149483866	0.006681568125134138	0.007063273003183337	0.34554459761594464	0.48435130167153667
0.11174753514323485	0.007947794518186863	0.005819194122498483	6.042952706258875E-6	0.024583791801797955	0.0062457351793256954	0.00668383842446979	0.007068629062562282	0.34555253941255226	0.4843448993826655
0.11175023751843537	0.00794754062027149	0.005830470534447144	6.052605954362522E-6	0.024588679268417665	0.006241806528892682	0.0066855598787207565	0.007059309722184576	0.3455531812244418	0.48433716209823413
0.11173851567748919	0.007974567166624077	0.005837326205040197	6.050019469031054E-6	0.02460205156186808	0.006257701049812728	0.006673854173781815	0.007058863411969388	0.345561190768562	0.4842898799653834
0.1117425045470855	0.007970475233565574	0.005840888291505447	6.0435319903517914E-6	0.024599483003652153	0.006265877372999384	0.006673843161138629	0.007054921104109407	0.3455579255286112	0.48428803822534233
0.11174387880506934	0.007963243158886829	0.0058368202941753156	6.042586178339748E-6	0.024604051095810736	0.006274788384568852	0.006675772525114268	0.0070570380332565935	0.3455504289626792	0.48428793615426047
0.11175564262195264	0.007969799797504229	0.005848523017673565	6.054540572036915E-6	0.02457688520332041	0.006271312991350364	0.006673906511816846	0.007046801696565463	0.3455555590723429	0.48429551454690134
0.11175672326517934	0.007966036678893618	0.005846521211972322	6.0507286694794216E-6	0.02457654958479212	0.006275650481702547	0.00667730410674075	0.007045175626046701	0.3455554201009527	0.4842945682150503
0.11175623936890419	0.007961584837909416	0.005848826665497478	6.04462788264537E-6	0.024577883516728613	0.006280168065035008	0.006679269836546875	0.007045173981242145	0.3455528575705397	0.4842919515297138
0.11176377341748447	0.007956018501172682	0.0058471967709864126	6.0495497395118836E-6	0.024581976684043105	0.006286825710879379	0.006668426347333445	0.007046414567225212	0.3455494508356906	0.484293867615445
0.11176399761151869	0.007954871210174061	0.005838570393166889	6.044563149218418E-6	0.024591974392324786	0.00628873074290244	0.006664633382560056	0.007046741982943791	0.34554958781169187	0.48429484790956817
0.11176363689869658	0.007949768860408032	0.005835828190615858	6.051153806696519E-6	0.024597305644052173	0.006295646891151363	0.006661085366962138	0.007046470254515894	0.345545042099685	0.4842991646401062
0.11176043281798043	0.007949765040781681	0.005833615446893564	6.053712647086096E-6	0.024597834189091256	0.006295610204676325	0.006665814490736638	0.007046830254193878	0.3455437143529819	0.48430032949001706
0.11176295377684804	0.007953334296082429	0.0058377524035687495	6.0467619292930985E-6	0.024580621842522882	0.00630685462635501	0.006658308496865897	0.007049817729384414	0.3455480057165602	0.4842963043498829
0.11176865289031566	0.007955320936196178	0.005842408168398858	6.0499355092058504E-6	0.024588557316811963	0.006299348809976069	0.00665994019348784	0.007046562881108581	0.3455409045506394	0.48429225431755624
0.11177064294111148	0.007950158171952021	0.005843964365266907	6.044340325833675E-6	0.02458658500049811	0.006296239713617313	0.0066580869417335875	0.007049942760108799	0.34553810691279946	0.48430022885258645
0.11173643489388779	0.007942080447654931	0.005854303250570667	6.044703739369051E-6	0.02461420755057743	0.006316495949014858	0.006660363248960549	0.007050820052100379	0.34550265650907336	0.4843165933944207
0.11174056449221795	0.007936073456432075	0.005859673817789304	6.042030578995439E-6	0.02461060362930234	0.006311197009971986	0.006668933483377076	0.00706527415818238	0.34548914727048824	0.48431249065165954
0.11174108955635627	0.007935741515371172	0.005861117298516891	6.04982081887917E-6	0.024612096472112197	0.0063095944310783275	0.006669487346438088	0.007065485814403069	0.34548860818562366	0.4843107295592814
0.11176115801898398	0.007931902534403776	0.005858522074879663	6.050648794025948E-6	0.024649470099945267	0.006308374027494609	0.006643513315993985	0.007086779094784751	0.3454621249926212	0.48429210519209864
0.11176026912554769	0.007931374792027712	0.005864259468629618	6.039190910828163E-6	0.02464965876246078	0.0063081878551085185	0.006645783432607882	0.0070834558005632015	0.3454591418495139	0.48429182972262974
