0.021602256664151873	0.24669381132276008	0.0755517012606104	0.085121410875734	0.0864278920968372	0.1606157935744331	0.09069093081200331	0.05569428801632105	0.036575678202050474	0.1410262371750985
0.07142258454221165	0.014467258061041516	0.1616941000772816	0.10832561248420039	0.09580006310938011	0.18638880282336923	0.08499318355540164	0.0704743843775149	0.01806629653650761	0.1883677144330913
0.06280906277482756	0.042826174898439824	0.21532410428298682	0.1065800177949265	0.06799929834600976	0.18228003765952086	0.1034021702628925	0.06681435465539996	0.024076259679760098	0.12788851964523612
0.10593712614684345	0.09735242907473403	0.19186796739397793	0.05010712594756543	0.06678820091890947	0.17958585262738297	0.10345261845534942	0.0699929024022386	0.014676909879419345	0.12023886715357932
0.042237854850716794	0.19183963948236354	0.14607895464350745	0.09368129867241827	0.06339327244164439	0.164462793591289	0.07394479215722	0.05808747331216289	0.04503480987833064	0.12123911097034704
0.0949382858757371	0.11273231311590604	0.07834903672154352	0.02536122419550217	0.09688754381339651	0.2209054232646534	0.10856132444781852	0.07041803302930412	0.027939559177364973	0.16390725635877357
0.02730393012001893	0.15455391727763332	0.1753347191032098	0.032324994831548895	0.0979636153855572	0.17622899839831818	0.1067389919881963	0.06931424374482022	0.03354436217114937	0.12669222697954777
0.13226806184244844	0.11460190126936921	0.0552975144808526	0.09745684186682509	0.0792525798586274	0.16825591254499034	0.09325157925175924	0.07098684958351484	0.03733723970417692	0.15129151959743586
0.1104617912394353	0.11026108441258166	0.06763055682975735	0.091746924997024	0.07815329609159559	0.20816885266566776	0.1133452569190105	0.06364488101163002	0.02434580470661049	0.13224155112668723
0.12985851207649934	0.10490304423901015	0.10904853374261178	0.04048988963084579	0.06599027290602731	0.20030105030605844	0.09741592300856863	0.05977252379522848	0.020005708860920957	0.1722145414342291
0.025364672029555058	0.10585269888887552	0.20702072469313165	0.12199208097739384	0.0833111458900829	0.16601258178766717	0.10336694444798283	0.0475516256129152	0.01688153066425556	0.12264599500814027
0.030007913838160538	0.1497638477671585	0.10384237160768112	0.06865056585129821	0.08764685049517489	0.2408750096648325	0.08280134934768371	0.06292616960349498	0.017280882084808852	0.15620503973970676
0.050423902768342035	0.12986061496154336	0.11582427810487703	0.04050461999633033	0.07330117844597639	0.20887137106038062	0.09959695377284275	0.06301156422353965	0.02889864424363714	0.1897068724225307
0.021925251411234803	0.25994145085676185	0.04242022288008069	0.03309117698739819	0.09516424831613145	0.2032900130721537	0.08724274005399447	0.06882072276358997	0.0456354589158675	0.1424687147427874
0.08173021551905238	0.11087094985659339	0.1492598005643312	0.059490080227385084	0.061209632817179074	0.22338459658974094	0.09598299818902543	0.05760785166400598	0.015360436731164162	0.14510343784152235
0.03813781412821125	0.06363977890666808	0.21358561085184088	0.07270127513747326	0.0774763189475445	0.1844952735502144	0.08341556307049215	0.04936757285652067	0.03969754245261321	0.17748325009842159
0.09657512186410211	0.01948523584807524	0.1783131714983247	0.08357911367359391	0.0783531372389834	0.18641142534938104	0.0788260588114181	0.0646862259350384	0.04479038128089803	0.16898012850018498
0.12605223893267103	0.023847294532965205	0.09561481045591608	0.11381341192206368	0.0904036655485029	0.2175479649310741	0.10281008356499827	0.06578904179014766	0.023206690580254236	0.14091479774140675
0.16464520748088585	0.030589209369217843	0.12119067800350798	0.11853875673266004	0.07094719237641368	0.1761825026042489	0.1048838858273949	0.07252846690317558	0.014512419999054935	0.1259816807034402
0.11919316506063159	0.15100859377041576	0.0785384285179066	0.028626614762171806	0.09702418210078517	0.19029308253730004	0.1138969344041432	0.0547878839986209	0.04120599681786342	0.1254251180301615
0.07758653222625815	0.09931016043893634	0.04776459184508954	0.10210194982140158	0.08913059488097286	0.23677992432449502	0.11523925105716006	0.06870952361152688	0.021311106868999993	0.14206636492515953
0.04727853233166453	0.24944948355056218	0.080938881153607	0.05137276693062397	0.06735988261513834	0.1936494500429225	0.09235077873174588	0.07023308983690218	0.026251788158734995	0.12111534664809842
0.048700193701712746	0.2377734115696759	0.05302742042512485	0.04101789779307131	0.0701503762713781	0.23841731741055472	0.08482998748141356	0.06038515387961624	0.030402840849847776	0.13529540061760478
0.047444965513770976	0.19113486601679278	0.09692566668765773	0.07218248843693853	0.06811611150468014	0.17090004161074152	0.10205115416730823	0.061431188930448244	0.025194692593740645	0.1646188245379212
0.10526259597406093	0.08354980648852937	0.14224040710022412	0.04350987436137803	0.08055156893633997	0.23045784744167042	0.07990902359097843	0.0723412842199951	0.04012726112538137	0.12205033076144223
0.13710720424099526	0.08062729468608568	0.08974872578538759	0.1296289973297502	0.07332924888185503	0.16254741554398378	0.08566415772904648	0.06546526835997585	0.0418516966561681	0.13402999078675193
0.10544161370696802	0.1968389108893545	0.030641276971228176	0.026806220652515367	0.06932472240547606	0.25364946480279726	0.08581641793264462	0.06815111952173247	0.040485936355262785	0.12284431676202064
0.06967036936756142	0.22985973789333242	0.03479422785638263	0.056188222877895586	0.07508554142255477	0.18769081400696047	0.11814957761668032	0.07366477933316823	0.025939523405435316	0.12895720622002876
0.0995893648561066	0.11988261374463002	0.11038605409031678	0.06986381682905711	0.08202949295141257	0.19280555429777366	0.10912408341849755	0.047803180327951736	0.02386779328583437	0.14464804619841953
0.1102434833974281	0.07381838184698845	0.059008719920049836	0.14249774413766472	0.06211203241366386	0.18427811952065365	0.10775134035933788	0.06448616206967801	0.03678217328464849	0.1590218430498869
0.0923821602349346	0.11104763249781269	0.07236631713708636	0.03886373899650764	0.08499661321551588	0.2572849391502522	0.09741965973797348	0.07146091309233565	0.015341320507727893	0.15883670542985354
0.10774363701447698	0.1332914408073844	0.04629679490182192	0.10069063593398861	0.07917012997461761	0.2077460758492533	0.09089780577587217	0.045776133208073395	0.03863866884914703	0.14974867768536454
0.13458412502268854	0.030891550381082558	0.03604335738924504	0.1535380879872365	0.08336955596406267	0.23968631211886887	0.07320358849123776	0.05787179557085168	0.040181356244546516	0.15063027083017974
0.09716667201194105	0.1299554727132648	0.02864995428548056	0.1059089353748196	0.07306101636201841	0.23231039543830834	0.09268123637232714	0.0696410723390236	0.0314444703323057	0.13918077477051077
0.051014078777802715	0.017824193728934554	0.22593341955077728	0.05338829828404579	0.08007528057356639	0.23631530020664732	0.0959915441290429	0.06892455758453217	0.030590996185310373	0.13994233097934053
0.05379489219532284	0.11496529155067305	0.19176047220366826	0.03798701734650411	0.06580051611082512	0.15390887445567958	0.11223907048768306	0.07283488978757169	0.035665438384276424	0.16104353747779582
0.13460596962977445	0.12886028553216955	0.0292699464813065	0.05532367287341769	0.08980478891445656	0.19716761411854306	0.11424477617121306	0.0737403801137793	0.023931291295180457	0.15305127487015935
0.14332380806473977	0.09444957496032765	0.09261720278857037	0.030939376056132867	0.0784740189550108	0.16628689997418403	0.11560509227757687	0.06804494906745565	0.02122373384589335	0.18903534401010852
0.047123918275741715	0.19418984582492893	0.040607633519119356	0.05541488923851168	0.09820822177396286	0.2026701835524802	0.10967378200267634	0.05936193553541298	0.04607985679278409	0.1466697334843819
0.056672750254063015	0.08163861767487379	0.0631370080491624	0.1362581102402702	0.06749964691136878	0.2381842233463088	0.10970543388366961	0.05242239532421614	0.036691467376526565	0.1577903469395407
0.11381665637822118	0.023316810417602085	0.1364695736229131	0.09561592963406541	0.0828460503597023	0.2347068135604944	0.10064866120289714	0.048637031693733276	0.03211026232223482	0.13183221080813623
0.16703105977986005	0.051597653540393966	0.12100258843792334	0.027901844039841972	0.07713899649997491	0.2363262040592558	0.07726059833741115	0.06549410470229597	0.039313972009010954	0.13693297859403178
0.0401760730648735	0.05033558143235076	0.20689052422355952	0.1523164958489046	0.0720018814786737	0.1704375413111705	0.10406563941658481	0.05364394081593818	0.015455177949829327	0.13467714445811513
0.09078619433447399	0.047329080235451265	0.209904964344791	0.07993685908650573	0.08368936561901678	0.19100132054282482	0.09041885707016956	0.048787595455205925	0.02413552845048758	0.13401023486107333
0.060741496233249814	0.09572492649852285	0.14659235479769583	0.07018702324387484	0.09062394134794827	0.19768969482058124	0.09859463831552277	0.07116265902013506	0.04524996553732066	0.12343330018514867
0.10173278676050965	0.10532819839054071	0.10043743633828543	0.06433046684426849	0.06191948063637991	0.25776342159357696	0.07714840395016952	0.06247023100718708	0.029118821463523237	0.13975075301555903
0.0840670268395172	0.0869999675052419	0.11062906165263574	0.09069134678166191	0.09614711443141545	0.20005117631969288	0.09293671394710344	0.073452003460584	0.02428718570006759	0.14073840336207985
0.07922732584383232	0.13280866435892608	0.13819573932156698	0.07019033950171849	0.0811624311273779	0.1633079814172132	0.10052440349982322	0.06551311125286396	0.029067498389803978	0.14000250528687386
0.0360256632184659	0.2104728192498789	0.08190625258513562	0.05763119874138338	0.07633596993565404	0.20544250801224176	0.11776432423806157	0.06631734551380644	0.02542464980697573	0.12267926869839665
0.11249392994594992	0.08088729059191364	0.1252445897095486	0.07738380678463483	0.06888215066879406	0.17614878161815264	0.10703092782524709	0.07099250431573362	0.041520752728849086	0.13941526581117641
0.034458464223903224	0.050024007167782034	0.21915977717616514	0.07735406173740106	0.0805618710791143	0.159481680870489	0.11730705392726795	0.056737754375944284	0.03288217131565127	0.17203315812628175
0.037208437003882044	0.11790720300709959	0.03518291620595572	0.12625065806658892	0.0877080419860099	0.23876276990658307	0.10185520273132163	0.048313635550703074	0.03642234246141024	0.1703887930804458
0.06981536355140236	0.07274780272521764	0.17478936477055346	0.03160585269883756	0.06472951826959919	0.22589086778766276	0.11280659751223844	0.05185658346069546	0.0419324601290735	0.1538255890947196
0.07122364670149883	0.09107290642922583	0.18807832604521724	0.08342353779442692	0.08888253120468877	0.16217145378387682	0.10343406703689677	0.04774689799305836	0.03319804171191276	0.13076859129919763
0.11051489610405967	0.03639764914159324	0.13893028033767954	0.09514263414179547	0.0666307604689573	0.22655886718250945	0.08471911977359242	0.046760958461549824	0.02364532637588873	0.17069950801237432
0.038421083174306876	0.13796362569506007	0.059786676787024054	0.10918843199233222	0.09194482827451611	0.23933027041296978	0.10209885735782509	0.04892346120472355	0.04344425068024923	0.12889851442099298
0.14127713976872897	0.046230695711464875	0.12838472730098838	0.08781121136509398	0.07867972412960361	0.16870596782491779	0.08877013415573183	0.052459462349121695	0.03160158740391557	0.17607934999043326
0.08628987198625475	0.1132474698303913	0.059000583283700246	0.035672390721356126	0.08390325024711767	0.2600858204702637	0.08704366157506684	0.06357628125616058	0.02007854215288936	0.19110212847679936
0.04573161649454793	0.1485078361190047	0.08680953473441387	0.04692660635604509	0.09396624945658834	0.24926075603237186	0.07433891316306365	0.0511867276637988	0.044461615253252665	0.1588101447269131
0.10495978755111213	0.12346389783154124	0.08244601663524206	0.08538972788282538	0.09015490203841592	0.1988420285089445	0.09124327832354634	0.0600751599340957	0.03781056591620741	0.12561463537806922
0.023175447234143567	0.18750891995868924	0.18565588303380454	0.03933419229654314	0.09057961691043505	0.18531534161794844	0.07503511295760368	0.055294880000887	0.030360773901405166	0.12773983208854023
0.11143619011130493	0.021978050608161978	0.10292937844355204	0.14129482105303232	0.0717161106332535	0.250590535473434	0.09963448154564628	0.047593740272449725	0.01605303651060354	0.13677365534856162
0.08487955506435026	0.0791056312226281	0.16549871944777553	0.08499472173419262	0.09641734192333373	0.16162484701785307	0.09092436114931189	0.05776068686106361	0.032880465631501016	0.14591366994799015
0.07833598753350757	0.14115955749872705	0.0426974443870738	0.13926768361315642	0.09877312005890344	0.16940582865643639	0.0801276318244691	0.06624325833840775	0.02621445865955828	0.1577750294297602
0.13739544214177082	0.023587090082603554	0.1088059647102467	0.15075234187473496	0.07311814001951089	0.1620610689590839	0.09114759197934998	0.053089651890129756	0.015197279042779094	0.18484542929979025
0.06335078753219078	0.10774340693166436	0.18827630000666812	0.04607046760414434	0.06556202864817029	0.20912452735985454	0.08107026237096779	0.05212206476886702	0.04582696480917832	0.1408531899682944
0.060330881193543	0.1303819082419721	0.09906070121199616	0.12928111185651864	0.08759325888809397	0.157653609801876	0.08807458154560137	0.06911581849665713	0.01567555979625468	0.16283256896748693
0.12262191418525703	0.08265354001244693	0.06745426612616719	0.06678221120653224	0.06936219398677346	0.24564025016236118	0.09691309888247687	0.056210623544914906	0.02323621028226576	0.16912569161080432
0.11108890222599171	0.1171399323758241	0.19260979414036994	0.03898857686566271	0.06848667367699146	0.17562334590549927	0.07860241094287244	0.058205056582312974	0.02463170160561942	0.13462360567885598
0.16840914476022725	0.0801862745699506	0.05475043316847036	0.027946583114900336	0.07524071276651188	0.231893881836565	0.1186999993145643	0.07127685941382625	0.02986184337799186	0.14173426767699202
0.10428745856395755	0.07860399427663285	0.1529312288728652	0.09641620904826607	0.06098716254705328	0.16719648229329792	0.0907395579607695	0.05911179471893666	0.029196513744574826	0.16052959797364608
0.0742003261183059	0.04237344313745685	0.17267580318958686	0.06498108180752626	0.0706721786359598	0.24107831419449888	0.11691713620792134	0.05839689576306839	0.03588582902349362	0.12281899192218203
0.1343880837622638	0.02598011656572953	0.0927813583621873	0.09137824581216712	0.08037560373175084	0.2534922615858926	0.09558163373936517	0.05388899121432473	0.020389940530088232	0.15174376469623055
0.05923519282968444	0.2080973365864232	0.08446148600508353	0.06967583276616857	0.068729109218542	0.16369338553172658	0.10396466586994643	0.06468270267937481	0.017411994517367926	0.16004829399568252
0.1254376223635012	0.19801971073369484	0.0502431227997514	0.046556682028902514	0.08487475984094904	0.1799242014215797	0.08729281734092066	0.0563597414046776	0.03210682845044478	0.1391845136155782
0.05034244878227849	0.22571693999562992	0.05111626412607958	0.03966139418120803	0.06834253790649239	0.2182316245707318	0.11596904727162048	0.051393480848687896	0.04245545112616893	0.13677081119110251
0.11264266214936391	0.0643019316116474	0.16215489945108916	0.06302874453546495	0.08199519444076586	0.17439669636806515	0.08409982987128982	0.05077575191273345	0.020943177003413208	0.18566111265616703
0.028545790299934246	0.2082779820653668	0.07553509042994774	0.04164370879728595	0.08254309892868936	0.192352028492362	0.10737777348965724	0.06048382536485032	0.020137184210313033	0.1831035179215933
0.10495340665813042	0.08290925368801691	0.14259111790019804	0.06052846766953347	0.06511706247111024	0.20314720523004898	0.11728877376338055	0.06712504666835495	0.03542422410284113	0.12091544184838528
0.1234642893021879	0.06306727971843504	0.11593447778326697	0.049223168920779665	0.08329512813754886	0.22398471604827422	0.08968044981889006	0.07023748565768875	0.02503541845758217	0.15607758615534634
0.020838353883641816	0.19990396039502029	0.08124542929070724	0.0704470606021069	0.0911687124360974	0.19435976941785604	0.08989803703627865	0.07240014765740706	0.02554946149623878	0.1541890677846458
0.04679776341894953	0.026302492800802255	0.15707870861772338	0.12258139397571041	0.060572014461794055	0.21596629618596863	0.11589717466089117	0.04919964649827606	0.026768720422917225	0.1788357889569673
0.09982892222130735	0.15508542391735405	0.03761081687365428	0.13159084600401255	0.06660732239194592	0.18817159796613186	0.09832719967318532	0.06904654409812319	0.023646286978341896	0.1300850398759435
0.09776512773718757	0.04485025997181114	0.15210502308273435	0.07402236907556764	0.07592177905020223	0.17449134196331678	0.11130147506979848	0.04894469335911572	0.03817407624020025	0.1824238544500658
0.058707756643406966	0.2146845038297187	0.03386546335073577	0.1270380553731103	0.07563678561929738	0.17551007865621887	0.08288017454391719	0.06684186967895313	0.016936236510696714	0.14789907579394493
0.07585290153268541	0.12576142942534702	0.14105477979172087	0.054466063970995564	0.06665988977427936	0.21123134987359954	0.08678541485142488	0.046736157157880036	0.04399048417496696	0.1474615294471003
0.11771853835796398	0.08593723357693625	0.07221075753302345	0.13295490220102726	0.07253806829116127	0.1536201440289321	0.11028488827819852	0.05236266811976679	0.02624253075057653	0.17613026886241379
0.05504368790039019	0.11501183382173756	0.13005736262638384	0.09835563762834192	0.0969852771449696	0.15721831937884378	0.08654727821889202	0.05892104784429076	0.03175680234188724	0.1701027530942631
0.07790438160051694	0.12026649657243813	0.1709040869213257	0.06419983968852595	0.06200042541737505	0.1629502462929731	0.09507176379984889	0.05873936973040195	0.04493179851676396	0.14303159145983033
0.0204118975012188	0.10225128001763531	0.1135146090310239	0.15097304306487977	0.07096719952119063	0.19037982491832228	0.09576136197839849	0.0723650343581754	0.01754350989897739	0.16583223971017805
0.050266358077239004	0.08124497001123358	0.1613086595364244	0.12979703773259177	0.08102196869565687	0.17926574448562602	0.10928788385679955	0.05232751723698864	0.018836014099289852	0.13664384626815035
0.1034445235140718	0.1933454739364284	0.0703014261491946	0.041008054455368814	0.08385866366519891	0.2074888114788119	0.09268585146490377	0.05855361906813096	0.029456219900620126	0.11985735636727067
0.04523982929479149	0.12933496607016615	0.0539469919252172	0.11614313175753516	0.07555091911684698	0.2607468742347411	0.099510908974523	0.07072362657079537	0.016874540829702356	0.1319282112256812
0.11125724096289775	0.11398172005145861	0.02313884201727104	0.13147744413145965	0.08799483260899568	0.17194019147290557	0.08976437166672918	0.06039157172218143	0.027666922196976335	0.18238686316912467
0.09016721758617435	0.08846637701899167	0.09082125012414727	0.06045683064843715	0.08469200836855803	0.24460690518209038	0.11576945388905258	0.052227384448320126	0.015449949346043629	0.15734262338818478
0.05023954398623481	0.11561343872755289	0.09034462056903392	0.12213142917006056	0.09069042813498415	0.19120438763969	0.11596887355713612	0.06524208740257473	0.03206750615232405	0.12649768466040875
0.07254413833435604	0.06932675886369957	0.1449948294195208	0.08866340587379616	0.07138922218775921	0.1944988784297581	0.1090255690263501	0.06127678676034147	0.02130957242900232	0.16697083867541618
0.15921449010387642	0.0526516031229595	0.05545561337715347	0.09836755625667915	0.08474432370908307	0.19876894289448888	0.1143463930189982	0.07294892198087016	0.029150055601049885	0.13435209993484115
0.04507483242071633	0.12139818186184911	0.11993153433927489	0.1347072096693594	0.08494293701242578	0.16850877919146307	0.09204125683126733	0.051509697859438985	0.03848437665796085	0.14340119415624428
0.054633376134638645	0.12419348295520731	0.02809300023101069	0.1216640652942351	0.09786673068413074	0.19583790243384241	0.08543986907936228	0.06658502060589638	0.042350460570139525	0.1833360920115369
0.052373522659909966	0.2340189581848272	0.06915485238502807	0.10583761991755442	0.0723561311045366	0.1565113356339576	0.1140234962256109	0.04853942435445291	0.014768304896530138	0.13241635463759216
0.14326469700010835	0.07412872564948243	0.1476954655137096	0.08381087829309904	0.08172064566507953	0.1563608590604355	0.07962041992231617	0.05922049124716576	0.027443060573349456	0.14673475707525402
0.14839769225455535	0.07357435083691598	0.1534747561371183	0.06629086762537367	0.09340714656830629	0.17538449712191356	0.07465199254101841	0.0733156533953179	0.01423667225867603	0.12726637126080442
0.09093171289336346	0.10032550602708032	0.19267722606373217	0.05521156602970625	0.06039474763386473	0.1754983315116005	0.07917407677368782	0.07060600087547986	0.01915632055079454	0.1560245116406903
0.0449321775460583	0.05946384054048623	0.10963211121130559	0.11504961292988218	0.0968565291163423	0.2504305292655567	0.10658071222929984	0.07320856180969282	0.015127096702164944	0.12871882864921108
0.039874934303758026	0.11593310073640786	0.13612364332593202	0.09152577711455437	0.09601545542285385	0.17862600827026884	0.10207097700573911	0.07040343621094483	0.03869209745506495	0.13073457015447612
0.023488187631864568	0.11473946860271055	0.17814941628087644	0.07010750040350952	0.08576338928246423	0.19346316525721183	0.07322020317331443	0.07139836269225351	0.01802846846519053	0.17164183821060444
0.05519056467380416	0.08017945765769802	0.2149964106502804	0.03699392450092692	0.09464196396586529	0.15335220766098423	0.09283932405936639	0.060964771131651635	0.04035076079451721	0.17049061490490575
0.1586472268874283	0.021719436931021865	0.119459633346731	0.06003017698258504	0.09826765765091108	0.2319600535160964	0.10505399858121867	0.05066727638461547	0.014117477653541627	0.14007706206585047
0.059236775544076005	0.017952910810180356	0.09651134145493633	0.11912353136515996	0.08992432388564353	0.2589306579908663	0.09970349780273524	0.05454475109793251	0.03290191648907717	0.17117029355939262
0.12869304487223218	0.14837116112941412	0.05942468807458433	0.06984652132610338	0.0958256821452439	0.1957630947783921	0.10995073518014593	0.04809334386911318	0.022400716116984867	0.12163101250778591
0.08193774201440603	0.09255367483918378	0.059622872953864224	0.10264306591938245	0.09107875493289372	0.1833738899848433	0.10162255738429285	0.058984978792580696	0.03808178635294174	0.19010067682561121
0.04041984238730381	0.0180568460369427	0.15774457217234922	0.13243049027400577	0.0795858136555199	0.26046243407216846	0.07606306294727327	0.07264636113341888	0.026811776377165072	0.1357788009438529
0.04626441077803662	0.14042649796476503	0.0413713091485452	0.10389276097481495	0.08354534758519627	0.18235764763557724	0.1180907512425027	0.060859547405857674	0.03913979575468225	0.18405193151002203
0.01975864761166987	0.05890064140722229	0.12345353616156633	0.12744946383397246	0.084278292353659	0.2415511031772497	0.10718764680958785	0.05292230440721054	0.02309283753778013	0.1614055267000819
0.14173384411244483	0.16008949009743004	0.027171881154759422	0.059588919772215074	0.07842946620656624	0.1540558137378844	0.086135651071734	0.06057258411671395	0.04061197218636214	0.19161037754388982
0.029625482990978988	0.1220135388572984	0.13164768317278502	0.05497835838431973	0.09608064200020186	0.2063975238128501	0.10769719137570315	0.06860298124038665	0.020405707922654143	0.16255089024282193
0.033557131752098526	0.20015528614539657	0.04871509578655876	0.10197054165513048	0.07523259965666809	0.24021067058578188	0.07628499996633989	0.05041862040825121	0.016280137343171533	0.15717491670060307
0.0398699261898954	0.05695608843263231	0.1892082348683552	0.12985736892097052	0.06526040263985236	0.186294217178228	0.07771674317756233	0.06451193139527275	0.03503859292293757	0.15528649427429356
0.16392638813569838	0.019596920671008947	0.1198364730628603	0.0567504179424683	0.07466105672815744	0.2266417569605323	0.1077197674317048	0.04629129866990219	0.026474007245026646	0.1581019131526406
0.1527142192340965	0.08921592831475467	0.05739565303317791	0.053326121816060446	0.09616262882406353	0.16015779776057346	0.11364381448246831	0.06301260130608577	0.04373849450964037	0.1706327407190789
0.1133133305296856	0.10169837366959279	0.06861634740928957	0.12703714056371537	0.06336377654905861	0.19944212410783124	0.10010176143378988	0.05805176271075066	0.02701372544978721	0.141361657576499
0.05901417388164145	0.024506756651156883	0.16122518350996828	0.1516712114394166	0.07460155528276344	0.18067435662557368	0.08243344469313267	0.062011852881947924	0.03700262828415825	0.16685883675024082
0.16473786323467357	0.014473541052441405	0.13962523119942427	0.10491744724679838	0.08602016853281703	0.18368179428370107	0.11263891858357716	0.046621297775370225	0.026544932661410683	0.12073880542978607
0.16382386768604906	0.04462972076489557	0.19547175211115025	0.03165773529256638	0.06466507893960716	0.1931579789107814	0.09610547245285153	0.05151033585036255	0.024875794117057662	0.13410226387467833
0.0800673035763208	0.04109384608609662	0.0733289747359166	0.0922476122381275	0.08346028785375276	0.26054459062883023	0.09235921987218025	0.07041223793121336	0.0412997160999137	0.16518621097764813
0.11873835344029221	0.09980912599382015	0.1278740555699718	0.06069307289801751	0.06227100915011051	0.2038650311014007	0.10978033811139505	0.05565421377235263	0.038854702115670214	0.1224600978469692
0.09386608921346319	0.0722054532690839	0.0857352296531518	0.14004679386163232	0.07264872336053274	0.1548494475066108	0.10250538224959267	0.061344320365648096	0.03258932799868107	0.18420923252160337
0.03740102551143901	0.05059634850938154	0.21769711203516134	0.14226618646051226	0.07213915751246974	0.17928594243299326	0.08936738594216614	0.06909265708014936	0.019747402039611547	0.12240678247611583
0.054924441366786314	0.20876801228266934	0.04256390008420858	0.10359781808743845	0.06761353396135478	0.22766473729404696	0.08586513549281738	0.05430167949646627	0.02298010253148343	0.1317206394027285
0.1677312609882045	0.06366789614481226	0.06669471868653959	0.10909684323174006	0.06921424805863068	0.21349058105530522	0.10942557063846223	0.06729423258942485	0.01415052783294285	0.11923412077393764
0.028370758022927295	0.21156734050342604	0.021941333802647275	0.1097819217499793	0.0769763616321711	0.2227821538606765	0.09540413131927332	0.05971796905473889	0.015008709985255442	0.15844932006890486
0.045275749204013546	0.11738170089371053	0.06370402155039454	0.08364621260916058	0.09781661506878153	0.25969167309403596	0.11144421547952563	0.07267446935654466	0.023258188612539435	0.12510715413129364
0.07102444321075772	0.08379991779207441	0.20720986921872098	0.05113320708057309	0.0672861560625695	0.2329261913499482	0.07684919525365377	0.0531873180402255	0.020939710989995933	0.13564399100148086
0.14206183565316505	0.060415278879007654	0.13823055770876996	0.041203952022958706	0.06842266758863891	0.1869262969005766	0.10625078287216712	0.06256494361570317	0.04323446008101187	0.15068922467800083
0.020678831069724846	0.13743780510171688	0.13028616719535865	0.06029989544830547	0.07862092465447341	0.20023578518750695	0.10173300083838	0.04881249867746815	0.04596520385810095	0.1759298879689647
0.10985063688277469	0.07054753617554306	0.08894552606880213	0.0773767130534445	0.09017333122741936	0.23517638072253827	0.08137628352023987	0.058616370899991166	0.03448741307166084	0.15344980837758607
0.14117377049957985	0.0223056869198658	0.15238625637409692	0.023743073465342948	0.08548304735868614	0.2476266951811375	0.10942225165661063	0.0520846604495936	0.020892413780796773	0.14488214431428972
0.05373357574423325	0.12041454815123873	0.0850291507278664	0.11167380986387554	0.07173525622049864	0.192333988072507	0.1150852795711421	0.04842188775727232	0.03548721846499078	0.16608528542637518
0.13214236067323282	0.037681061944325855	0.0958042872121259	0.09110151404980713	0.07944742372737733	0.20494113799663316	0.1063233777977135	0.050463769441254504	0.04506675831586923	0.15702830884166047
0.09234055493850077	0.16383118577345251	0.02470651314450434	0.08522294180006976	0.08726371261159538	0.17877125542712352	0.11311884814085443	0.06434745135605512	0.03185782906652626	0.1585397077413179
0.019656269009839605	0.12397333842158503	0.042622719796476846	0.11667490001383478	0.09392638642157908	0.25946983174410004	0.0881261777602505	0.05899790693060811	0.03616534560078864	0.16038712430093738
0.02639615157876271	0.035183663589842304	0.1409274882829529	0.09688568526980697	0.0858070819803485	0.21959602370175604	0.11069527582176449	0.07035436953072437	0.04313732866495188	0.17101693157908987
0.031623775008011445	0.10982358554010879	0.1319053117395256	0.13289789153708925	0.07032317136652233	0.23293937109108342	0.0820088589773025	0.04899385199541999	0.03081694293024352	0.1286672398146931
0.06412121756705277	0.12426129021042623	0.15440970046683983	0.08269609871164116	0.06730679159528685	0.16792040321285073	0.11679193096990946	0.06951843071312323	0.02867040528618131	0.12430373126668841
0.0543929456523054	0.17664268202427497	0.0610506094293536	0.05776079556371751	0.09157932183881862	0.1996934626099028	0.11347490780070715	0.05785116757624875	0.027871429945526258	0.15968267755914492
0.1278248474734341	0.03939667945398968	0.14206098355377267	0.07167267461733148	0.09919275413505504	0.21473901021019792	0.09709524187006792	0.054488286867684324	0.0296643342516255	0.12386518756684131
0.12401597149370877	0.13163228494709422	0.10135200184637003	0.09760090411268522	0.09109847106337522	0.15717959176028948	0.07886344353459608	0.06591580748798326	0.01639319942849496	0.13594832432540266
0.07716418668379968	0.1516586079503199	0.04646824730942713	0.1373000073767549	0.08548512566665127	0.23134536530355515	0.07308863753583342	0.06017918570582181	0.01653186112819245	0.12077877533964426
0.15548318187349025	0.0882757029810805	0.11859446710800772	0.10483241646226761	0.060724598930969036	0.18711378712852275	0.08809776204697775	0.05602520911182465	0.02061414456962292	0.12023872978723665
0.125587740404109	0.11922551314483623	0.09896154626781202	0.06894584356976993	0.07330510694438709	0.1774595079744486	0.09560188802319251	0.06180067336732547	0.032014111761899125	0.14709806854221996
0.1468536505998646	0.038603673231240566	0.08640202109413332	0.09433747603460448	0.08370444364625443	0.24054106148168247	0.07421051192269508	0.06956795179795122	0.038645572777652085	0.12713363741392164
0.02226542395778766	0.17689519727499609	0.07219526769351131	0.09842579699388519	0.08039743586880602	0.2091469174605164	0.07813993218802054	0.07300805592416834	0.03669570323023433	0.1528302694080742
0.028737986668349105	0.12149340711012098	0.1671718786087636	0.054938086189822	0.08960305126142076	0.18267165950678682	0.08635614118157903	0.07060710011217106	0.029971692698777433	0.16844899666220925
0.038929213211773776	0.19832496909753966	0.12701339278926305	0.07245911412906245	0.061007191792971344	0.15843346263492625	0.08879041522570966	0.07148436937348264	0.03998157777164974	0.14357629397362143
0.08423650942589896	0.16258529768670765	0.08646581770655909	0.14639095157796606	0.07448352429026922	0.16220175662905778	0.08404787796525118	0.057586501314150725	0.01896097465857667	0.12304078874556265
0.025103828887517263	0.10265977563676666	0.19125713897512614	0.13262047112861844	0.0686796367641262	0.17087922205701575	0.10481648703364871	0.04871593032460468	0.023361259098854628	0.13190625009372153
0.04188169303807915	0.12688699375326576	0.1222635020752561	0.1319530553863535	0.08244019948316102	0.1610838753219111	0.091586165175808	0.05942878674890251	0.020329192754970152	0.16214653626229275
0.07212250533847561	0.16792953853849324	0.028435991523216214	0.12030969475098052	0.07050622779047587	0.18536625394785317	0.09073115135731169	0.05710543389856141	0.018209283040813234	0.1892839198138191
0.12569323019861323	0.07829446871208451	0.04710364222631992	0.1320982845740411	0.07060557616571644	0.21212632278507887	0.08251258060753489	0.0669484553933351	0.026471183086671457	0.1581462562506044
0.12696696813018526	0.07308558114778613	0.0921887706275692	0.0610376172082883	0.07579899242833149	0.24088551986393436	0.08132757866698734	0.06174167303666191	0.028515484616024975	0.15845181427423094
0.06247288920251856	0.1616933432727175	0.05355024224504069	0.13324737538838843	0.08643835927555295	0.15131444785010695	0.09882291355558641	0.05864456379165722	0.03655490729325943	0.15726095812517185
0.07233646615213969	0.02799275873352644	0.20519923801239212	0.07260885828942848	0.06116347765337292	0.22217419178040898	0.07709170203669663	0.06279781026216177	0.03042052269459901	0.16821497438527397
0.03552480613834545	0.09430679409596662	0.17383080088594788	0.03646577221407464	0.09096328913679419	0.24890687296215352	0.08004587735680219	0.04575435425733265	0.017525166176733692	0.17667626677584913
0.12462509110630973	0.1509956018095184	0.054231666666069316	0.029176798974169166	0.08241131150122395	0.23465702243550285	0.10052825800806803	0.05662860278299467	0.030647015327054133	0.13609863138908962
0.04317136132865182	0.11893282269418311	0.17240660733024155	0.09583626428401881	0.0939201691439504	0.15422794732352196	0.07300482870860667	0.07391673686680433	0.028915736660977007	0.14566752565904434
0.06334431989557848	0.062367828494259384	0.14259340087039998	0.10435374624484368	0.09441501793116588	0.18815414266289876	0.10972450219670284	0.0655100698977379	0.03753285544821569	0.13200411635819734
0.11242064246480224	0.17726504905294205	0.04338408400979413	0.06527226236985814	0.06297872615450215	0.2130521725750661	0.10785309984834797	0.054328004870476974	0.01843765767123	0.14500830098298018
0.05753016803968083	0.11709724915548536	0.12529086318156893	0.11450581409135296	0.06643708080206924	0.20130509804503915	0.07716001099254471	0.04987204862622554	0.03283313799880275	0.15796852906723052
0.03957557653806793	0.12047979166157331	0.05184395027106834	0.14223939157793414	0.07180062483114205	0.2061190868268659	0.09975012742541293	0.055145356821043254	0.044409537929510814	0.16863655611738132
0.04365610443672692	0.16474544788320167	0.08609835979045716	0.08511837076576614	0.061118713641789585	0.2570583682868944	0.08015047610111387	0.05958539034843255	0.0275344611946452	0.13493430755097252
0.08588987013991445	0.137381354021887	0.05970928856606142	0.09081980090038143	0.0686959644787469	0.2327184122030002	0.09731458552137016	0.0457775853389047	0.029064582755013557	0.15262855607472015
0.047447486159191254	0.2674536971259338	0.13522609267207028	0.03692232330339734	0.06335342199966229	0.15194236451973517	0.08268492370006514	0.047009659976461594	0.015540813961851738	0.15241921658163135
0.09083809120477544	0.11325871066734076	0.039957481739524216	0.12740299481579398	0.06385934761570478	0.1669386177889481	0.10085896124890159	0.06229667042816817	0.045264015236046645	0.18932510925479623
0.1320243349016359	0.026935988957529883	0.10899105286041504	0.09274594278172664	0.06145778320282756	0.19102270882017164	0.104354039093962	0.057988869159742225	0.037304208222658564	0.18717507199933048
0.056357616929330945	0.031661937596629	0.18553627549263724	0.07282782114629333	0.09845038812707464	0.21878325599911275	0.07491191549494988	0.05442262500309456	0.021237508704179953	0.18581065550669773
0.08435584048418016	0.06293648140124786	0.18236613334374085	0.07942075618237071	0.06284151077973793	0.23051934628873144	0.08702944487477836	0.061456175251508746	0.029727791863282824	0.11934651953042111
0.028011951878552918	0.08496171142257469	0.10314313965110644	0.1215883002809166	0.06140430427923231	0.2587343629538094	0.11665668765191356	0.05100973261654821	0.03521116374517774	0.13927864552016814
0.15260395570769897	0.04564351403834989	0.10167809067154011	0.060265647424328814	0.09770572597945562	0.2138173286068853	0.0953862322719777	0.04881346289767797	0.035325916288865764	0.14876012611321976
0.061934887791699256	0.08273457882665333	0.17989649412225883	0.03818193097090796	0.06692237317083785	0.2182373853387628	0.0762582082327414	0.05660839413268201	0.04409479082673986	0.17513095658671674
0.027557902457630637	0.15823147959269035	0.12167013319960744	0.07688406719281816	0.09227894891857583	0.170177441164307	0.11859486025936689	0.04914338513039651	0.0421953503271183	0.14326643175748893
0.05233492651612767	0.06966322237934242	0.05035653859186734	0.122408907640884	0.08993401175965046	0.2294534790350311	0.11786628230973187	0.06267734274659537	0.020662859980910095	0.18464242903985967
0.05527546609454803	0.10263481833441464	0.21101570149701826	0.02451286956875741	0.09064411808873243	0.19890559988240514	0.08475480516230699	0.06100868966147775	0.04140534166580548	0.12984259004453386
0.12289948772002746	0.08869293559650396	0.05569495107618301	0.09442653572258095	0.08421838764263474	0.22731968967168392	0.09528247383814488	0.05838507178349654	0.042630929752180746	0.13044953719656371
0.024636912830943422	0.09993341924047028	0.20086014387381312	0.10318631659678847	0.062424015053332345	0.172618280548299	0.09025404085248458	0.06473874113389458	0.019604860408830624	0.16174326946114365
0.04323131882262914	0.14634758242013457	0.1204752040424221	0.06875543584937813	0.09087174346629762	0.17960065916550177	0.1171638020366508	0.06750792833462571	0.028342704417488068	0.13770362144487208
0.019612109180390927	0.1244606257223734	0.15736392461796495	0.12653741808237595	0.09740338344856118	0.15780371198134413	0.08736273811203976	0.06275082050850977	0.022185274078834014	0.14451999426760598
0.11737006145487458	0.0278906331747191	0.21147852991584468	0.05099843718363546	0.08690814799057549	0.2124425857401301	0.08183269774356285	0.06887640417656771	0.02181893577314588	0.12038356684694404
0.06165178765609339	0.173598941692448	0.11982476880208925	0.07999731851915863	0.06050184799964981	0.19570055654091673	0.09901510696330318	0.051477754530573516	0.02200383444578026	0.13622808284998722
0.0817579540617207	0.15710627571589125	0.11158952713178891	0.06841124335228166	0.0797708864621021	0.18805984980386994	0.09810651601558035	0.07197697558248428	0.014347818438081403	0.1288729534361994
0.07959258413513498	0.21311493077749566	0.036203440399409384	0.061584935131427376	0.07986288757392693	0.15649331694026442	0.09911235436239053	0.054081627297323284	0.04142159764933722	0.17853232573329023
0.1458793726704633	0.1362319738078027	0.026608783508072387	0.1167484566983214	0.09016158591226293	0.17765211711828577	0.07405679802983571	0.06379605023996991	0.044902050217824147	0.12396281179716159
0.14863750180958557	0.05593376844621153	0.04691707744223752	0.03502409020353424	0.08607656088177515	0.25274494518127655	0.08556337384395289	0.064273118354183	0.04149198619536058	0.1833375776418829
0.06179112155535872	0.04807059623412693	0.21693052594893164	0.03631374403812253	0.09531649446001329	0.18596539920382765	0.10129186044459722	0.06074136951011408	0.024417849655461607	0.16916103894944634
0.023777852390822377	0.12492378542767943	0.17617438754489373	0.04728275081731535	0.08373003551976957	0.18891703458032488	0.0822795832924345	0.050449143278575706	0.04453393915311579	0.17793148799506875
0.043219337923054074	0.051437726516193785	0.18113626622107065	0.06252744768347056	0.0911972871913986	0.17480425841529806	0.11427075126552359	0.06783214106339899	0.02439866816653273	0.18917611555405894
0.039279590234297855	0.14658940319225472	0.15596755221025133	0.033154934700996244	0.08435210831880438	0.216601690730469	0.10326817657816229	0.06692731621382514	0.015541097817923163	0.1383181300030159
0.07985916099123598	0.24528365555012577	0.03699083329697181	0.10724535520064926	0.06740828941340457	0.16092648498662804	0.0825996880013999	0.05623422627435452	0.016336769823075525	0.14711553646215464
0.1278179280319504	0.15834478905938776	0.09360694005675708	0.038262924817377864	0.07983047245992629	0.2047482214663499	0.08122163938444729	0.05748232665572632	0.032931058019673234	0.12575370004840378
0.048767037133164146	0.09189936908361973	0.10917595639295913	0.1099292621663932	0.09895348400893292	0.17625503988978064	0.09489955832400986	0.07188226696558465	0.029462164729645232	0.16877586130591044
