0.16575255267819325	0.16644292415804318	0.6678045231637637
0.16608520216867034	0.16746254382446918	0.6664522540068605
0.16694910558195641	0.16716013190759366	0.66589076251045
0.1661320675342017	0.16725797152732186	0.6666099609384766
0.1657876766522899	0.16659564929586768	0.6676166740518426
0.1664808107017518	0.1673159310541985	0.6662032582440498
0.16691078388320407	0.16682428476619676	0.6662649313505993
0.16591802690258167	0.16711624786879553	0.666965725228623
0.167338580552628	0.16623713869869255	0.6664242807486795
0.1658616864666845	0.1663903011444405	0.6677480123888752
0.16642474506225746	0.1670494209229626	0.66652583401478
0.1662511154200525	0.16792242095806714	0.6658264636218805
0.16564681309781973	0.1685101910858433	0.6658429958163371
0.16724757710542026	0.16649282991935685	0.666259592975223
0.16628197186850535	0.1668824773909322	0.6668355507405626
0.16641737089965378	0.16715230533485115	0.6664303237654952
0.16770446397536776	0.16633437831654818	0.6659611577080842
0.16716144507078148	0.16714879223376064	0.665689762695458
0.16750005783467142	0.16624955627617188	0.6662503858891569
0.16562699882127555	0.16763818154740548	0.6667348196313192
0.16674292505207586	0.16757789999838613	0.6656791749495381
0.16687638801517107	0.1666390085391327	0.6664846034456964
0.16589580473076512	0.16852159771239084	0.6655825975568441
0.16665455778204985	0.16763469004575607	0.6657107521721942
0.16672083302166857	0.16634254859494307	0.6669366183833885
0.16650673505643643	0.166742660438191	0.6667506045053727
0.16715984594839634	0.16641664980912904	0.6664235042424748
0.16738026058797548	0.16688427720223875	0.665735462209786
0.16757493191394662	0.16661376364543573	0.6658113044406178
0.16697256873680322	0.16668211192974755	0.6663453193334493
0.16726276676989016	0.16638196196014	0.6663552712699701
0.16702921102830623	0.16696470705724792	0.666006081914446
0.16600507671931308	0.16631779030267635	0.6676771329780107
0.16737146452179358	0.16626918340562993	0.6663593520725766
0.16714488274815958	0.16728493982193648	0.6655701774299041
0.1659007828044688	0.16626427695046375	0.6678349402450676
0.16651102087302827	0.1664931898055811	0.6669957893213907
0.16761224729191337	0.16664398954835535	0.6657437631597314
0.16561995378576552	0.16832879803711778	0.6660512481771168
0.16745392040601603	0.16685066838149643	0.6656954112124877
0.16600756299377528	0.16813118688365697	0.6658612501225678
0.16565093915774476	0.1666615980915657	0.6676874627506897
0.16587606818701284	0.1670136791269128	0.6671102526860745
0.1667031621438521	0.16704673831215855	0.6662500995439894
0.1671992288399159	0.1668666056112084	0.6659341655488759
0.16592477379516363	0.1678250244813551	0.6662502017234814
0.1669480323438955	0.16702773613618063	0.6660242315199241
0.16719456662597107	0.16712113847769355	0.6656842948963355
0.1658858484646691	0.1682598356142156	0.6658543159211154
0.16564323953110366	0.1677598741791944	0.666596886289702
0.1665381636290113	0.16763340282488604	0.6658284335461028
0.16582618604074867	0.16836910759723236	0.6658047063620192
0.16714403397654878	0.16685128807385585	0.6660046779495955
0.16701221597177277	0.16670843346236125	0.6662793505658661
0.16730607522880228	0.1666283189072755	0.6660656058639224
0.16563093937105655	0.16698829752457084	0.6673807631043727
0.16601056652419766	0.1670034326701424	0.6669860008056601
0.16674492149875675	0.16739439428288996	0.6658606842183534
0.1671763271688754	0.16656625428176425	0.6662574185493605
0.16642421935919577	0.16667628168040294	0.6668994989604015
0.16708652533495982	0.16687550252646094	0.6660379721385794
0.16662101543114502	0.16713201528130034	0.6662469692875548
0.1672448403721251	0.1663690093275138	0.6663861503003612
0.16602110439446055	0.16714110285633121	0.6668377927492084
0.16669248950703347	0.1672720181201755	0.6660354923727911
0.16598013521197408	0.16831652768588867	0.6657033371021372
0.16749347748621404	0.1663208219375396	0.6661857005762464
0.1658330145032673	0.16768666248069353	0.6664803230160392
0.1662134838664709	0.16616097306203542	0.6676255430714938
0.16561639039226073	0.1668847070040797	0.6674989026036597
0.16623985186717377	0.16703148544464996	0.6667286626881763
0.16723865964289167	0.16660187610543603	0.6661594642516724
0.1666538617517501	0.166169116097676	0.667177022150574
0.1665026133350273	0.16657569777648012	0.6669216888884928
0.166725817515528	0.1671135423187311	0.666160640165741
0.16641727538172396	0.16676548126297125	0.666817243355305
0.1669623043130033	0.16657915990211025	0.6664585357848867
0.16669266964276916	0.16677690071708595	0.666530429640145
0.1660592464626719	0.16777163951356666	0.6661691140237616
0.16589689456146317	0.1684015583771411	0.6657015470613958
0.16740487264131965	0.1670492846882911	0.6655458426703893
0.16748940861894107	0.16655622750588017	0.6659543638751788
0.16595122725412156	0.16767574097871946	0.6663730317671591
0.16720242620222278	0.16710246303292026	0.6656951107648571
0.16711346072116767	0.16654100386800402	0.6663455354108284
0.1661281902683434	0.16724920624533174	0.666622603486325
0.1660374930630977	0.16672070171915337	0.6672418052177491
0.16757544607261682	0.16633862880015013	0.6660859251272331
0.16621200448823487	0.16690572942730772	0.6668822660844576
0.1656889713940634	0.1679561277874188	0.6663549008185179
0.16561769695617326	0.16724047423734373	0.6671418288064832
0.16619040789794787	0.16684775008005884	0.6669618420219934
0.16579114641465895	0.16701352290709615	0.667195330678245
0.16619487256452228	0.1677639201544925	0.6660412072809854
0.16677995185222083	0.16623426120609736	0.666985786941682
0.16678615379533185	0.16703446323831916	0.6661793829663492
0.16720876114450267	0.16606220385814618	0.6667290349973513
0.16623989134425482	0.1662543354424577	0.6675057732132876
0.16681541055501597	0.16612702985354205	0.6670575595914421
0.16658904603167698	0.16627910945136964	0.6671318445169534
0.1659506998034589	0.16621194760252955	0.6678373525940116
0.16735612011265308	0.1663790276826625	0.6662648522046846
0.16751420068275313	0.16629770554578122	0.6661880937714657
0.1663681816180485	0.16655547080789937	0.6670763475740522
0.16571228784680125	0.16647965689483762	0.6678080552583612
0.1666087467423947	0.16619281092041277	0.6671984423371926
0.16748417982085756	0.1669715649274498	0.6655442552516928
0.16721144479513456	0.16646229468923282	0.6663262605156328
0.16571421771838812	0.1667726395158967	0.6675131427657153
0.1656557578721588	0.16822528692676303	0.6661189552010782
0.16616023348525075	0.16717327953386107	0.6666664869808883
0.16565673783914772	0.1671128796398984	0.667230382520954
0.16569425488071232	0.167888599853484	0.6664171452658039
0.1656140404836722	0.16691039813244524	0.6674755613838828
0.16675010351337044	0.16699299616551466	0.666256900321115
0.16600168725856707	0.16673846841174317	0.6672598443296898
0.1668162473923562	0.16624942411243893	0.666934328495205
0.1669855095888091	0.16679836502042145	0.6662161253907697
0.1670370768064258	0.16619639041893533	0.666766532774639
0.16652659171216946	0.16606073554382672	0.667412672744004
0.16689748765853069	0.16724977803912555	0.6658527343023439
0.16673123906035528	0.16633094457854644	0.6669378163610984
0.16713173995392008	0.1670235972716329	0.6658446627744472
0.1658022812705048	0.16805130027212403	0.6661464184573713
0.1658435115357868	0.16695520996881696	0.6672012784953963
0.16641840943855415	0.1674881424515895	0.6660934481098564
0.16573603900547978	0.16786878540979766	0.6663951755847226
0.16718773787935756	0.16649564737513473	0.6663166147455079
0.16599939499954092	0.1671665788014701	0.6668340261989891
0.16686784641949928	0.16613401473807612	0.6669981388424248
0.166206203810294	0.16693715079303023	0.6668566453966759
0.16684813614383961	0.16698965908873525	0.6661622047674253
0.1659566434327185	0.16707314827843156	0.6669702082888501
0.1663067962574828	0.1671035352155309	0.6665896685269864
0.16711686125225353	0.16698168286752074	0.6659014558802259
0.166258897669602	0.16680792523861698	0.6669331770917811
0.16593006961839687	0.16628053627365136	0.667789394107952
0.16570934824632488	0.16842955338741772	0.6658610983662576
0.16642615251079293	0.16801999911720683	0.6655538483720004
0.16693937488703003	0.1668164755273523	0.6662441495856178
0.16697319216261153	0.16633276772835565	0.6666940401090329
0.16680407537388275	0.16749109099884774	0.6657048336272696
0.16608888564388458	0.16786481240897666	0.6660463019471388
0.1661109432280963	0.16757224451084923	0.6663168122610545
0.16605857437123994	0.16802885033240084	0.6659125752963594
0.16602514328664766	0.16760317379848227	0.6663716829148703
0.16691711729378048	0.167272357736856	0.6658105249693637
0.16633628100150988	0.16762933365868388	0.6660343853398063
0.16738403058218493	0.1660768212716572	0.666539148146158
0.16676628464424526	0.1671250057267427	0.6661087096290121
0.1662483084199063	0.16740063107558734	0.6663510605045064
0.16564038056814268	0.16789123438160122	0.6664683850502562
0.16682747491676925	0.16715837160077957	0.6660141534824513
0.1668781912702823	0.16713785992333224	0.6659839488063856
0.16668883877702306	0.16722947345055467	0.6660816877724224
0.16619839145315335	0.16754899521358874	0.666252613333258
0.16726425393172206	0.16696205315835227	0.6657736929099258
0.16632977581874508	0.168131372440672	0.665538851740583
0.1662841703850536	0.16778611697391999	0.6659297126410265
0.16673602073355928	0.16626804746647042	0.6669959317999704
0.16588655754685946	0.16847218087023408	0.6656412615829066
0.16640129511320276	0.16803652687720722	0.6655621780095902
0.16620875402733332	0.1678418228778443	0.6659494230948224
0.1656280967251363	0.16790612909664412	0.6664657741782197
0.16669615506382174	0.16708920630552732	0.6662146386306511
0.1658411113411239	0.16641746665037369	0.6677414220085025
0.16601572545561175	0.1673343445430131	0.6666499300013753
0.16618168989480642	0.1663503128630886	0.6674679972421051
0.16700004484145575	0.16645287486973032	0.666547080288814
0.16642398441608544	0.16726920554909588	0.6663068100348188
0.1668141645035133	0.16669440082465972	0.6664914346718271
0.16635391031381663	0.16642819742634607	0.6672178922598374
0.16728789082987827	0.16617264787935004	0.6665394612907718
0.16581686722831032	0.16804386853482642	0.6661392642368633
0.1664437701807835	0.16702990543206886	0.6665263243871478
0.16632356912213003	0.16790624843604396	0.6657701824418261
0.16754506418051918	0.16652344592832863	0.6659314898911523
0.16600690655651698	0.16628190739766774	0.6677111860458154
0.16632949981177397	0.16654116721838266	0.6671293329698434
0.16723220666735705	0.1667986513219437	0.6659691420106995
0.16715789912810483	0.16671720851498234	0.666124892356913
0.16610254275847175	0.16715924605089338	0.666738211190635
0.1666439465896141	0.16613395096837796	0.6672221024420081
0.16719711962526546	0.16696017889821402	0.6658427014765207
0.16609567412435766	0.16704111372871025	0.6668632121469322
0.16569210412356783	0.1677689149110122	0.6665389809654201
0.16653996870410176	0.1662751933044762	0.6671848379914223
0.16615112121298964	0.16613336916610671	0.6677155096209038
0.16636878750263306	0.16712600715974826	0.6665052053376188
0.16577310833608702	0.16771751855324096	0.6665093731106722
0.16575352845460764	0.16762175608531374	0.6666247154600787
0.16615579663036545	0.16605335188833792	0.6677908514812968
0.1657773796415752	0.16738603524556964	0.6668365851128553
0.16618326492187044	0.1680957590977655	0.6657209759803642
0.16698662099048284	0.16652613305856245	0.6664872459509548
0.16663441508775587	0.1674993481215455	0.6658662367906988
0.16623225959304327	0.1671181647095531	0.6666495756974038
0.16632761121095546	0.166693362216779	0.6669790265722657
0.16597568560666792	0.1678570097351014	0.6661673046582308
0.16595347398339805	0.16829873894256442	0.6657477870740376
0.16614678606444216	0.16815133738523524	0.6657018765503228
0.16574595355099686	0.16784746859960964	0.6664065778493936
0.16608434330474603	0.16767955695786863	0.6662360997373855
0.16765484463510355	0.16667296581128935	0.6656721895536073
0.1661940152082567	0.16812401849399083	0.6656819662977527
0.16619220201898893	0.16629714367471282	0.6675106543062984
0.16734617721403228	0.1661218884213615	0.6665319343646063
0.1658760478191163	0.1666416679556762	0.6674822842252076
0.16581555160757663	0.16671527855028562	0.6674691698421379
0.16688704667722992	0.1661234372063478	0.6669895161164223
0.16566154066472719	0.1673655744321235	0.6669728849031494
0.16609001163876153	0.16759478153077909	0.6663152068304595
0.1656563926793951	0.1681521730803875	0.6661914342402175
0.16580666264424543	0.1677224179036192	0.6664709194521354
0.16613434754406947	0.166848339106141	0.6670173133497896
0.16755190410973075	0.16639790743482366	0.6660501884554457
0.16669734567314323	0.16738669181725302	0.6659159625096038
0.16614734957501676	0.16687778669488687	0.6669748637300965
0.16610210700929762	0.16819626891788214	0.6657016240728204
0.16690754375067948	0.16644918697248362	0.666643269276837
0.1664800239927779	0.1665825897380775	0.6669373862691448
0.16644912548899152	0.1676103051780154	0.6659405693329932
0.16737061819646437	0.16613106237777361	0.6664983194257621
0.16771526370868858	0.16648983751176366	0.6657948987795479
0.16664877315554238	0.1664492640741122	0.6669019627703455
0.16682737358038816	0.16682957017855532	0.6663430562410566
0.1662213673243036	0.16611566184593038	0.6676629708297661
0.16727890302117077	0.1664066615730197	0.6663144354058097
0.16762359403455654	0.1663972150026688	0.6659791909627748
0.16751596711773284	0.16693382287316835	0.6655502100090989
0.16642798405710993	0.16772598588563367	0.6658460300572565
0.16726984596023242	0.1660714663041761	0.6666586877355916
0.16685163701004374	0.1661076375660671	0.6670407254238893
0.16579006942901509	0.1670751584638715	0.6671347721071135
0.16595987207771512	0.1683984298592342	0.6656416980630508
0.1659407908156031	0.16835394309059198	0.665705266093805
0.1659415840915083	0.1663701220313836	0.6676882938771083
0.16740735775203902	0.1665788417556919	0.6660138004922692
0.16617031491550163	0.16641018443154215	0.6674195006529563
0.16637704778379925	0.1672144714951146	0.6664084807210862
0.16705658048236802	0.16657896242326736	0.6663644570943646
0.165683439165224	0.16649988839947655	0.6678166724352996
0.1659338689865517	0.16818135733750533	0.665884773675943
0.16659378636779149	0.16734006364182547	0.666066149990383
0.16595121157508458	0.16791933118536395	0.6661294572395515
0.16575990657891618	0.16712227664844387	0.6671178167726401
0.16693952176884164	0.167448723436532	0.6656117547946265
0.16582789311650262	0.16772001679908644	0.6664520900844111
0.16690694599227648	0.1668975676315295	0.6661954863761941
0.16671886526377078	0.16682295256573765	0.6664581821704917
0.16589949397237025	0.16725314152152498	0.6668473645061048
0.1661742501365968	0.16739096684774157	0.6664347830156617
0.16568486410702227	0.166855256623189	0.6674598792697888
0.1665963841630867	0.16737695671273617	0.6660266591241772
0.16603550007963774	0.16716398597075424	0.6668005139496082
0.16603824470962836	0.16781015766421709	0.6661515976261547
0.1657772047107935	0.16663080641679806	0.6675919888724086
0.16737895440799236	0.16703244807682832	0.6655885975151794
0.16719757758120932	0.16674025429195688	0.6660621681268339
0.1660427722305253	0.1664834661229993	0.6674737616464756
0.166286366151073	0.16802193981066887	0.6656916940382582
0.16565649708438007	0.16760455685403797	0.666738946061582
0.16651771908434929	0.1664800225063932	0.6670022584092576
0.16569826266108834	0.16803848302170482	0.6662632543172069
0.1662333811882732	0.16653451268565866	0.6672321061260682
0.16665506315475623	0.166429885190668	0.6669150516545759
0.166912074426742	0.16694627637789727	0.6661416491953609
0.16571864153966487	0.16702705242228238	0.6672543060380529
0.1663718674237964	0.16783469429871842	0.6657934382774853
0.16671862787607072	0.1676153236124917	0.6656660485114376
0.16596730377806915	0.16633750951129303	0.6676951867106379
0.1660032517499629	0.16697341310506036	0.6670233351449768
0.165888265782982	0.16675191324071553	0.6673598209763025
0.16608207511309261	0.1676164024977474	0.6663015223891601
0.16646562119031072	0.1679941597742653	0.665540219035424
0.16609971599780607	0.16815282765304984	0.6657474563491442
0.16564988344807322	0.16847685351246805	0.6658732630394588
0.16747386427723482	0.1664103206500835	0.6661158150726818
0.16612384447665018	0.1664815518633327	0.6673946036600172
0.16705995410397537	0.167343679802336	0.6655963660936888
0.16598323612343976	0.1665890759514938	0.6674276879250666
0.16705452739759344	0.16658109595783477	0.6663643766445719
0.16605163404390086	0.1671792862985049	0.6667690796575944
0.16617846455066912	0.16728897268712578	0.6665325627622052
0.1660115763503205	0.16739373508457359	0.666594688565106
0.16573868119202678	0.167555819285471	0.6667054995225024
0.1665261970931683	0.1662741791098351	0.6671996237969967
0.16670267276437467	0.1672691023242758	0.6660282249113496
0.16583444347657095	0.16637516138146496	0.6677903951419641
0.16562942068733313	0.16832942987716232	0.6660411494355047
0.1663032056092488	0.16628489800232132	0.66741189638843
0.16648051269356662	0.1677361230460431	0.6657833642603904
0.1670989116630544	0.16695038687052077	0.6659507014664249
0.16619788080098427	0.1663724298230394	0.6674296893759765
0.1671087275175687	0.16682367967530565	0.6660675928071258
0.16610682686878028	0.1665791929489649	0.667313980182255
0.16639127984755522	0.1670606637860717	0.6665480563663732
0.16739624967980404	0.16649015170760956	0.6661135986125866
0.16691080925586105	0.16742267611979372	0.6656665146243453
0.1662636017259808	0.1677367335108673	0.6659996647631521
0.16615333743693428	0.16619458470841963	0.6676520778546462
0.1656454637372405	0.16808159711571757	0.6662729391470421
0.1657257300658601	0.16848448151180687	0.6657897884223332
0.16773042831148266	0.16654806184906973	0.6657215098394478
0.16651581332887488	0.16769165799816826	0.6657925286729569
0.16772574846558158	0.16641793682188682	0.6658563147125317
0.16578491584349989	0.16665799427684252	0.6675570898796577
0.16703121444365	0.1669936934311551	0.665975092125195
0.16623921032650835	0.16683537160746253	0.6669254180660292
0.167323082859233	0.166709991010504	0.6659669261302631
0.16601769815697656	0.1678530077287807	0.6661292941142429
0.16760263989491903	0.16652339183567427	0.6658739682694068
0.16646230649793375	0.16687000200576727	0.6666676914962992
0.16571077068808715	0.16742146486096354	0.6668677644509494
0.16768512868364974	0.16652978251704564	0.6657850887993046
0.1676561936049092	0.1661270669903156	0.6662167394047753
0.1657146055193991	0.167041454424702	0.6672439400558989
0.1657914000986716	0.16670089883091863	0.6675077010704098
0.1669856169929939	0.16659449834757767	0.6664198846594285
0.16656330618852344	0.16773154986272867	0.665705143948748
0.16734064822578595	0.1667967269604167	0.6658626248137975
0.16705718396230163	0.16607640186594008	0.6668664141717584
0.16573604889686358	0.16662377170466303	0.6676401793984734
0.16608386640134162	0.16678038761806058	0.667135745980598
0.16660571249002457	0.16778169100787993	0.6656125965020956
0.1664691516066768	0.16740324044236143	0.6661276079509619
0.1670566188029543	0.16693870725437363	0.6660046739426722
0.1669466337892364	0.16750827565292403	0.6655450905578397
0.16585759484760437	0.1678288690065835	0.6663135361458121
0.16727050532520993	0.16624412727499216	0.666485367399798
0.16590735746760243	0.16748215399910427	0.6666104885332934
0.16604503786275127	0.1673997581675018	0.6665552039697471
0.16639634019175173	0.16695931317592877	0.6666443466323195
0.16599301099906816	0.1664145278342215	0.6675924611667104
0.16671658422860025	0.16716234777080421	0.6661210680005957
0.16576224492500505	0.1679466794482083	0.6662910756267868
0.1674714539374731	0.16697981982530608	0.665548726237221
0.16636772720944368	0.16672682968776364	0.6669054431027928
0.1659469988707524	0.16707742479284804	0.6669755763363997
0.16593672795771328	0.16681846271471573	0.6672448093275711
0.16617958828982948	0.16806036942238645	0.6657600422877841
0.16657890847419107	0.16642690386432696	0.6669941876614821
0.16596062958486307	0.16624273630529723	0.6677966341098398
0.16693300440173411	0.16646037206692235	0.6666066235313437
0.16762870751880016	0.16682719266515478	0.6655440998160451
0.16655030251689293	0.1672867654051452	0.666162932077962
0.1664827718388355	0.16605106469521358	0.6674661634659511
0.16596385377829254	0.1681832135756206	0.6658529326460869
0.167365209375689	0.16643661142029853	0.6661981792040126
0.16684501155606862	0.16684671145954044	0.6663082769843911
0.1662071603906343	0.1662467944526132	0.6675460451567525
0.16570120887331394	0.16846667611699062	0.6658321150096955
0.1670871171535283	0.16642432963792975	0.6664885532085421
0.1665306402061653	0.16648297529214903	0.6669863845016859
0.167344691840865	0.1669440110101727	0.6657112971489625
0.16590514369678547	0.1673812133780488	0.6667136429251659
0.1656224805674914	0.16747332965183753	0.6669041897806711
0.16712856787132518	0.1671802953742336	0.6656911367544414
0.16685637310553703	0.16636167951211386	0.6667819473823492
0.16765274832536617	0.16639884140104177	0.6659484102735922
0.16685635494596993	0.16610754470624486	0.6670361003477854
0.16617563246991726	0.16678755192019973	0.6670368156098831
0.16572794096306556	0.16796485553054985	0.6663072035063847
0.1659716490770146	0.16837938460352636	0.6656489663194591
0.16580415794377545	0.1665195558077212	0.6676762862485035
0.16567794726931656	0.16649799909740154	0.667824053633282
0.16562971379078234	0.16732529007725339	0.6670449961319644
0.16642062901896906	0.1673884916918899	0.6661908792891411
0.16647461979000372	0.16685620987579516	0.6666691703342011
0.1664663041899125	0.16769410961420406	0.6658395861958836
0.1674985777960699	0.1667541927261027	0.6657472294778275
0.1661922032350594	0.16645302196251116	0.6673547748024296
0.1664260479751233	0.16652632208983587	0.667047629935041
0.1657563625177739	0.16696161958574152	0.6672820178964847
0.1657157750842847	0.16834798762178305	0.6659362372939324
0.16624675363182856	0.16641331856924635	0.6673399277989251
0.1663534156555586	0.1679003841728091	0.6657462001716324
0.16644101761254476	0.16609541623897056	0.6674635661484849
0.1665202670675633	0.1676861295655231	0.6657936033669137
0.16629551666544196	0.16697437301485857	0.6667301103196996
0.16698250992392877	0.16644182177083156	0.6665756683052397
0.16629755884936498	0.1678503561606096	0.6658520849900256
0.16574534436637944	0.16821664651392998	0.6660380091196907
0.16684078731006008	0.16711308121233856	0.6660461314776015
0.16736376046201942	0.16652434637079838	0.6661118931671823
0.16605629593117732	0.16657229821373132	0.6673714058550915
0.1668084259675739	0.1662385708513474	0.6669530031810789
0.16744138916177081	0.16666158145276966	0.6658970293854596
0.16633860371769654	0.16641988550648779	0.6672415107758158
0.1659294092166136	0.16770164784325425	0.6663689429401323
0.16602903809487266	0.16737306312608652	0.6665978987790409
0.1661313767244055	0.16633792939108927	0.6675306938845054
0.16685250389346049	0.1666730714635497	0.6664744246429899
0.16669613276582357	0.16661570009178078	0.6666881671423958
0.1662642748038728	0.1676858917403389	0.6660498334557885
0.16590846315273186	0.16806682326493766	0.6660247135823305
0.16643566303856278	0.16648495119566298	0.6670793857657744
0.1665824765231094	0.1662711083425646	0.667146415134326
0.1671115989529219	0.1661262381219989	0.6667621629250793
0.16645736976923214	0.16620696740997215	0.6673356628207958
0.16562706133045266	0.16728868316788711	0.6670842555016603
0.16721156911942064	0.16617066704430447	0.666617763836275
0.16748782300991538	0.16625768646749506	0.6662544905225898
0.1673163967369174	0.16650296966044661	0.6661806336026361
0.16654423199778495	0.16790862424485964	0.6655471437573555
0.1673759175671514	0.16622273927258469	0.666401343160264
0.16695328213396926	0.166463548685556	0.6665831691804749
0.16692266149956764	0.16662766084864536	0.6664496776517872
0.1663538297054856	0.16673851520875654	0.666907655085758
0.1662783526727043	0.1662629453025852	0.6674587020247107
0.1676611917446962	0.16644043901050967	0.6658983692447942
0.16683402691066687	0.16667435595090763	0.6664916171384256
0.16613931775503402	0.16736762364053953	0.6664930586044266
0.16726348953464473	0.1661411939255102	0.6665953165398453
0.16700776804881579	0.166558353626596	0.6664338783245884
0.16627964021153854	0.16741685648279642	0.6663035033056652
0.16572177861816428	0.16788022881761264	0.6663979925642232
0.16637075497707884	0.16743354896122095	0.6661956960617004
0.1671080293860065	0.16629355754112907	0.6665984130728646
0.1669647743958168	0.1672236164158571	0.6658116091883262
0.16597367186169132	0.16634813933638226	0.6676781888019265
0.16748953222711666	0.16637821372186318	0.6661322540510204
0.16599137672564054	0.16659656699346537	0.6674120562808943
0.16609005318262046	0.16625429737011466	0.667655649447265
0.1672361269250005	0.16681665347912858	0.665947219595871
0.1674476220658774	0.1666324610969175	0.6659199168372052
0.16599459939912897	0.1664565856558838	0.6675488149449873
0.16748594933350938	0.16630151679052926	0.6662125338759615
0.16639861209353157	0.1667473599651462	0.6668540279413224
0.1661430921731335	0.16688838032395797	0.6669685275029086
0.1657721199986651	0.1679800912038314	0.6662477887975037
0.16612982749118121	0.16610346894530054	0.6677667035635184
0.1664371440512758	0.16625309387147041	0.6673097620772539
0.16656898164386263	0.16655386131386948	0.666877157042268
0.16668023426862688	0.16679457745325788	0.6665251882781154
0.16572891819597288	0.1679689118877486	0.6663021699162786
0.16699397415402253	0.167134289896345	0.6658717359496327
0.16606737367938348	0.16770806214070932	0.6662245641799074
0.167195806603612	0.16644604848926792	0.6663581449071202
0.16745312363683826	0.16668918406441935	0.6658576922987425
0.16616759204026493	0.1668235564858052	0.66700885147393
0.16736740092452135	0.1660665138635467	0.6665660852119321
0.16579099697347555	0.167054456498684	0.6671545465278406
0.16657634451070552	0.16615880730519267	0.6672648481841019
0.16707003773906062	0.16637137648457528	0.6665585857763643
0.16568093844494114	0.16824635102782012	0.6660727105272388
0.16686820811304548	0.1669421997779798	0.6661895921089749
0.16669327195170994	0.16619445755491336	0.6671122704933768
0.1657213596511385	0.16739079636362503	0.6668878439852366
0.16574259111664255	0.1675257888827724	0.6667316200005852
0.1675040368324976	0.16634849433475507	0.6661474688327474
0.16675234330336447	0.16641225014847266	0.666835406548163
0.16624701238741024	0.16811902782590873	0.6656339597866812
0.1675863140076958	0.16665084734243532	0.6657628386498691
0.1661751586129642	0.1673148099227794	0.6665100314642565
0.1659153175241359	0.1671535309658635	0.6669311515100007
0.16647705348554784	0.16795345945060008	0.6655694870638522
0.1667802454435181	0.16742906313497863	0.6657906914215034
0.16588699679617425	0.16637885238421252	0.6677341508196133
0.16610641769853807	0.16681599822349294	0.6670775840779691
0.16596650956178013	0.16753741610339692	0.666496074334823
0.16634641153981072	0.16776143081758027	0.6658921576426091
0.16617683235090844	0.167262519577296	0.6665606480717958
0.16602117452376858	0.16782649097062066	0.6661523345056108
0.1668438242645085	0.16638597541614975	0.6667702003193419
0.16640475637473762	0.16793069344620232	0.6656645501790601
0.16622552669591553	0.16764080555710936	0.6661336677469752
0.16577196660681864	0.16754873815650534	0.6666792952366761
0.16581591858513212	0.16852427954078159	0.6656598018740865
0.1666440759040113	0.1664376711669116	0.6669182529290771
0.16566312254282042	0.16747372492894103	0.6668631525282387
0.16673112887073077	0.16708891207446608	0.6661799590548032
0.16627917309175705	0.16718575413843825	0.6665350727698048
0.16761077632953875	0.16651656188749236	0.665872661782969
0.16566394106462884	0.16758041933856926	0.666755639596802
0.16588583920063138	0.16674272071447277	0.667371440084896
0.16575086687187865	0.1665441414581551	0.6677049916699664
0.16688889955859565	0.1674758242491449	0.6656352761922595
0.16631014870427352	0.1665155169960531	0.6671743342996734
0.16727800156232894	0.16657311311648756	0.6661488853211837
0.16677660868407154	0.1666431498149481	0.6665802415009805
0.16652651129226054	0.1670126377895153	0.6664608509182243
0.16753855312294277	0.16621355764650025	0.666247889230557
0.1659757171322224	0.16702160474648717	0.6670026781212905
0.16757570452643994	0.16672799465403984	0.6656963008195204
0.1664175765686673	0.1662391473497403	0.6673432760815925
0.16577518160567145	0.16735249128385662	0.6668723271104721
0.16634814153052538	0.1670569112881064	0.6665949471813684
0.16710355160889998	0.16606141524946078	0.6668350331416394
0.16682519265202309	0.16732419082205996	0.665850616525917
0.16763914420153922	0.1661856089411384	0.6661752468573225
0.16564937217315778	0.1666666929307215	0.6676839348961208
0.1675132867836961	0.16658748413411223	0.6658992290821918
0.16631791221255796	0.16767699333310204	0.6660050944543401
0.16626052685052484	0.16716881670821554	0.6665706564412597
0.16619921741839877	0.16703511992291814	0.6667656626586833
0.16611994013798703	0.16674520466195614	0.667134855200057
0.16660416968416666	0.1661067545448276	0.6672890757710058
0.16657656343205207	0.16752314820978476	0.6659002883581633
0.16614030156070633	0.16704070611412408	0.6668189923251697
0.16745117037023755	0.16678764814324476	0.6657611814865179
0.16585634593500292	0.16716804927015955	0.6669756047948376
0.16676110077035913	0.16631699305692355	0.6669219061727174
0.16728266875982278	0.16666938103344717	0.6660479502067301
0.1665204021504743	0.16655158940448314	0.6669280084450426
0.16604060967498316	0.1664872290138989	0.6674721613111181
0.1673154035154199	0.16674487812714028	0.66593971835744
0.16680193942649024	0.1674266709076812	0.6657713896658286
0.16596662359339143	0.1671248497712	0.6669085266354087
0.167049636808389	0.16714146097971466	0.6658089022118965
0.16612384767706342	0.16686562762369433	0.6670105246992424
0.16623166702954198	0.16690465308451347	0.6668636798859446
0.16646653194337452	0.16774827408101795	0.6657851939756076
0.1658311986133284	0.1683263805483825	0.6658424208382892
0.16701256947579055	0.1672394991458267	0.665747931378383
0.1660529154051517	0.16613940927635645	0.667807675318492
0.1676295307737063	0.16675360639576842	0.6656168628305255
0.1674370285447371	0.16630825897733909	0.6662547124779239
0.16628820671188577	0.16724577480114944	0.6664660184869649
0.16716184458402505	0.16650540519332208	0.666332750222653
0.16733944688692004	0.16615562976295756	0.6665049233501226
0.1661169596141208	0.16638526207506565	0.6674977783108137
0.1660984976987084	0.1673794077677631	0.6665220945335286
0.16581659189938316	0.16786463187021733	0.6663187762303997
0.16609717570140287	0.16677481685083723	0.66712800744776
0.16631190586636185	0.1661581331286894	0.6675299610049489
0.16678661246402846	0.16640019810988516	0.6668131894260865
0.16647263598071363	0.16669292837694172	0.6668344356423448
0.16633838729131573	0.1673326422836992	0.6663289704249852
0.16694618565865463	0.1673142761786911	0.6657395381626543
0.16638192861293355	0.16659218102951207	0.6670258903575546
0.16607724355651998	0.16838309057834777	0.6655396658651324
0.16614099780444253	0.16730383034082758	0.66655517185473
0.16654823286896964	0.16714291579921142	0.6663088513318189
0.16736310576172186	0.16639064758971472	0.6662462466485635
0.1661486766449977	0.16827379399643863	0.6655775293585637
0.16606823485435135	0.16707672478052177	0.666855040365127
0.16625539500765713	0.16698272783721965	0.6667618771551234
0.1660911923512506	0.16658675674705742	0.6673220509016922
0.16703562652580226	0.1672706589253238	0.665693714548874
0.1669358423199082	0.16654433115984807	0.6665198265202439
0.16769862332091007	0.1663064241704211	0.6659949525086689
0.16612659531011698	0.16752639372056063	0.6663470109693225
0.1667822043142579	0.16652864203297946	0.6666891536527628
0.1657834155539541	0.16657463682562934	0.6676419476204167
0.16665950847368327	0.16726069595588514	0.6660797955704317
0.16599719743402425	0.16684169973273105	0.6671611028332449
0.16742369141295366	0.16608213720709863	0.6664941713799478
0.16765697402996516	0.1661365847556527	0.6662064412143822
0.16648928281295505	0.16680736892225292	0.6667033482647922
0.1670509219703148	0.16619920442018116	0.6667498736095041
0.16709413081216676	0.16701159532196427	0.6658942738658691
0.1656270985004003	0.16797624196647948	0.6663966595331203
0.1661698458775159	0.16694400168444717	0.666886152438037
0.16603544599443812	0.16813794840441335	0.6658266056011486
0.1656720711664013	0.16752816998514874	0.66679975884845
0.16583244242390394	0.16656974301732863	0.6675978145587675
0.16585044998460216	0.16764772319285437	0.6665018268225437
0.16727232104904416	0.16698960315907108	0.6657380757918849
0.16586803376069087	0.16752237666968284	0.6666095895696263
0.16596763700092743	0.1673371571815397	0.666695205817533
0.16671928153912494	0.1674271611339132	0.6658535573269619
0.1665647976683096	0.16762508120055514	0.6658101211311354
0.16617965770515122	0.1664835494907348	0.6673367928041141
0.16603049306300063	0.16736423970080275	0.6666052672361968
0.16585995575406826	0.16704642973965195	0.6670936145062798
0.1673575923918646	0.16605620815249206	0.6665861994556435
0.16686206114434382	0.16605549046524637	0.66708244839041
0.16628914452964105	0.16650610278987596	0.6672047526804832
0.1658284872065358	0.16787664670305152	0.6662948660904128
0.16700622671203574	0.166179251798116	0.6668145214898484
0.16599746515894037	0.16784930285043606	0.6661532319906237
0.16687065343219382	0.16702997386196686	0.6660993727058395
0.16563294377761145	0.16768574488299542	0.6666813113393932
0.16637849929422455	0.16621496548908155	0.667406535216694
0.16593901880774461	0.1670944676149598	0.6669665135772957
0.1662096105562236	0.16708970281549068	0.6667006866282859
0.1670707489597957	0.1667301106000511	0.6661991404401533
0.1675623340814233	0.16628958886183012	0.6661480770567467
0.16737894934851952	0.1665555418739066	0.666065508777574
0.16634322843938387	0.1665123356288302	0.667144435931786
0.16565469811996197	0.16825720444885967	0.6660880974311785
0.16719493850484657	0.16666098563293918	0.6661440758622144
0.16623934452310724	0.1669072088650156	0.6668534466118772
0.1660980228810698	0.16681318618744218	0.6670887909314881
0.1659886499727235	0.1682914767541902	0.6657198732730865
0.1664384785681987	0.16662190310489142	0.66693961832691
0.16665835118387284	0.16703971588135816	0.6663019329347691
0.16686178834166696	0.16704366483426814	0.6660945468240651
0.16619312779646694	0.16819771188602695	0.6656091603175063
0.16718620222529862	0.16660924238189656	0.666204555392805
0.1661320693215405	0.16656848342294298	0.6672994472555166
0.16561406992373695	0.16847937147704695	0.6659065585992163
0.16632799240223753	0.16793841223051736	0.6657335953672452
0.16566438171477063	0.1665718883038247	0.6677637299814048
0.16647138003868558	0.16671896899520122	0.6668096509661132
0.16583525393040371	0.1668824817098261	0.6672822643597702
0.1675569143068809	0.16682939870876823	0.665613686984351
0.1656355065417099	0.16809071796187425	0.666273775496416
0.16597233213271864	0.16770827808520908	0.6663193897820724
0.1661746000365518	0.16790868897755779	0.6659167109858906
0.16603088644788877	0.16767104177083875	0.6662980717812725
0.16624039826537745	0.16757149209261119	0.6661881096420115
0.16633001611501935	0.16743937060818964	0.6662306132767911
0.16639271233387343	0.16785768034092702	0.6657496073251996
0.16642821762093396	0.16797760237890513	0.665594180000161
0.16722542201610552	0.16717249929811218	0.6656020786857825
0.16682283848134669	0.1675997858769421	0.6655773756417114
0.16636083872313062	0.1664539244891154	0.6671852367877542
0.16584006875002782	0.1670133131371202	0.6671466181128521
0.1668248823652407	0.16704807255660317	0.6661270450781562
0.1656718060596583	0.16687174360998647	0.6674564503303554
0.1666221244801262	0.16633586731686206	0.6670420082030118
0.16620418613648655	0.16762354981842875	0.6661722640450849
0.16625614919471696	0.16640074903066415	0.667343101774619
0.16629935328922638	0.16621780213144394	0.6674828445793297
0.1667011687599294	0.16718109183600538	0.6661177394040654
0.16609538263452875	0.16650072878624605	0.6674038885792253
0.1663898726565529	0.16623527957921586	0.6673748477642314
0.16608823061976147	0.16775870083357902	0.6661530685466597
0.1657771832436509	0.1677872362770508	0.6664355804792984
0.16694023525616258	0.16731567433575525	0.6657440904080822
0.16654239297802392	0.16607313185267306	0.6673844751693031
0.1657547699801716	0.1668957744125274	0.6673494556073012
0.16606002216582103	0.16747724653257284	0.6664627313016063
0.1672535611509056	0.16693706179290535	0.6658093770561893
0.16597830412988235	0.16637611211633282	0.6676455837537849
0.16640431751383666	0.1674422338248321	0.6661534486613314
0.16651250509546786	0.16759631083162815	0.6658911840729042
0.16673007713192273	0.16682001375535632	0.666449909112721
0.16679794065443848	0.16624709668447019	0.6669549626610914
0.1670231385911588	0.1661881683399799	0.6667886930688613
0.16674609850871466	0.16645987058006695	0.6667940309112186
0.16743990925062166	0.1669164543880996	0.6656436363612789
0.16681546517897258	0.1668376962713502	0.6663468385496774
0.16706925963446198	0.1669580805293131	0.665972659836225
0.1660337346346159	0.16806281364917702	0.6659034517162072
0.16569049794116897	0.16811273896545564	0.6661967630933756
0.16714875147835778	0.16605158195842515	0.6667996665632172
0.16616273779133567	0.1678812431113341	0.6659560190973304
0.167339374537116	0.16666622428398314	0.665994401178901
0.16639952864943075	0.16620965290855066	0.6673908184420188
0.1659000663873682	0.1678677073678588	0.6662322262447731
0.16613830073355929	0.16802985246585983	0.665831846800581
0.16649259564568436	0.16762994586640295	0.6658774584879128
0.16715926276469154	0.1663351138907343	0.6665056233445743
0.16579014415136972	0.1667222704893878	0.6674875853592426
0.16644008248556078	0.166332402819998	0.6672275146944413
0.1671259547928658	0.1669123856417723	0.665961659565362
0.16643191086560707	0.16726288795396665	0.6663052011804264
0.16565198830405817	0.16691034763467777	0.6674376640612643
0.16694002134298194	0.16737729210827068	0.6656826865487475
0.16616141666721929	0.16646059240908062	0.6673779909237002
0.16645907468696372	0.16677116914626217	0.6667697561667743
0.16753208421879018	0.1666617015707718	0.6658062142104382
0.16638292213982514	0.16616598992335546	0.6674510879368195
0.16624049519113304	0.16669605314576683	0.6670634516631002
0.16584406924132392	0.16817872208610615	0.66597720867257
0.16619773839047008	0.16746786634338476	0.6663343952661452
0.16675020221084472	0.1672409046017694	0.666008893187386
0.1675195417509824	0.16644609247982334	0.6660343657691944
0.16619675571588294	0.1679195801891241	0.665883664094993
0.1672384940509417	0.16694719949294692	0.6658143064561115
0.16607787718869843	0.16776575783336556	0.6661563649779361
0.16755670544050538	0.16672845767895167	0.665714836880543
0.1667882822735714	0.16765325526521982	0.665558462461209
0.16657831904299022	0.16607787243044358	0.6673438085265663
0.16588078609891763	0.16823885838873903	0.6658803555123435
0.16715458037378847	0.16695539148934363	0.665890028136868
0.1659469993732737	0.1674096052612748	0.6666433953654516
0.16749006109486747	0.16621263756251692	0.6662973013426157
0.16765867993816888	0.16654511396395488	0.6657962060978764
0.16567768434066177	0.1670964090109804	0.6672259066483579
0.16606072280169887	0.16641942899684037	0.6675198482014608
0.16569528721645477	0.1685005874274786	0.6658041253560667
0.16636956615238827	0.1665971741464975	0.6670332597011144
0.16632591875457303	0.1676006149946428	0.6660734662507843
0.16669922786858893	0.16748447200934105	0.66581630012207
0.16652964965298397	0.16749580310974815	0.665974547237268
0.16660987449180908	0.16649706432361902	0.666893061184572
0.16717300453697137	0.16687072996520746	0.6659562654978213
0.16765720534887074	0.16638633566713185	0.6659564589839976
0.1669675598933591	0.16739015765073584	0.6656422824559052
0.16621932380580376	0.16733086591765708	0.6664498102765393
0.16632591842403965	0.16728767741359107	0.6663864041623695
0.16588475816745557	0.1679735544626443	0.6661416873699002
