0.1675563704319109	0.16727566461202545	0.6651679649560638
0.1667483740860424	0.1678165183035283	0.6654351076104295
0.16750240039534378	0.16654340018874636	0.6659541994159099
0.1669067793008399	0.16705086495914395	0.6660423557400162
0.16683580505373935	0.16741044298179047	0.6657537519644703
0.16635266662050677	0.16679777905947885	0.6668495543200146
0.16708064016205937	0.1675732536037171	0.6653461062342236
0.16720264251251857	0.16670856617841356	0.6660887913090681
0.16596671284696765	0.1672943033081663	0.6667389838448662
0.16686117453912627	0.16724403939265492	0.665894786068219
0.166165717256234	0.16715417025028134	0.6666801124934847
0.16683745462629201	0.16773918221050427	0.6654233631632038
0.16608229733741225	0.1683070488626345	0.6656106537999533
0.16644221923643604	0.16732756933653525	0.6662302114270289
0.16625786593941091	0.16851349146199807	0.6652286425985912
0.16737040678825427	0.16769186413321255	0.6649377290785333
0.1670319834068854	0.1670971769354163	0.6658708396576984
0.16642429382951057	0.167403201056961	0.6661725051135285
0.16671572580338517	0.16812610227398841	0.6651581719226265
0.16656157739400593	0.1684405897189314	0.6649978328870628
0.16721053531153693	0.16792384925640857	0.6648656154320547
0.166251672787799	0.1670993001362169	0.6666490270759842
0.16708087352461123	0.16767916604520705	0.6652399604301819
0.16634580003271582	0.1673010519279881	0.6663531480392962
0.1666272144292255	0.16819420377715677	0.6651785817936178
0.1665000818138233	0.16818986733682	0.6653100508493568
0.1659050594148307	0.16833958903166085	0.6657553515535086
0.1662581696371349	0.1684093221629975	0.6653325081998677
0.16756676269339105	0.1671056967397329	0.6653275405668762
0.16641879185933287	0.16765432562482663	0.6659268825158406
0.16731335098450634	0.1673974149930016	0.6652892340224922
0.16704318955869454	0.16781564531271978	0.6651411651285859
0.16614546640741873	0.16840902982814193	0.6654455037644393
0.16650698496235097	0.16854757036994394	0.6649454446677052
0.1662845572451277	0.16689432935470638	0.666821113400166
0.16689595481062836	0.16682420212074356	0.6662798430686283
0.16618526185208998	0.16847787141764228	0.6653368667302678
0.16695707931119075	0.16649503196592452	0.6665478887228848
0.16601216014647344	0.16861982730935887	0.6653680125441679
0.1664349525249632	0.16767799516765336	0.6658870523073835
0.16669772421682325	0.16729468448561133	0.6660075912975656
0.16755412317456508	0.16699069137912637	0.6654551854463087
0.16698361224151603	0.16701752652998025	0.6659988612285038
0.16594011726975477	0.16863869003575016	0.6654211926944953
0.16656769256322207	0.16747608800385289	0.6659562194329252
0.16683587602216762	0.16770559558114428	0.6654585283966882
0.1670384631919443	0.16682086223835912	0.6661406745696967
0.16638553640179798	0.16705806069721446	0.6665564029009876
0.16607666551235037	0.16699644622415902	0.6669268882634908
0.1668093874270958	0.16767149046705765	0.6655191221058467
0.16660669226112698	0.16712251959292815	0.666270788145945
0.16694690499324685	0.16703147171788696	0.6660216232888663
0.1668058372718798	0.16767782976952134	0.6655163329585989
0.16700404173018912	0.16774691558977767	0.6652490426800333
0.1665471265642166	0.16670285116510514	0.6667500222706784
0.16600417643988905	0.16750910363432797	0.6664867199257831
0.16605947994515857	0.16718722307998152	0.6667532969748601
0.1666800564929575	0.1677659071239362	0.6655540363831064
0.16598602740213508	0.16835741407430493	0.6656565585235601
0.1668972567484014	0.16667081555820748	0.6664319276933912
0.16607892565137547	0.16765895653367574	0.6662621178149488
0.16684773136960473	0.16833525985621028	0.6648170087741851
0.16624579042595292	0.16712818033516846	0.6666260292388788
0.16732684533491832	0.16761239278984147	0.6650607618752403
0.16614302588749957	0.16781047553150463	0.6660464985809958
0.1668606199314405	0.1666920021407428	0.6664473779278168
0.16694655965638647	0.16791797848201825	0.6651354618615954
0.16595764762847287	0.16730272591534473	0.6667396264561825
0.16696935333224855	0.16814941962467822	0.6648812270430733
0.1665896463329879	0.16761371105859907	0.6657966426084131
0.16592386149695648	0.1684859828857669	0.6655901556172767
0.16596955611265016	0.167212634251032	0.666817809636318
0.16669557101776195	0.16832505123357824	0.6649793777486599
0.16634359007893856	0.1669677916115302	0.6666886183095314
0.16750621514250247	0.16668842565846242	0.6658053591990353
0.16602028413675052	0.1684115293530083	0.6655681865102413
0.16682925535472073	0.16782762192607487	0.6653431227192045
0.16651075370205504	0.1680759974472709	0.6654132488506742
0.166632931700852	0.16813170298434715	0.665235365314801
0.16749085156376226	0.16739334039910236	0.6651158080371355
0.1659308986707087	0.16845829249169952	0.6656108088375918
0.16738470162206046	0.16720066786005866	0.665414630517881
0.1661355922416528	0.16751326422495988	0.6663511435333874
0.16634365134651033	0.16846376450048778	0.6651925841530021
0.1671969204867278	0.16781185890277567	0.6649912206104966
0.16603631877438513	0.16846172023915748	0.6655019609864574
0.1675123093229781	0.16670565426260364	0.6657820364144185
0.16628661998123584	0.1678614829227948	0.6658518970959695
0.1663000014096001	0.16800113700254923	0.6656988615878507
0.16739735825798824	0.1671321572331375	0.6654704845088744
0.16715148247040695	0.16688684326501307	0.6659616742645801
0.16604349547013852	0.16743622188081303	0.6665202826490485
0.16602282187174514	0.16774541679527943	0.6662317613329756
0.167028577882323	0.16648497105358773	0.6664864510640893
0.16705107292805976	0.16731656223311744	0.6656323648388229
0.16661165528001448	0.16655418148900236	0.6668341632309833
0.1666216099368774	0.16853463201420485	0.6648437580489179
0.16621810981587093	0.16796215410831616	0.6658197360758131
0.1674969852051215	0.1675155404203702	0.6649874743745084
0.1667956080139571	0.16706116093929413	0.6661432310467489
0.16593693403737025	0.16758381107036002	0.6664792548922698
0.16673411071802446	0.1681140161765562	0.6651518731054195
0.1661619554326262	0.1686165607748088	0.6652214837925651
0.16600451709663216	0.16839423288579664	0.6656012500175714
0.16723639455496003	0.1667799800707795	0.6659836253742606
0.1674608404394147	0.16691729155606533	0.6656218680045201
0.16668391991604523	0.16838614186423223	0.6649299382197227
0.16723696304851732	0.16717640779335996	0.6655866291581228
0.16629400444441514	0.16816988302092178	0.6655361125346632
0.16621345699882797	0.16798798668599485	0.6657985563151774
0.16659736824319418	0.16716373995805683	0.6662388917987491
0.16690253468474878	0.16823398811212306	0.6648634772031283
0.16671109435855722	0.16669566191789542	0.6665932437235474
0.16725061396409402	0.16658157838489046	0.6661678076510156
0.1666770117032731	0.16673793266194942	0.6665850556347777
0.16600877114003695	0.16869392317846005	0.6652973056815031
0.1665679122710786	0.16726483681457344	0.666167250914348
0.16726545801306655	0.16757083865516867	0.6651637033317649
0.1670277312250127	0.16818399940257062	0.6647882693724168
0.16605101121013474	0.16768090987152065	0.6662680789183447
0.16745975721307005	0.1673956366288964	0.6651446061580336
0.16635602541178193	0.167435647230162	0.6662083273580561
0.1663932038751025	0.16705736981050634	0.6665494263143913
0.16667523029825618	0.16687446381563414	0.6664503058861098
0.16624938851677612	0.16848896458606666	0.6652616468971573
0.1665351754211929	0.16780579073248736	0.6656590338463199
0.16707276528394566	0.166742639573578	0.6661845951424765
0.16601720962965627	0.16796913849069828	0.6660136518796456
0.16657999828323888	0.16712209843028933	0.6662979032864719
0.16733283391325662	0.1668409024248556	0.6658262636618879
0.1674135235752135	0.16669637163941145	0.6658901047853751
0.16650701851612032	0.16803551027917107	0.6654574712047088
0.16608177709748145	0.16841926250388822	0.6654989603986304
0.16613893061001447	0.16732318161566073	0.6665378877743249
0.16667953582616968	0.16802246303313478	0.6652980011406957
0.16754068057029423	0.16741958597453493	0.665039733455171
0.16689240685367557	0.16651753725850357	0.666590055887821
0.16755190218496546	0.16654562651310562	0.665902471301929
0.16639475349639832	0.16798247241209568	0.6656227740915062
0.1669811540615507	0.16771750828920134	0.665301337649248
0.166109135118633	0.16762067789583165	0.6662701869855354
0.1671083071107298	0.166858025190241	0.6660336676990293
0.16593941927881778	0.16782349819383519	0.6662370825273471
0.1669597701162542	0.1678453171081895	0.6651949127755564
0.1665689709887377	0.16789596900064116	0.6655350600106212
0.16705688736368884	0.16675768770727561	0.6661854249290358
0.16603738351594052	0.16764842821395176	0.6663141882701078
0.16618745048068326	0.16850901276636177	0.6653035367529551
0.16676970533437924	0.16812024953634944	0.6651100451292715
0.16754423756275919	0.1666166133227479	0.665839149114493
0.16725643247992839	0.1677172558169579	0.6650263117031138
0.16661024170505967	0.16767261543453893	0.6657171428604016
0.16614358176839764	0.167498665082127	0.6663577531494755
0.16715430589804647	0.16651480700036791	0.6663308871015857
0.1659829326465653	0.16784023281145322	0.6661768345419816
0.16680880859006825	0.16690694068720752	0.6662842507227243
0.16669569493884515	0.1678919193473416	0.6654123857138134
0.16659822582071313	0.16665391603735114	0.6667478581419359
0.166352612966005	0.16757663874101486	0.6660707482929802
0.16634091190276173	0.16784925937345876	0.6658098287237796
0.16722241926076747	0.16707083734252973	0.6657067433967029
0.16608587896600951	0.16724034992555042	0.6666737711084401
0.16701892558914305	0.16766272483507527	0.6653183495757818
0.1673050335361842	0.16741208114269324	0.6652828853211227
0.16673622358145507	0.16720078397695426	0.6660629924415908
0.16619673715381914	0.1684441069519851	0.6653591558941958
0.16703811086686743	0.16683492287407023	0.6661269662590625
0.16733859684150115	0.16670502011071636	0.6659563830477826
0.16728871341086982	0.16664798758081223	0.6660632990083181
0.1666380169452522	0.1674224379665298	0.6659395450882182
0.16711238353645505	0.16793132732751415	0.6649562891360309
0.16726396904618018	0.16674050385755185	0.6659955270962681
0.1664683000607627	0.16687856477516488	0.6666531351640725
0.1667088986894546	0.16727206460289254	0.6660190367076531
0.16618323845820354	0.16696237365783004	0.6668543878839666
0.16667053607265417	0.168166795049635	0.6651626688777109
0.16608390188877958	0.16860029726844608	0.6653158008427744
0.16729869205203304	0.167202249825952	0.665499058122015
0.16703410493629828	0.1670151680579568	0.665950727005745
0.1675803915685774	0.16672241468070517	0.6656971937507176
0.16704656204582669	0.1664778311081031	0.6664756068460702
0.16590894693618322	0.16747714339555647	0.6666139096682604
0.16759940188817543	0.16721757077464022	0.6651830273371844
0.16732357343990603	0.16711734597078448	0.6655590805893097
0.1661821832685708	0.16863978508324506	0.6651780316481843
0.1668308363337359	0.16689236327973617	0.666276800386528
0.16613749599496616	0.16707108645099344	0.6667914175540405
0.16593979106637274	0.16716326586255087	0.6668969430710765
0.16638452612998644	0.1678056164316445	0.6658098574383693
0.1660069549368849	0.16804208284236402	0.6659509622207511
0.16590065635258497	0.16853320207426403	0.6655661415731511
0.16702229699985577	0.1668864459467833	0.666091257053361
0.166490324375471	0.1681974013134232	0.665312274311106
0.16592977386205565	0.16743311818759302	0.6666371079503515
0.1674111235234329	0.16714818867111508	0.6654406878054522
0.16661195738720827	0.16851477275185128	0.6648732698609405
0.16672585723353053	0.16667765379596874	0.6665964889705008
0.1666806499450007	0.16849602679706366	0.6648233232579357
0.16589602747475937	0.16836450171332215	0.6657394708119186
0.1671087902689682	0.1670041581354484	0.6658870515955835
0.16633167394445977	0.16769388460558565	0.6659744414499547
0.16755858332905588	0.16704802374752226	0.6653933929234219
0.16600592640279965	0.16841190341133716	0.6655821701858633
0.1663873151673832	0.16776292362256945	0.6658497612100475
0.16736854798893505	0.1670072736193254	0.6656241783917396
0.16630715016646094	0.168203862101109	0.6654889877324301
0.16658067360625395	0.16848381409903376	0.6649355122947125
0.16729977852035594	0.16723971365579637	0.6654605078238478
0.16750726042145453	0.16652183640866708	0.6659709031698785
0.16709471890474015	0.16789210599303858	0.6650131751022215
0.166250634889741	0.1680775789991462	0.665671786111113
0.1667438021079373	0.16658908634404876	0.6666671115480141
0.1667492496533131	0.16743168965188338	0.6658190606948037
0.16597498282318052	0.16805131923573863	0.665973697941081
0.166818498735569	0.1675503104718874	0.6656311907925437
0.1664343756870602	0.16783251958874168	0.6657331047241982
0.16709372827279265	0.16648576844146606	0.6664205032857413
0.16726874160776117	0.16742504309127376	0.6653062153009652
0.16708773990814282	0.16739548325930714	0.6655167768325502
0.16614883068608005	0.16703337459266498	0.666817794721255
0.16640163542060113	0.1671821004681671	0.6664162641112319
0.16635218868772428	0.16758474068946078	0.666063070622815
0.1661982546601757	0.16858326717191874	0.6652184781679057
0.16588279905739345	0.16725045251675638	0.6668667484258504
0.16713859838373332	0.1668568003989851	0.6660046012172817
0.1672174359948306	0.16673304054103255	0.666049523464137
0.16760045825604605	0.16739823054351277	0.6650013112004413
0.16743930845238683	0.1665804995228634	0.6659801920247499
0.16626981227274482	0.16722684152883682	0.6665033461984184
0.16634085004972052	0.1674095358618315	0.6662496140884481
0.16702227635551056	0.1666297021794364	0.6663480214650532
0.16635684930049247	0.16713008915635527	0.6665130615431525
0.16670534836969858	0.1672348005447143	0.6660598510855873
0.16704670358407725	0.16657547159286812	0.6663778248230547
0.16684590779964825	0.16725870844361007	0.6658953837567418
0.16674649173485145	0.16811316463861836	0.6651403436265303
0.1666549200672487	0.16738800170779755	0.665957078224954
0.1674694237712284	0.16646902914003708	0.6660615470887347
0.16695710562588448	0.16671275468264785	0.6663301396914678
0.16629760308970035	0.1677400143487771	0.6659623825615226
0.16705886696890804	0.16699120444843263	0.6659499285826594
0.16662882454685363	0.1668541094310928	0.6665170660220536
0.1666305673170339	0.16644950545982293	0.6669199272231433
0.1660499470149548	0.16830730066114286	0.6656427523239025
0.1672334438653855	0.1677009301417271	0.6650656259928875
0.16746832733731484	0.1676891129795674	0.6648425596831179
0.16625132165179	0.1678386381296127	0.6659100402185975
0.16588353229662933	0.16821560376654265	0.6659008639368281
0.1670543127346915	0.167996619705912	0.6649490675593965
0.1661263770945035	0.16867608236844928	0.6651975405370474
0.16686350519201915	0.16816164284039523	0.6649748519675858
0.1675456328623905	0.1671535993384706	0.6653007677991389
0.16628645442593976	0.16697474546328003	0.6667388001107803
0.16660556953185596	0.167676161353304	0.6657182691148402
0.16627431144367247	0.1679195644291584	0.6658061241271692
0.16743709525909897	0.16721070154655773	0.6653522031943434
0.16681541714991188	0.1682672107031226	0.6649173721469657
0.1662045121701504	0.1679305074208453	0.6658649804090044
0.1675688625956572	0.16679015572135902	0.6656409816829838
0.16619291316186516	0.16845587172887977	0.6653512151092552
0.16703366049326684	0.16743992794778573	0.6655264115589475
0.16705066609822197	0.1676396134255154	0.6653097204762628
0.16673432974987507	0.16777133005076644	0.6654943401993586
0.16727789136463986	0.1671995131420593	0.665522595493301
0.16684810680656484	0.16701487116539435	0.6661370220280409
0.16616361798564458	0.16864594944893613	0.6651904325654194
0.16730764816156132	0.16746731573372714	0.6652250361047117
0.16742798207943485	0.16708691081503962	0.6654851071055257
0.16606881823246017	0.16828394176737915	0.6656472400001607
0.1671146423802444	0.16703584044395933	0.6658495171757963
0.16705145107941335	0.1666372334321125	0.6663113154884743
0.16598901132109176	0.1686531748277013	0.6653578138512071
0.1669438239769872	0.16692936467379033	0.6661268113492226
0.1667574189615276	0.16762797697847676	0.6656146040599957
0.16760175824585666	0.16702571609915032	0.6653725256549932
0.16745125084698126	0.16770213693128871	0.6648466122217301
0.16748497130718304	0.166501653496889	0.6660133751959281
0.16720074839550936	0.1679306594146205	0.6648685921898703
0.16760328981518588	0.166682349546826	0.6657143606379883
0.16645365583120716	0.16699079663566452	0.6665555475331284
0.1671210573585507	0.1669027804422497	0.6659761621991998
0.16611269439924892	0.16849039725712203	0.6653969083436291
0.16712389303382608	0.1675396750577976	0.6653364319083764
0.1676107186557131	0.16740435531716	0.664984926027127
0.16601721839952677	0.16833459320688132	0.6656481883935921
0.1663346656578096	0.1680779218971534	0.6655874124450372
0.1663645159526492	0.16687258579641562	0.6667628982509353
0.16640826122611174	0.16855881094776476	0.6650329278261237
0.1672912923844758	0.16730495117331112	0.6654037564422133
0.16614478645124617	0.16862871843870286	0.665226495110051
0.16710652932654274	0.16777317515650111	0.6651202955169563
0.1673928978388763	0.16768482627217968	0.6649222758889441
0.16670457807474248	0.16810136425650368	0.665194057668754
0.16695040899103733	0.16673956766923337	0.6663100233397294
0.16667096091655553	0.16685912320520208	0.6664699158782426
0.16699818291051458	0.1666770100546984	0.6663248070347871
0.16653154409700563	0.1682508796348599	0.6652175762681346
0.16645160594774386	0.16813804596610715	0.6654103480861491
0.16606083037421465	0.1686790235947654	0.6652601460310201
0.16724462289089503	0.16711282062445115	0.665642556484654
0.16626894156544103	0.16717078514092548	0.6665602732936335
0.16731351320227206	0.16781956945691254	0.6648669173408155
0.16699104749878804	0.16788978064211396	0.6651191718590981
0.166219940260686	0.1669536705514197	0.6668263891878945
0.16654086469722834	0.16859098444749998	0.6648681508552718
0.1666559896846225	0.1674674678497132	0.6658765424656644
0.16706723034940874	0.1664488586105361	0.6664839110400553
0.1669493026333967	0.1672365406811543	0.6658141566854492
0.16601662812189316	0.16869881079992036	0.6652845610781866
0.16707770796643334	0.167107555123972	0.6658147369095948
0.16672370102053646	0.1664499076950916	0.6668263912843722
0.16679720896997452	0.16744460647094409	0.6657581845590815
0.1659181166557881	0.1673259077346287	0.6667559756095833
0.1668297812605431	0.1673825227818599	0.6657876959575971
0.16740455210080613	0.16740935202724078	0.6651860958719533
0.16608333376800272	0.16699854024474928	0.6669181259872481
0.16651838162961152	0.16824091528593402	0.6652407030844546
0.166936064980906	0.16747039009497877	0.6655935449241155
0.1662307086505096	0.16806749141232566	0.6657017999371648
0.16680042227175063	0.16702719809833655	0.6661723796299129
0.16666514452244174	0.16659593915448556	0.6667389163230728
0.16634513021289882	0.16727481550729562	0.6663800542798057
0.16603408740414563	0.16857082905363635	0.6653950835422182
0.16626685384262457	0.16737072342523918	0.6663624227321363
0.1673497199901389	0.16745541286547827	0.665194867144383
0.16703242059487944	0.16810495638757184	0.6648626230175488
0.1666513419574132	0.1665425472657296	0.6668061107768573
0.16588412332264324	0.16812736432196995	0.6659885123553869
0.16623206286116698	0.1678238818084692	0.6659440553303639
0.16688706028505218	0.1667622245999531	0.6663507151149948
0.16656384286143708	0.16775136200073737	0.6656847951378257
0.1666446599798253	0.16845791468542076	0.664897425334754
0.167402652109934	0.16663824834245647	0.6659590995476097
0.16739778531147181	0.16717009425857618	0.6654321204299521
0.1668239721528035	0.1674530675807751	0.6657229602664215
0.1668389730017918	0.16774142345106785	0.6654196035471405
0.16660765262006605	0.16665157479594153	0.6667407725839924
0.16642330292743157	0.16701801402510122	0.6665586830474672
0.16708562802806623	0.16694283378023655	0.6659715381916973
0.1664779103746128	0.16802110054221034	0.6655009890831769
0.16750558894787546	0.16645218529329198	0.6660422257588327
0.1661412978179274	0.16817152408114655	0.6656871781009261
0.16632198417735242	0.16806975233896437	0.6656082634836833
0.16671866525671505	0.16695046977057254	0.6663308649727125
0.16614221110463404	0.16776982673815558	0.6660879621572104
0.1660667700892916	0.16759260380190663	0.6663406261088018
0.16609614955083568	0.1676903529027147	0.6662134975464498
0.16754573619910537	0.16707756597387352	0.6653766978270212
0.1673834362258929	0.16755200332777476	0.6650645604463324
0.1667350175495061	0.16766904022549606	0.665595942224998
0.16615441523686042	0.16730358261631517	0.6665420021468245
0.166992512688123	0.16734784135979136	0.6656596459520857
0.1663396582731053	0.16835962780121289	0.6653007139256819
0.16690643940203426	0.16785469717458218	0.6652388634233837
0.1669582250289351	0.16698150624030686	0.6660602687307582
0.16743020179013082	0.16685342192585345	0.6657163762840159
0.1675522453446493	0.16721361265593382	0.665234141999417
0.16673513915983124	0.1679386558432827	0.6653262049968862
0.16627845207976896	0.16786816265054275	0.6658533852696884
0.1664960779694579	0.16798918077806696	0.6655147412524753
0.16661006140619108	0.16779515081079827	0.6655947877830108
0.1665363578733361	0.16817116418277828	0.6652924779438858
0.16620573995394977	0.16827959602075843	0.6655146640252919
0.1668709297371953	0.16707325185207933	0.6660558184107255
0.16673313404167422	0.16846203543071014	0.6648048305276157
0.16628974531433438	0.16869175016564714	0.6650185045200185
0.16671249950708777	0.1679582205138866	0.6653292799790258
0.16651655864730242	0.16745126124999193	0.6660321801027058
0.16658756307948658	0.16839588778430492	0.6650165491362086
0.16657039499577017	0.16765581872291357	0.6657737862813163
0.16699555187065135	0.16803446589989712	0.6649699822294517
0.1667429756627051	0.16709892521758135	0.6661580991197137
0.16590108581400342	0.1672092325100588	0.666889681675938
0.1658780219674009	0.16780031621546893	0.6663216618171303
0.1669460594217673	0.16730820635789334	0.6657457342203394
0.16589674591235176	0.16799405186078742	0.6661092022268609
0.1660949456739084	0.16737690922876194	0.6665281450973298
0.16641398596276247	0.1675684112221849	0.6660176028150528
0.16672705680409747	0.16736626214684042	0.6659066810490623
0.1670082313483251	0.1669617155593418	0.6660300530923333
0.166361994181255	0.1669771051019393	0.6666609007168058
0.167043770438801	0.1668889366531201	0.6660672929080791
0.16608617653335472	0.16775865547543325	0.6661551679912121
0.1665822455056351	0.1668809627105857	0.6665367917837793
0.16700342674748264	0.16669440096255433	0.6663021722899631
0.1666398136920006	0.1683753243778971	0.6649848619301024
0.1662045221217321	0.1676091460384847	0.6661863318397834
0.16760300542309797	0.16725255806744338	0.6651444365094588
0.1672126982471654	0.16752745844933534	0.6652598433034994
0.16697140154913565	0.16808435969450922	0.6649442387563553
0.16654420343143328	0.1669454578123224	0.6665103387562444
0.16760680423373728	0.16705548709746804	0.6653377086687948
0.16593074976899458	0.1677933905087427	0.6662758597222629
0.16711045198609675	0.168072874519072	0.6648166734948313
0.1667128733367009	0.16744912439050336	0.6658380022727959
0.1666875429318176	0.16736738053812314	0.6659450765300594
0.1665303117275125	0.16820237516028733	0.6652673131122003
0.16630151220162626	0.16692225246754377	0.6667762353308301
0.16612418517930755	0.16811178604407007	0.6657640287766224
0.1658854444492818	0.16846570546927428	0.665648850081444
0.16705040043868152	0.16684314784472098	0.6661064517165975
0.16678297178585177	0.16812337164360897	0.6650936565705394
0.16711257193965492	0.1674342871434961	0.6654531409168492
0.16633860761199093	0.16680339987532045	0.6668579925126887
0.16720093430191935	0.16653943683766786	0.6662596288604129
0.1667705754950027	0.16665279596808877	0.6665766285369086
0.16702640644291838	0.16668092716093494	0.6662926663961468
0.1670422677307652	0.16682634888929793	0.6661313833799369
0.16588042054746815	0.1673548759978763	0.6667647034546557
0.16725171421074486	0.16701153724843826	0.665736748540817
0.16600748184192543	0.1686846839059885	0.6653078342520862
0.16752925957333	0.16737301308665403	0.665097727340016
0.16664909699562752	0.16715889042091903	0.6661920125834535
0.16606085488477001	0.16849569506141604	0.665443450053814
0.1667155878885598	0.16715503293979234	0.666129379171648
0.16650682224997015	0.16776060857386854	0.6657325691761614
0.16651883793021366	0.16717745370729717	0.6663037083624893
0.1674160919262463	0.1668241834577348	0.665759724616019
0.16597482928953713	0.16724158505249728	0.6667835856579657
0.1668563798799909	0.16653068833621854	0.6666129317837907
0.16700928568623757	0.16771798934534932	0.6652727249684133
0.16711158451218627	0.16756280575036986	0.665325609737444
0.16719465580421658	0.16731406030111912	0.6654912838946644
0.16651929235614302	0.16795231224000967	0.6655283954038475
0.16699695730420128	0.16773179749221356	0.6652712452035853
0.16705669770155068	0.1677345242867797	0.6652087780116698
0.16686655794826594	0.16653816788973852	0.6665952741619956
0.16600642253648507	0.16770620955131593	0.6662873679121991
0.16675093659768364	0.16694580814431087	0.6663032552580056
0.16658345947871134	0.1672806473065014	0.6661358932147874
0.16747473879254543	0.1670201764695028	0.6655050847379518
0.16719723939010558	0.16689145701633679	0.6659113035935578
0.1668329128625711	0.16796166430180076	0.6652054228356282
0.16737027046730185	0.1665450970188389	0.6660846325138594
0.16665091373232246	0.16836215390631104	0.6649869323613666
0.16622988745251388	0.16728078555742337	0.6664893269900629
0.16611652142532685	0.1678746498721917	0.6660088287024816
0.165993263067258	0.16788677117748005	0.666119965755262
0.1660110748977385	0.16746136283710625	0.6665275622651554
0.16717427073107308	0.1672934080067987	0.6655323212621284
0.16751896565166385	0.16662559430429222	0.6658554400440441
0.1672815118698901	0.16779474543270653	0.6649237426974035
0.1660912486418003	0.1677454949908294	0.6661632563673704
0.16629915990102878	0.16746018014976138	0.6662406599492099
0.16674421619908336	0.167090300217211	0.6661654835837058
0.16754394078917892	0.16763158411025786	0.6648244751005634
0.16673861751460942	0.16651952531894137	0.6667418571664494
0.16602819963072685	0.1685905459648555	0.6653812544044178
0.16751854305827324	0.16652545665739968	0.6659560002843272
0.16703169005491453	0.16806697906882884	0.6649013308762568
0.16696679797491604	0.16809036221204496	0.6649428398130391
0.1666256454666205	0.16752335066398344	0.6658510038693961
0.16665165529392262	0.16800919282776144	0.665339151878316
0.16653312186036123	0.16667558891991568	0.6667912892197232
0.16721627287465102	0.16770367750724396	0.6650800496181051
0.1675318806629656	0.16756307766480705	0.6649050416722275
0.16637493949222953	0.16871271182410322	0.6649123486836674
0.16588736124747955	0.16847527210313595	0.6656373666493847
0.16671235073774227	0.16833458521703293	0.6649530640452249
0.1674826241692658	0.16771961474236796	0.6647977610883664
0.16687346629822625	0.16691191735642874	0.6662146163453451
0.16704729179610744	0.16763234458005166	0.665320363623841
0.16590862481112081	0.1683969204405174	0.6656944547483619
0.16743592795532217	0.16646840063461488	0.6660956714100631
0.16726786422936513	0.166851026925069	0.665881108845566
0.1665153420162918	0.16734627239758668	0.6661383855861216
0.16685326921316995	0.16770003035550085	0.6654467004313294
0.16598677035369913	0.1673447571416157	0.6666684725046854
0.16603357629053814	0.16706881979321403	0.666897603916248
0.1660666674403221	0.1680912874678572	0.6658420450918208
0.16710046985046018	0.16790922166790834	0.6649903084816315
0.16661429234180247	0.16841498392557724	0.6649707237326203
0.1675812197701524	0.1675677020264849	0.6648510782033628
0.1665586467958716	0.16683648940982046	0.6666048637943081
0.16720318884936644	0.1679899426463229	0.6648068685043108
0.16663424978107566	0.1667778613239167	0.6665878888950078
0.16686230877015545	0.16742239405843412	0.6657152971714105
0.1667210568389422	0.1679144114870212	0.6653645316740368
0.16635785378068374	0.16773737705900663	0.6659047691603097
0.16633256823996756	0.16810799661481785	0.6655594351452148
0.16697031157306752	0.16718977214493191	0.6658399162820007
0.1670207601460373	0.16720579439310013	0.6657734454608626
0.16653211159119663	0.16717355801869072	0.6662943303901128
0.16588698839416005	0.16758867713061232	0.6665243344752276
0.16615781927948592	0.16750875830353673	0.6663334224169775
0.16599367280321	0.16708966232296513	0.666916664873825
0.16668574498161648	0.16683166171228564	0.666482593306098
0.1666795395108348	0.16770829359851708	0.6656121668906483
0.1668670539506583	0.16748448849052588	0.665648457558816
0.16608813452566334	0.16708509022845666	0.6668267752458801
0.16704611289301294	0.16662905932588004	0.6663248277811071
0.16621617941722114	0.1685321237320757	0.6652516968507033
0.1662249047114716	0.16723601917109354	0.666539076117435
0.1662794585818977	0.16798050310411888	0.6657400383139835
0.16624708902492716	0.16733496129420772	0.6664179496808652
0.16644033713978634	0.16752762133819116	0.6660320415220227
0.1674780159404964	0.16718651862640743	0.6653354654330963
0.16679484628409882	0.16664026471321292	0.6665648890026883
0.16701949134759234	0.1672759206498442	0.6657045880025636
0.16672079288606906	0.16678415215807701	0.666495054955854
0.1668742311840515	0.1682379976218975	0.6648877711940511
0.1663612116457749	0.1673777411675172	0.6662610471867081
0.16728746779588335	0.16720302031435863	0.6655095118897582
0.1661092899845336	0.16717127993865144	0.6667194300768151
0.16681206675215104	0.16794666376942852	0.6652412694784207
0.16700884002582833	0.16742295647522798	0.6655682034989439
0.16699240777725316	0.16701345251344776	0.6659941397092992
0.16714564720070219	0.16666269371627115	0.6661916590830268
0.16751980242705256	0.167302783190726	0.6651774143822216
0.16751977871049759	0.16692212912742876	0.6655580921620738
0.16755731560860052	0.16647996488857097	0.6659627195028286
0.166662190133919	0.16806465933425568	0.6652731505318255
0.1661392296467926	0.16786281139289577	0.6659979589603118
0.16653281444119075	0.16860768558586847	0.6648594999729409
0.16625709326933322	0.16694728553033553	0.6667956212003314
0.16612717845070968	0.16733833763155181	0.6665344839177386
0.16633388926215548	0.16730541625578632	0.6663606944820584
0.16695691247516578	0.1671665935848807	0.6658764939399536
0.16730578849007266	0.16715475019987852	0.6655394613100489
0.16664666214794527	0.16774051672351092	0.6656128211285439
0.16751170921263728	0.16746425213371563	0.6650240386536472
0.16702289821276242	0.16668757092093134	0.6662895308663064
0.16674079963692806	0.16814458896777384	0.6651146113952983
0.166883041265861	0.16787880350032647	0.6652381552338127
0.1662181349324735	0.16698611338532993	0.6667957516821967
0.16614226391276235	0.16851987513794842	0.6653378609492893
0.166149832564115	0.1682283504950492	0.6656218169408359
0.16633948157923592	0.16681166644350032	0.6668488519772638
0.16710084718826546	0.16714549082075275	0.6657536619909818
0.16592748716249828	0.1672294730448157	0.6668430397926861
0.16658105837861698	0.16672143937325623	0.6666975022481268
0.16685354688033802	0.16688573533112055	0.6662607177885416
0.1666051845779243	0.16795761132465462	0.6654372040974212
0.16692053431435472	0.1669216347398354	0.66615783094581
0.16666865093652275	0.1673840398084372	0.6659473092550402
0.16759020057751484	0.1666729311068486	0.6657368683156367
0.1666615468710613	0.1671936577693084	0.6661447953596304
0.16757254681478453	0.16735791075909187	0.6650695424261237
0.16660633708835498	0.16814404328832278	0.6652496196233224
0.16682184137701866	0.16813570643723763	0.6650424521857439
0.1675501692926612	0.16748759415377246	0.6649622365535665
0.1672645707657431	0.16773456182158542	0.6650008674126716
0.1661885336689795	0.1679350459419891	0.6658764203890315
0.16709531262663566	0.16648499856905064	0.6664196888043139
0.16703969507937472	0.16666531637177961	0.6662949885488458
0.16744594711871205	0.16742632921609846	0.6651277236651896
0.16714133786539467	0.16663483168659676	0.6662238304480087
0.16663507623840823	0.16706660801687984	0.666298315744712
0.16662794479543055	0.16699293838516088	0.6663791168194086
0.16668095955376672	0.1676537238388015	0.6656653166074319
0.16597175417902288	0.16826324187129335	0.6657650039496839
0.16651840160536424	0.1682502935418947	0.6652313048527412
0.16626700699212552	0.1682337582556131	0.6654992347522615
0.16599755126997368	0.16785733524341878	0.6661451134866077
0.1661407436109264	0.16765127967875212	0.6662079767103215
0.16702072720539	0.1677594843362166	0.6652197884583935
0.16680217037397232	0.16692050769456643	0.6662773219314613
0.1667782257959902	0.16758634480303555	0.6656354294009743
0.16677391837893285	0.16780166324270943	0.6654244183783578
0.16633545359674057	0.16847931967867372	0.6651852267245858
0.1675217698784193	0.16690821600245873	0.6655700141191221
0.1665451295020709	0.16803531125775378	0.6654195592401755
0.16645417571575533	0.16678997846695703	0.6667558458172878
0.1664627936031085	0.16719089176832835	0.6663463146285633
0.16634191348381136	0.16851302345362418	0.6651450630625646
0.16661232572874202	0.16740700157995642	0.6659806726913017
0.16616821885207636	0.16711020622575623	0.6667215749221675
0.1665755446795568	0.16762165089660436	0.665802804423839
0.16742905493209703	0.1669985135352545	0.6655724315326486
0.16705914953119969	0.1668341960464365	0.6661066544223639
0.16627026601110312	0.1673107425684037	0.6664189914204933
0.16689758226849055	0.1664762078909392	0.6666262098405704
0.16612932308232164	0.16707258334744196	0.6667980935702366
0.1662856622851587	0.16751714014038344	0.6661971975744579
0.16661226408242524	0.1678484957959847	0.6655392401215902
0.16729199985447385	0.16697989726605025	0.665728102879476
0.1665241434041393	0.16822241798861937	0.6652534386072415
0.16720773758065338	0.16646534807257898	0.6663269143467678
0.16655958777691998	0.1679988643320195	0.6654415478910607
0.16729498246477809	0.16698841653052487	0.6657166010046972
0.16662551215299654	0.16807964062821262	0.665294847218791
0.16746096003151048	0.16712536776932568	0.6654136721991639
0.16716509199171903	0.16679270622744766	0.6660422017808334
0.1671988093931014	0.16732660902367996	0.6654745815832188
0.16738642024221945	0.16708429375703426	0.6655292860007465
0.16726323787740333	0.16791682011704656	0.6648199420055503
0.1674268870780954	0.1674506307261845	0.6651224821957202
0.16708668413446753	0.16784837653162019	0.6650649393339123
0.1674594572463286	0.16766001243383105	0.6648805303198404
0.16654130314649346	0.16677373647395283	0.6666849603795538
0.1675341601650483	0.16728300916165934	0.6651828306732925
0.16694426841047733	0.16728913739421147	0.6657665941953114
0.1670904537696275	0.16737036141613582	0.6655391848142368
0.16750065113884877	0.16650654530335468	0.6659928035577967
0.16619437864216197	0.16791970821352192	0.6658859131443162
0.16647071570762673	0.16660077841430557	0.6669285058780678
0.1671121996569396	0.1672525173365196	0.6656352830065408
0.16637271752035526	0.1673216471344337	0.6663056353452111
0.16587095698596196	0.16787072641098494	0.6662583166030531
0.16589968260512017	0.1677282685978893	0.6663720487969906
0.16662275683146063	0.16699940077630848	0.6663778423922311
0.1660862015630625	0.16827393248317252	0.665639865953765
0.16739818326002134	0.16715456965764028	0.6654472470823385
0.166265509105226	0.16775833073933935	0.6659761601554348
0.1674629549156748	0.16719966120387425	0.665337383880451
0.16665482358394504	0.16695190972941815	0.666393266686637
0.16728941138953612	0.16658822827491382	0.6661223603355502
0.16737883778859974	0.16739974817420372	0.6652214140371966
0.16673173131462582	0.1668087423766204	0.6664595263087538
0.16697832307254337	0.16656479035279942	0.6664568865746573
0.1673515770904861	0.16786089741721677	0.6647875254922972
0.16737223722487146	0.16768183763646377	0.6649459251386649
0.16604654764517052	0.16839935030147962	0.66555410205335
0.16654975183668785	0.16710375875602007	0.6663464894072921
0.16637856789997313	0.1674749242080723	0.6661465078919546
0.16653375869853743	0.167736434752505	0.6657298065489576
0.16649305438838488	0.1674120569234676	0.6660948886881477
0.16705437559408381	0.16802972302210936	0.6649159013838069
0.16601715176559184	0.16845455099057818	0.6655282972438301
0.16678336069250116	0.1681943839454645	0.6650222553620344
0.16738938972266904	0.1667962966611835	0.6658143136161476
0.16655920071378677	0.16696297092663956	0.6664778283595738
0.16592301008964733	0.1674001917928334	0.6666767981175193
0.16636222145616225	0.1680694479526864	0.6655683305911515
0.16619706254948124	0.16757629372548888	0.6662266437250299
0.16642826580309847	0.16796598571038418	0.6656057484865174
0.16595087487725604	0.1686907175340117	0.6653584075887324
0.166238180317338	0.16752022975893383	0.6662415899237283
0.1665191457876112	0.1667976585760787	0.6666831956363102
0.1662337606812717	0.16705521423153238	0.666711025087196
0.1671572359794904	0.16787880268028535	0.6649639613402244
0.16686979629636528	0.16755264345475368	0.6655775602488812
0.16653549433768527	0.16861864676377325	0.6648458588985415
0.16659600923727966	0.16713284721907956	0.6662711435436409
0.16619192273086458	0.1671443327933051	0.6666637444758304
0.1663469905915636	0.16794000852454902	0.6657130008838874
0.1669887594023981	0.16649289441603593	0.666518346181566
0.1676080326575635	0.16738229902360813	0.6650096683188285
0.16683345694862234	0.16742310119112616	0.6657434418602516
0.16723427651959297	0.16682226839432818	0.665943455086079
0.16596343476123593	0.16848469148012649	0.6655518737586377
0.16679393789685945	0.1666421427077936	0.6665639193953471
0.16594196153769053	0.16718543063635716	0.6668726078259524
0.1666712137867622	0.16690105624416815	0.6664277299690697
0.16726113671137186	0.16730899379056952	0.6654298694980587
0.1670616002736529	0.16796149673113978	0.6649769029952074
0.1672045966161546	0.16750686093144984	0.6652885424523957
0.16629048675357994	0.16740704552103908	0.666302467725381
0.16651085320976022	0.16664467925183757	0.6668444675384023
0.16678046424256748	0.16673803097939893	0.6664815047780337
0.16666055445618988	0.1681224386329332	0.665217006910877
0.1662944570684497	0.16785653533002146	0.665849007601529
0.16740400053117752	0.1667877946743263	0.6658082047944963
0.16587839048586078	0.1679189395592952	0.6662026699548441
0.1662523216945992	0.16711789328498353	0.6666297850204175
0.1666261883596023	0.16751381595269088	0.6658599956877069
0.1665489869563548	0.16746131135731718	0.6659897016863281
0.16692909209997717	0.16732680978843106	0.6657440981115919
0.16686700233183122	0.16704218839682117	0.6660908092713478
0.1664681921281691	0.1677167509800242	0.6658150568918069
0.16630649672654668	0.16752493817377181	0.6661685650996816
0.16755322582695487	0.16698761741409307	0.6654591567589522
0.16634180781804606	0.16823295418985879	0.6654252379920953
0.1669692874053792	0.16673688215931676	0.6662938304353042
0.16650046336215202	0.16734037988667194	0.6661591567511762
0.16670294687423742	0.168370009084087	0.6649270440416757
0.16678256514872114	0.1671514849880884	0.6660659498631906
0.1662469780244727	0.1677973475121472	0.6659556744633802
0.16688837223962621	0.167485034743104	0.6656265930172699
0.16592667842182807	0.16724141288708608	0.6668319086910859
0.16704963798030142	0.16679551728369219	0.6661548447360065
0.1669836270302126	0.1672249501269676	0.6657914228428199
0.16637077910297646	0.16704471805944404	0.6665845028375796
0.16653813740280649	0.1680187282969042	0.6654431343002895
0.166659745065839	0.16772785475563276	0.6656124001785284
0.16599199163988151	0.16851357532112304	0.6654944330389956
0.16634956578335872	0.16673704553106916	0.6669133886855723
0.16649302890482814	0.16818247570093955	0.6653244953942324
0.16700422073014207	0.16685461507311297	0.6661411641967451
0.16637795013561107	0.16745328859639863	0.6661687612679903
0.16646540972718935	0.16801491781963163	0.6655196724531791
0.16641370624529	0.16767857189302182	0.6659077218616882
0.16716536482033845	0.16799572858704115	0.6648389065926206
0.16748187537816803	0.16740227070004843	0.6651158539217836
0.16598710549148032	0.16767339381370916	0.6663395006948106
0.16636137067154327	0.1669535005798332	0.6666851287486236
