0.5707578890683909	0.26845866601220014	0.16078344491940913
0.5709554713624616	0.26789003003249084	0.16115449860504766
0.5706680714774042	0.2683631540742335	0.16096877444836244
0.5698546146539347	0.2687789215980025	0.16136646374806285
0.5697294203660679	0.2691020498991775	0.16116852973475465
0.5707844632747745	0.26787722619929033	0.16133831052593522
0.5696237978525946	0.26933542863257304	0.1610407735148325
0.570198307365439	0.26834246349513713	0.16145922913942404
0.5703585464539307	0.26846284748470484	0.16117860606136455
0.5699955893317157	0.2686611824972111	0.16134322817107327
0.5695062811706705	0.2693924551384597	0.16110126369086988
0.5703297246431278	0.26831809136774	0.16135218398913226
0.571138095687046	0.2679962603192907	0.1608656439936635
0.5695231694668753	0.26892994254322844	0.1615468879898964
0.5695950569879027	0.26902943106579047	0.16137551194630692
0.5694152194912427	0.26943697107187164	0.16114780943688573
0.5706168761897901	0.26841797927570954	0.1609651445345004
0.5709137985418451	0.26816272816787723	0.16092347329027773
0.5703920637616687	0.26823491972842767	0.16137301650990374
0.5712374433336465	0.2676856531776498	0.16107690348870385
0.5710229404512978	0.2676986300771745	0.16127842947152787
0.5714679956694688	0.26774037150482444	0.16079163282570685
0.5694248156358593	0.26943409960294373	0.16114108476119698
0.5694622330626811	0.2694777145258972	0.16106005241142177
0.5707597990814481	0.26840902875371175	0.1608311721648401
0.5712483544918693	0.267962154908834	0.1607894905992968
0.5698953145078376	0.26907828559521174	0.16102639989695072
0.5701698228747807	0.2684519191733737	0.16137825795184566
0.5710626250723012	0.2681770175125225	0.16076035741517647
0.571173751887735	0.2678555223417714	0.16097072577049365
0.5711797154206674	0.2676982880094837	0.16112199656984907
0.5695643428231651	0.26945620232252826	0.16097945485430668
0.5699825356875212	0.26897214325845586	0.16104532105402308
0.5705382319857165	0.26835431720876896	0.16110745080551467
0.5711935118156737	0.26780552866663704	0.1610009595176893
0.570101944161664	0.26847931897343297	0.1614187368649031
0.5692817908773518	0.26922985372781283	0.16148835539483544
0.5712442856309587	0.2676288421615506	0.1611268722074908
0.5695501914063372	0.2692041281532257	0.16124568044043724
0.5702422850462157	0.26868818488873036	0.1610695300650542
0.5697358359238912	0.2691469142547807	0.1611172498213282
0.570629487614106	0.268162179930498	0.161208332455396
0.5701302131946143	0.2683472855337835	0.16152250127160228
0.5699217864387621	0.26899052865055323	0.16108768491068473
0.5697890565778118	0.2693526276989031	0.16085831572328518
0.5698275822770034	0.26874113459956106	0.16143128312343563
0.5711208075787942	0.26800030346664083	0.160878888954565
0.5706127165961828	0.26824791140903564	0.1611393719947816
0.5699474819253422	0.26885741971672583	0.1611950983579321
0.5706865535531436	0.2682938358033362	0.16101961064352027
0.5694281997093221	0.2693240844724371	0.16124771581824088
0.5713574682591936	0.2676343431276674	0.1610081886131391
0.5709035614198594	0.2681803685491231	0.1609160700310176
0.5695660056400639	0.26920267576757595	0.16123131859236028
0.5703950608297776	0.2686713813977937	0.1609335577724288
0.5696832594192184	0.26899490412935023	0.1613218364514315
0.5708526469672919	0.2677696615161206	0.1613776915165877
0.5709462839786638	0.2682019825379769	0.1608517334833594
0.5708119718965428	0.26810865951538176	0.16107936858807556
0.569757034212897	0.26901628635654956	0.1612266794305535
0.5712463964324606	0.2679096625614047	0.1608439410061348
0.5707415909940371	0.268187247607629	0.161071161398334
0.5694300429801986	0.26911586994295533	0.1614540870768461
0.5702612850716577	0.26834362357697816	0.1613950913513642
0.5694172866540023	0.26936143693245046	0.16122127641354736
0.5708656558926635	0.26794613759670327	0.16118820651063334
0.569562137058728	0.2691749635636915	0.16126289937758054
0.5710449775516557	0.2676948579019227	0.16126016454642172
0.5705205944381881	0.2685499763455813	0.1609294292162306
0.5701490253345282	0.2686113190954207	0.16123965557005124
0.5701425447402757	0.26914285138294197	0.16071460387678238
0.5702073553582476	0.268539100818149	0.1612535438236035
0.5706287324380953	0.26804328613980877	0.1613279814220961
0.5701966243881343	0.2689548810639731	0.16084849454789268
0.5700988857868473	0.26891442290340006	0.16098669130975277
0.5691785738047253	0.2693128341700215	0.1615085920252533
0.5694970615185483	0.2690654580555155	0.16143748042593625
0.5705491633509928	0.2681058339558511	0.1613450026931562
0.5705547825494378	0.2679134677517257	0.16153174969883657
0.5708165399561744	0.2679986454288422	0.16118481461498346
0.5699146192878726	0.2693819792841529	0.16070340142797462
0.5703518518925299	0.26848566743390795	0.16116248067356223
0.5696148392090458	0.26922652991286433	0.16115863087808996
0.5705443504229435	0.26851624295690424	0.1609394066201524
0.5709713709492164	0.2675848438827818	0.16144378516800195
0.5696355255333962	0.2689165679689596	0.16144790649764423
0.5713051537815098	0.26774717410522986	0.1609476721132604
0.5709690191951583	0.2676053732109658	0.16142560759387606
0.5698272394265148	0.26863860271439866	0.16153415785908667
0.5702474816375163	0.26866745061389985	0.16108506774858405
0.5695389372321624	0.26937961919518694	0.1610814435726508
0.5694406536013057	0.26919572195013974	0.16136362444855457
0.5703624394643709	0.2685817507370759	0.16105580979855325
0.5704509606730304	0.2688487322026519	0.16070030712431782
0.5711845216055322	0.2680281859926198	0.16078729240184803
0.5700157329864366	0.26905960021106234	0.16092466680250123
0.5706785679562958	0.2682728309173763	0.16104860112632807
0.5698956142020197	0.2689777720214843	0.161126613776496
0.5702876141855279	0.26864194647839584	0.16107043933607637
0.5705235132506261	0.26845812474498854	0.16101836200438552
0.5705262949273917	0.26828322189836706	0.16119048317424137
0.5700107598122062	0.2686874693809489	0.16130177080684507
0.5706336875379587	0.26856606115028264	0.16080025131175876
0.5702317718608574	0.2683928484556122	0.16137537968353055
0.5706958079202004	0.2679575303087328	0.16134666177106693
0.570431422737858	0.26823099655173244	0.16133758071040966
0.5698197888381042	0.2691186606735349	0.1610615504883609
0.5698548805887234	0.26934522227206925	0.16079989713920756
0.5697419204424827	0.26878491437616225	0.16147316518135515
0.5703599431766146	0.2683107322364733	0.16132932458691224
0.5698348019757113	0.2691340494426799	0.16103114858160897
0.5692239084738755	0.26931813564741214	0.16145795587871245
0.5707483341836685	0.2680306672917534	0.1612209985245781
0.569718813420381	0.26894851872482817	0.16133266785479092
0.5701347761610758	0.2683863526926845	0.1614788711462398
0.5693944475120083	0.26944211983984095	0.16116343264815083
0.5696171173146585	0.2692985820525089	0.16108430063283266
0.5707275721325844	0.2678957969030807	0.161376630964335
0.5702007195993833	0.2683784801410115	0.16142080025960526
0.5700888736719485	0.2684296464443866	0.16148147988366507
0.5707927366215233	0.26776138322565585	0.16144588015282102
0.5714525162157924	0.26769852998430277	0.16084895379990494
0.5707626482482441	0.2681553256288944	0.1610820261228617
0.5706970836271054	0.26783074544161994	0.16147217093127475
0.5711326125330751	0.2679040975999332	0.1609632898669918
0.5700437506956647	0.2684114107320821	0.1615448385722533
0.5692423183450417	0.26924686374481727	0.16151081791014124
0.5705424075627854	0.26826256411803506	0.16119502831917962
0.5694620933317326	0.2693146675014283	0.16122323916683914
0.5700861647282571	0.2689718718637045	0.16094196340803849
0.5699815448057235	0.26883327517732775	0.16118518001694893
0.5708003867868754	0.26840394897843634	0.16079566423468833
0.5700504033619521	0.2690531816241313	0.1608964150139167
0.5693898041753009	0.26948653396461664	0.16112366186008253
0.5700941150389409	0.268593658226185	0.16131222673487416
0.5705504706955936	0.2681429977761237	0.16130653152828275
0.5699618610470716	0.26917727907072336	0.16086085988220522
0.5714249379511535	0.26774877558730614	0.16082628646154046
0.5706281110504323	0.26865366950226205	0.16071821944730572
0.5710920657930152	0.26761348036080723	0.16129445384617774
0.5694358588214951	0.2693144611779841	0.16124968000052098
0.569949283363538	0.26918594488267056	0.16086477175379155
0.5707475607267646	0.2683666312122023	0.16088580806103325
0.5701937933139658	0.2690141063456056	0.1607921003404288
0.5700798779178122	0.2692126288835498	0.1607074931986382
0.5706621950762096	0.26826325211808455	0.16107455280570596
0.5695504935747181	0.2695112426644069	0.1609382637608751
0.5709495537530609	0.267814878488429	0.16123556775851022
0.5700036503985794	0.2688826235972378	0.16111372600418286
0.5714207164374159	0.2675729558388347	0.16100632772374948
0.57087691174343	0.26792593171556184	0.16119715654100814
0.5699284753033923	0.2689074430915695	0.1611640816050383
0.5699950604237765	0.26882463471646845	0.1611803048597552
0.5694836323640485	0.269405984010715	0.1611103836252365
0.5699984256167434	0.26869607947850127	0.16130549490475538
0.5707465018191895	0.26812168324831515	0.16113181493249534
0.5707736710152798	0.2681512552348532	0.16107507374986713
0.5709613656480466	0.2680872376135375	0.16095139673841602
0.5697236959441323	0.26884158649150447	0.1614347175643634
0.5703666656403088	0.26808950448456514	0.1615438298751262
0.5707913399603253	0.26836561979629253	0.16084304024338225
0.569401479533004	0.26940632409722554	0.16119219636977056
0.571382718472486	0.26785430744679745	0.1607629740807166
0.5703492979589613	0.26882752570213997	0.16082317633889887
0.5703004097987554	0.268652760929471	0.16104682927177374
0.5709420936380325	0.2681398422488975	0.16091806411307014
0.5705711218219779	0.2680453297853401	0.1613835483926821
0.570807559482682	0.26814304354824486	0.16104939696907325
0.5715298257986363	0.2676911169769935	0.16077905722437025
0.5709835837407913	0.2677648229841688	0.16125159327504002
0.5707148192111741	0.26830446713132927	0.16098071365749678
0.5705534421627871	0.2686656807630816	0.16078087707413136
0.5702415226140195	0.2688839477758351	0.1608745296101455
0.5711432173270679	0.2681561107365968	0.16070067193633542
0.5710329845222167	0.267841681545002	0.1611253339327814
0.570774645013634	0.2684715125310587	0.16075384245530738
0.5698852028587968	0.26932121462684877	0.1607935825143545
0.5700204160363933	0.2688539670007771	0.1611256169628297
0.5709046253463024	0.26808104203393945	0.16101433261975825
0.5696463274207523	0.2692565769104065	0.16109709566884134
0.5703964803043642	0.2686720771034371	0.16093144259219883
0.5694410176050382	0.2694444480262485	0.16111453436871348
0.5695232220747583	0.2689347294469484	0.16154204847829345
0.5709821956137553	0.2681914359205725	0.16082636846567236
0.5708122557770697	0.26835863253288483	0.16082911169004552
0.570870563526509	0.2683992797480272	0.16073015672546387
0.5704386050204224	0.2686475827734789	0.16091381220609868
0.5713546937869838	0.2677401359720474	0.16090517024096893
0.5703247461232409	0.26877260644623596	0.1609026474305232
0.5714213357484008	0.2678212982076333	0.16075736604396598
0.5710306181360407	0.2679046620553731	0.16106471980858633
0.5697787942519692	0.2687134399060128	0.16150776584201804
0.5699068811595899	0.2691292887078375	0.16096383013257276
0.5710783679638718	0.26774635108082057	0.1611752809553077
0.5710674904960863	0.26757358281731647	0.16135892668659735
0.5715152730219955	0.2676185081858458	0.16086621879215887
0.5698191835146623	0.26872782332846845	0.16145299315686928
0.5704956899576663	0.2682956402286819	0.16120866981365187
0.5702838494321162	0.2685455341810249	0.16117061638685903
0.5700287037965758	0.2688334023860689	0.16113789381735544
0.5713855176765167	0.2677398499748482	0.16087463234863525
0.570497404522417	0.26825276996610203	0.16124982551148107
0.5711469917173956	0.26812576682650124	0.16072724145610326
0.5708329639295421	0.267735748826593	0.16143128724386496
0.5701351735183944	0.2689984100032268	0.1608664164783789
0.57051338685775	0.26793335567962595	0.16155325746262408
0.5712414454983707	0.26776021159933694	0.16099834290229242
0.5707698826296501	0.26812988634974677	0.16110023102060328
0.5707245307687814	0.26775979268636596	0.16151567654485277
0.5697236639207895	0.26880104844650404	0.1614752876327065
0.5705404191626795	0.2679823475184298	0.1614772333188908
0.5704875488803828	0.26842692131391305	0.16108552980570426
0.5705730537782006	0.2684375681486285	0.16098937807317099
0.5698401304167755	0.2692539848345988	0.16090588474862577
0.5704370883548465	0.26804678620040706	0.16151612544474653
0.5703637579692302	0.26881996642370254	0.16081627560706732
0.5694562853698366	0.26902329773678835	0.16152041689337515
0.5697725333472093	0.2689996853714187	0.16122778128137202
0.5702824674401465	0.2689530884300192	0.16076444412983437
0.5714809369714183	0.26773298546636004	0.16078607756222169
0.5710266872892994	0.2679686015232497	0.161004711187451
0.5710467004732859	0.26775074358806983	0.16120255593864444
0.5708468820524257	0.2682266521450014	0.16092646580257303
0.5714494537480874	0.26763909753239445	0.1609114487195182
0.5714261385542455	0.26783702950686344	0.16073683193889118
0.5708730470083984	0.2683923922194942	0.16073456077210757
0.5701898531409	0.2688995764595673	0.16091057039953294
0.570084936487915	0.26837255256707837	0.1615425109450068
0.5696583352951569	0.2694816325185729	0.16086003218627037
0.5713366087532832	0.26781805300901357	0.16084533823770342
0.5694712325557937	0.2694751028561242	0.16105366458808223
0.5696242827233077	0.26916092143093273	0.1612147958457597
0.5712777306314829	0.26759744798856266	0.1611248213799546
0.5700209898810329	0.2685416773103853	0.16143733280858194
0.5714310614709412	0.26767383338632905	0.1608951051427298
0.5706446043215057	0.2682497909412457	0.1611056047372488
0.5709730313692563	0.2682373530424677	0.1607896155882761
0.5707960169581232	0.26833968134902764	0.16086430169284918
0.5711320140325842	0.2675929519678893	0.1612750339995267
0.5705788416139116	0.26821363536843934	0.16120752301764915
0.5696267809302625	0.26930498555816074	0.16106823351157687
0.5692413021326611	0.2693216081126639	0.16143708975467505
0.571292079349906	0.26782720258410775	0.16088071806598636
0.5699656762114647	0.2685011023301024	0.16153322145843296
0.5709239218816378	0.26757932763168923	0.16149675048667314
0.5707307766157439	0.2677844111551259	0.1614848122291303
0.5698205633503678	0.2687862993829487	0.16139313726668367
0.5699172058359783	0.2691504177217665	0.1609323764422553
0.5698943139742915	0.26912441752245797	0.1609812685032507
0.5708256317247287	0.2681418561236155	0.1610325121516559
0.5700481121933524	0.26865349503613506	0.16129839277051267
0.5705380680562404	0.26846806609670626	0.16099386584705339
0.5701022226659569	0.2685849324565195	0.16131284487752384
0.5701879470205602	0.2689018751327408	0.16091017784669914
0.5697573086819074	0.2687321168119809	0.16151057450611184
0.569615611920232	0.26888276637994524	0.16150162169982285
0.5699549671146185	0.26918125028294615	0.16086378260243547
0.5708223792810085	0.2677601514091642	0.16141746930982734
0.5704482831291076	0.26881462593361366	0.16073709093727884
0.5696016269435011	0.26948386337744984	0.16091450967904916
0.5706222573555249	0.2679015144597238	0.1614762281847514
0.57054029595053	0.2684694083769168	0.16099029567255324
0.5713926380592155	0.2677519077301784	0.1608554542106062
0.5696277503283773	0.26949757978108196	0.16087466989054078
0.5703712030703587	0.2688239069821985	0.16080488994744288
0.5707310568155464	0.2678109857601795	0.16145795742427416
0.5709749158829729	0.2681739800897051	0.16085110402732214
0.5706227641245161	0.2681819928482919	0.16119524302719218
0.5712594771398218	0.26758300766445053	0.1611575151957277
0.569228503539218	0.26923062543978415	0.16154087102099796
0.5697383221192709	0.2689542085515761	0.16130746932915307
0.5693431915471017	0.26925244739214	0.16140436106075845
0.5698952307598844	0.26877039423268423	0.16133437500743153
0.5704619779975711	0.2684387627617314	0.16109925924069757
0.570455837045392	0.2681716681949048	0.16137249475970328
0.56984033386474	0.2686290107676331	0.161530655367627
0.5702599710096983	0.2686594321340814	0.1610805968562205
0.5707835644642744	0.26766521769896645	0.16155121783675933
0.5708033553657232	0.26826484793605765	0.1609317966982192
0.5706781291262635	0.26811074231609777	0.16121112855763883
0.5700094815874724	0.2686009958208153	0.16138952259171233
0.5706313712542639	0.2684626399484531	0.16090598879728302
0.5706208227319363	0.2679065995075882	0.16147257776047558
0.5711909506266065	0.26802074170514223	0.1607883076682513
0.5713785580247104	0.2678754345240819	0.1607460074512078
0.5708786050041578	0.26788984112285674	0.16123155387298554
0.5708349427718011	0.26785832422807737	0.16130673300012155
0.5707607831228032	0.26796846939004904	0.16127074748714781
0.5704141274599599	0.268699390731919	0.16088648180812118
0.5697148135705798	0.2688845300328085	0.16140065639661175
0.5705850618059964	0.2683052972406314	0.16110964095337227
0.5711974034806567	0.2679709255085578	0.16083167101078558
0.5702531198785634	0.2689416530339148	0.16080522708752187
0.5710574431336759	0.26820982278377403	0.1607327340825502
0.5701474638473919	0.2690181605230287	0.16083437562957947
0.5699470282802803	0.2686963714320092	0.16135660028771048
0.570896223763341	0.26777000441685994	0.1613337718197991
0.5699722071017406	0.26915691548629656	0.160870877411963
0.569589304700834	0.26948810584594135	0.1609225894532247
0.570232404264538	0.26849296606525336	0.1612746296702087
0.5692231618280037	0.2694990189963563	0.16127781917564002
0.5714434002555664	0.26763443603413034	0.16092216371030346
0.570205645857603	0.2686120657052028	0.16118228843719423
0.5695466175943255	0.26907331224434305	0.1613800701613316
0.5700369536966113	0.26864050038201	0.1613225459213788
0.569968812981947	0.26924321281788	0.16078797420017304
0.569852865650623	0.26859361519464525	0.16155351915473176
0.5703312683461037	0.2682263017880489	0.16144242986584745
0.5707188753438294	0.2682029013951105	0.1610782232610602
0.5702971517604027	0.2682176392152054	0.16148520902439203
0.5710749509847443	0.26771088735078086	0.16121416166447494
0.571028823433567	0.2678371855639784	0.16113399100245476
0.570200935734174	0.2686153893211705	0.1611836749446556
0.5708805301631196	0.2676942555722339	0.1614252142646466
0.5697669118188242	0.26909794756446737	0.16113514061670856
0.5705505196100414	0.2684917263651073	0.16095775402485127
0.5712742173667373	0.26779493364848495	0.16093084898477777
0.571053285865896	0.2679114281818424	0.16103528595226174
0.5706789177969145	0.26814091456189076	0.16118016764119483
0.5695121258858332	0.2693975354709379	0.16109033864322897
0.5692785074768928	0.26920477440493334	0.16151671811817395
0.5692091662030635	0.2693965893052169	0.16139424449171963
0.5704478938750669	0.2685715171965577	0.1609805889283755
0.5711376086136626	0.26766235981613695	0.16120003157020052
0.5710156173476189	0.2677559906425614	0.16122839200981984
0.5695958311665665	0.26937465117498716	0.16102951765844645
0.570590079015566	0.2680424310362073	0.16136748994822672
0.571443282320831	0.26769908255215186	0.16085763512701726
0.5694300926548966	0.26917833111473355	0.16139157623036987
0.5708370725685994	0.2679746591253087	0.1611882683060919
0.5705389693557847	0.26797959029660695	0.16148144034760836
0.5708578266845172	0.26767784633117775	0.16146432698430502
0.5694347841431247	0.2695188754306877	0.16104634042618782
0.5696153227092412	0.2690547707680401	0.1613299065227189
0.5695010221239855	0.2689458622760116	0.16155311560000307
0.5696279783092575	0.2691721426133036	0.16119987907743905
0.5696008552830445	0.26885185465764844	0.16154729005930718
0.5697052966644793	0.26882621126183415	0.16146849207368663
0.5712897631616616	0.26798579093982794	0.16072444589851057
0.570938462784944	0.268099330029471	0.16096220718558515
0.5708126761225434	0.26780167850703196	0.1613856453704247
0.571197128501423	0.26775646610934695	0.1610464053892301
0.5699451401230635	0.2686327989005076	0.16142206097642894
0.5695040848008157	0.26941698170737843	0.16107893349180594
0.5691711631196551	0.26934660942734795	0.16148222745299706
0.570083373852049	0.2686785570305348	0.16123806911741637
0.5705577923379375	0.26872838479849426	0.1607138228635684
0.5694020223031099	0.2691689514441791	0.16142902625271113
0.570772949112119	0.267881248509444	0.16134580237843715
0.5699541647241888	0.26909384407443493	0.16095199120137627
0.5704429851457643	0.2685701527511067	0.1609868621031291
0.5706893070914854	0.2685726988430082	0.16073799406550654
0.5699805953286644	0.2688132495464385	0.1612061551248972
0.5700290982424401	0.26900187587795976	0.16096902587960024
0.5695703107813364	0.26925900377791073	0.16117068544075305
0.5695424378826699	0.2692813027648098	0.1611762593525204
0.5705827459914194	0.26819916146673306	0.16121809254184755
0.5705349003561287	0.2681775132431199	0.16128758640075144
0.5709497872113768	0.26765665467232647	0.16139355811629683
0.5698851305840382	0.26888719615939183	0.16122767325656998
0.5699141484678342	0.26861335453587765	0.16147249699628827
0.5709156820943186	0.26803653514329173	0.16104778276238974
0.5706603146766654	0.2678308101963023	0.16150887512703238
0.5695034227674796	0.2690069631230275	0.16148961410949306
0.571346420275928	0.2679169142008426	0.1607366655232295
0.5700084319930799	0.2691484051375128	0.1608431628694074
0.5698354504531445	0.2692026107740328	0.16096193877282283
0.5692342754636686	0.26944952814939477	0.16131619638693684
0.5701246855310453	0.26904579673282236	0.1608295177361324
0.570853182308944	0.2676518851166003	0.16149493257445582
0.571008932439643	0.2678295830021128	0.16116148455824428
0.5699855714411906	0.26894023424126995	0.16107419431753955
0.5702290200115464	0.2686151354766973	0.1611558445117564
0.5700716677002515	0.2687727102102348	0.1611556220895138
0.5699759301247829	0.2691248979689455	0.16089917190627173
0.5704344307213322	0.2683544254007296	0.16121114387793833
0.5710078444008744	0.26820521794582675	0.16078693765329893
0.570295299568754	0.2687431286354788	0.16096157179576728
0.5702336621891372	0.26887156608055846	0.1608947717303045
0.5707845867930063	0.2683143230292351	0.1609010901777588
0.5711211262382028	0.2677162942197381	0.16116257954205923
0.5711430687227316	0.26779616358531244	0.1610607676919561
0.5700869841183412	0.268717008040088	0.16119600784157084
0.5705793250470164	0.2680670538822548	0.1613536210707289
0.5711423276679067	0.26778179868952817	0.1610758736425652
0.5704756035582778	0.2682978949798288	0.16122650146189355
0.5693394154792454	0.2692735482622227	0.16138703625853204
0.5701415625198902	0.2683758902092235	0.16148254727088646
0.5700102448037928	0.26857642345346533	0.16141333174274194
0.5700754188453993	0.26883484264238733	0.16108973851221348
0.5712386067080534	0.26775052817569256	0.16101086511625415
0.5707165191979019	0.26815018727139894	0.16113329353069925
0.5699927983827989	0.2688850804323242	0.161122121184877
0.5702652759789506	0.2686238091688032	0.16111091485224624
0.5700802950108481	0.26854878572046176	0.16137091926869018
0.570629676601063	0.26820047765393296	0.16116984574500418
0.5705627392375816	0.26872671877792853	0.16071054198449
0.5699688454311651	0.2684888424993723	0.16154231206946265
0.5702235746698208	0.2685520741055015	0.16122435122467782
0.5695032450615712	0.26948371761184664	0.16101303732658226
0.5705678005757723	0.26840864999568126	0.16102354942854658
0.5708673129195856	0.268023197055937	0.1611094900244775
0.571164963368584	0.26811671354952415	0.16071832308189196
0.5700781772508976	0.2684174379719231	0.1615043847771795
0.57049153925199	0.26857094928056946	0.16093751146744065
0.5697595847993302	0.26899638393113634	0.1612440312695336
0.5697080873471426	0.2695173728922424	0.16077453976061507
0.5711417524960894	0.26774867549830633	0.16110957200560436
0.5691949861344642	0.2694708575478824	0.16133415631765352
0.5699437225912823	0.2689929424333005	0.16106333497541725
0.5700584111981728	0.2685573401610753	0.161384248640752
0.5706027355868946	0.26856478223962865	0.1608324821734769
0.5706007174221523	0.26794979083924997	0.1614494917385978
0.5710598640422415	0.2681610611520697	0.16077907480568884
0.5705251805087813	0.2686071090669667	0.16086771042425202
0.5705284372099022	0.2686226605393166	0.16084890225078122
0.5702513607325576	0.2682061750745283	0.16154246419291424
0.5705442772016605	0.26826075129905463	0.16119497149928502
0.5698687925394945	0.26901932721170574	0.16111188024879977
0.5701781624591423	0.2688717648439835	0.16095007269687428
0.5708195720346603	0.2684591191381906	0.16072130882714925
0.5709690286174018	0.2679623355686068	0.16106863581399142
0.5707248696355254	0.26785305600799425	0.16142207435648054
0.5707021594329801	0.268546168554366	0.16075167201265395
0.5705566533268237	0.26797294551568734	0.16147040115748906
0.5697569878573654	0.269311131073657	0.16093188106897777
0.5701683397784711	0.26831883978823634	0.16151282043329265
0.5699094116905418	0.2687447811930846	0.16134580711637372
0.5712120249127628	0.26763818504226516	0.1611497900449722
0.5695658690105535	0.2693776486406518	0.16105648234879483
0.5707082970458489	0.2684436049433333	0.16084809801081784
0.5706357020213004	0.26826034787039355	0.16110395010830614
0.5693304703587382	0.2691763898772814	0.16149313976398055
0.5706189909084379	0.26803089420480275	0.1613501148867594
0.5704623143183043	0.2681202416028132	0.16141744407888262
0.5701886644342409	0.26871516460285866	0.16109617096290058
0.5703711026022157	0.2681974825343583	0.16143141486342605
0.5709933247491742	0.2681105319623265	0.16089614328849947
0.5706645964659265	0.267912390059898	0.1614230134741756
0.5694794078634363	0.2691062629738898	0.16141432916267398
0.5710719234249831	0.2679483990060396	0.16097967756897735
0.5707657653289746	0.2685112234229081	0.16072301124811744
0.5702113847382733	0.2687789992531572	0.16100961600856972
0.5711770782505512	0.2678915413849153	0.16093138036453364
0.5709353242733701	0.26794990930942847	0.16111476641720146
0.5707401497559469	0.26846718889370286	0.16079266135035034
0.570587386839057	0.2678786734794377	0.16153393968150537
0.5703547327040774	0.2687673514534268	0.16087791584249592
0.5697594896329019	0.26879158854642415	0.16144892182067405
0.5700869607214947	0.2688492128832183	0.16106382639528713
0.5696558280147952	0.2690938195294743	0.1612503524557306
0.5698175866669583	0.2693392765854587	0.1608431367475831
0.5697580898341623	0.2694049533141472	0.16083695685169058
0.5691542187213062	0.2695147593938678	0.16133102188482606
0.5711736476799438	0.2677254789553355	0.16110087336472073
0.5692177068701513	0.2692281052486618	0.16155418788118703
0.5706377594334124	0.26827471289472116	0.16108752767186651
0.5696749622924072	0.2690931035406191	0.16123193416697376
0.5699351403818257	0.26869821240287617	0.16136664721529825
0.570156831284718	0.26875505754563384	0.16108811116964836
0.5694845634416282	0.2689790488654941	0.16153638769287776
0.5693163062457054	0.2692406111876703	0.1614430825666244
0.5697600363274842	0.26883257721718345	0.16140738645533242
0.5710991249440917	0.2680096622603728	0.16089121279553564
0.5708445582839017	0.26834097937541457	0.1608144623406839
0.5698564361085358	0.26858603149231547	0.1615575323991489
0.5711840466068168	0.2677631994792161	0.16105275391396717
0.5711879926865979	0.26790241367615186	0.16090959363725024
0.5708539111902714	0.2676318474662601	0.16151424134346856
0.5696396810691309	0.2688686433082761	0.1614916756225931
0.5703764212289855	0.2682913198661159	0.16133225890489875
0.570188560762976	0.2689310476552459	0.16088039158177825
0.570898039895236	0.2679347973898323	0.16116716271493187
0.5699890960760161	0.2691721698676445	0.1608387340563396
0.5694430343136645	0.26925528854299835	0.16130167714333715
0.5693695993863539	0.2691372091686251	0.16149319144502108
0.5693937384897839	0.269070329249698	0.16153593226051824
0.5709654121443997	0.26783381877433393	0.1612007690812665
0.5693633673666526	0.26922914437287715	0.1614074882604704
0.5693771469682118	0.2693435396347974	0.16127931339699078
0.5708414092112359	0.2676696317803392	0.16148895900842494
0.5707494483848553	0.2679315835245931	0.16131896809055166
0.5703330794341742	0.26816952499115204	0.16149739557467385
0.5695807640238052	0.26939650079782773	0.16102273517836713
0.5696433550745105	0.26919602057206293	0.16116062435342665
0.5703503654478501	0.26888072062153984	0.16076891393061013
0.5706513362961314	0.2685849329517682	0.16076373075210051
0.570156148427883	0.26880888114140045	0.1610349704307167
0.5699965922991908	0.2686409918135117	0.16136241588729755
0.5699750086442849	0.2686127786289948	0.16141221272672038
0.571288270382631	0.267719155597282	0.16099257402008713
0.569273882872094	0.26920591208362554	0.1615202050442805
0.5696416681828627	0.26898377323417677	0.1613745585829607
0.5707672755746187	0.2682703250244021	0.16096239940097917
0.5700751647917346	0.26851425376794436	0.16141058144032117
0.5705622138112976	0.26788722058546277	0.1615505656032397
0.5698834069475694	0.2692270469232265	0.16088954612920414
0.5710490721392338	0.26824420380888414	0.16070672405188216
0.5711188521476744	0.2678837889028154	0.16099735894951023
0.5704871977823155	0.2681460341372649	0.16136676808041972
0.5711181436188102	0.2679098546842039	0.16097200169698606
0.5694782742555684	0.2691343823547178	0.1613873433897139
0.5708589501303667	0.2675938810172977	0.16154716885233572
0.5699328845202531	0.26881252609872086	0.16125458938102608
0.5711520120687295	0.2678528989441741	0.16099508898709655
0.5696149494578171	0.2692305352315789	0.16115451531060418
0.5695918509792375	0.2689380871927334	0.16147006182802925
0.5713352160479659	0.267707905200026	0.1609568787520082
0.5708848521615945	0.26766235185615894	0.1614527959822467
0.5709467048451262	0.26835217584914306	0.16070111930573078
0.5706223131991008	0.2686384498204406	0.16073923698045867
0.5705594958100567	0.2685123811576735	0.1609281230322699
0.5702934919246714	0.26890915201428744	0.16079735606104126
0.5705941481932164	0.2684799564595972	0.16092589534718652
0.5696014341262141	0.26949128486811336	0.16090728100567273
0.5708855383939191	0.2680424781351537	0.16107198347092738
0.5701430286393927	0.26844008041861867	0.16141689094198866
0.5709494725638349	0.26773044117376177	0.16132008626240343
0.5702096792310618	0.2682675815707895	0.1615227391981488
0.5692703867318892	0.2693257364039715	0.16140387686413937
0.5700442801264356	0.2685211073787639	0.16143461249480065
0.5703186762479695	0.2683047376360219	0.16137658611600866
0.569461343669055	0.26937963600299253	0.1611590203279525
0.5704202038151736	0.26876982708867536	0.1608099690961512
0.5699398019372518	0.269010645467905	0.16104955259484335
0.5710686371775028	0.2677593193296856	0.16117204349281172
0.5696890110263066	0.2693230364317899	0.16098795254190362
0.5713711799900777	0.2678448081557531	0.16078401185416924
0.5694554429703995	0.2694974057731499	0.16104715125645064
0.5695221808659625	0.2693254980868879	0.1611523210471497
0.5704323256932947	0.2687402906844749	0.1608273836222305
0.5701800786405002	0.268759506266968	0.16106041509253197
0.5703884311088261	0.26887130370479545	0.16074026518637852
0.569922369677767	0.2690241621541821	0.16105346816805102
0.5695604040458211	0.2692459128339705	0.16119368312020857
0.570240163478709	0.26839461094023065	0.16136522558106053
0.5707521545209164	0.26821017447799583	0.16103767100108785
0.5695267502533297	0.2693642770546356	0.16110897269203486
0.5696846417686925	0.2687631009540916	0.16155225727721606
0.5696603087396646	0.26931664655893317	0.16102304470140238
0.570164066273844	0.26878799968065314	0.16104793404550294
0.5703163436445859	0.26866099976765156	0.16102265658776263
0.5694698553831821	0.26950415100737485	0.16102599360944325
0.5711301455837365	0.2681135054826368	0.16075634893362672
0.5708463823389271	0.2683599832284188	0.1607936344326541
0.5707056932690374	0.26814677626344974	0.161147530467513
0.5702245007500717	0.2685775812746297	0.16119791797529878
0.5702480085053145	0.2684736157430283	0.16127837575165732
0.5702627540329843	0.2689747570126797	0.16076248895433606
0.570714663427202	0.2681764761523317	0.16110886042046632
0.5698546477986026	0.26875443708730684	0.16139091511409068
0.5709637294277446	0.26823506681956166	0.16080120375269386
0.5694967957583523	0.2690855568149543	0.16141764742669346
0.5701238727135632	0.26878569378553285	0.16109043350090402
0.570117054661756	0.2685818405305655	0.16130110480767865
0.5705051362933409	0.26866954493505435	0.16082531877160483
0.5699019793851856	0.26927543195525944	0.16082258865955507
0.5701129942166552	0.26915660788440365	0.16073039789894122
0.5704783078451452	0.2684983168557489	0.16102337529910604
0.5712400138536866	0.26792951495074746	0.16083047119556598
0.5693802893942042	0.2691248219787333	0.16149488862706263
0.5694496020250774	0.26916942908578434	0.1613809688891383
0.5692666877422007	0.2694117762577737	0.16132153600002574
0.5710553259524038	0.2677879260436071	0.16115674800398916
0.5711031400666469	0.26803617069593966	0.16086068923741365
0.5698911257172186	0.2693643574950766	0.16074451678770485
0.5698398587479951	0.2692351826980801	0.16092495855392489
0.5702125220022951	0.26839416483383105	0.161393313163874
0.5711802904799663	0.26758320732557667	0.16123650219445712
0.5709675417760991	0.26773717764555227	0.16129528057834883
0.5697409951502063	0.2688210697949801	0.1614379350548137
0.570939511051772	0.2681688396837479	0.16089164926448027
0.56973561793718	0.2689382146384393	0.16132616742438077
0.5696555995335875	0.26949792846756887	0.1608464719988437
0.5712850185849305	0.267726655230181	0.1609883261848885
0.5707589590342852	0.2683534129280004	0.1608876280377144
0.5705503275403554	0.2685605641262203	0.16088910833342437
0.5708467686619219	0.26796453969767586	0.16118869164040234
0.5708119270730747	0.2676813480183522	0.16150672490857323
0.5713491880928514	0.26783443488407277	0.16081637702307583
0.5708519412156206	0.2682761449455122	0.16087191383886734
0.5704198712153643	0.2683714586681467	0.1612086701164891
0.5696973254128712	0.2693615322809514	0.16094114230617745
0.5698939071517879	0.2691552875987213	0.16095080524949099
0.570875720130336	0.2679065018286081	0.16121777804105591
0.5710118922133262	0.2676684819393812	0.16131962584729276
0.5693292734277631	0.2694397065695533	0.16123102000268366
0.5699219331332257	0.2693050627306816	0.16077300413609275
0.5701748880526246	0.2687964591564197	0.16102865279095582
0.571069355723747	0.2680839658624856	0.1608466784137675
0.5700487545947138	0.26894507864558187	0.1610061667597044
0.5691424833902254	0.269511113399171	0.1613464032106037
0.5703257362350291	0.2681965286731528	0.1614777350918182
0.571201961870762	0.2679469345704157	0.16085110355882237
0.5697324177770311	0.26901833650832685	0.1612492457146421
0.569867884820312	0.2689172347670158	0.16121488041267232
0.5711481350049369	0.26764033387308406	0.16121153112197914
0.5709439084595708	0.26799274914294213	0.1610633423974872
0.5691859849706511	0.26948507410024336	0.16132894092910566
0.5704723767520697	0.2681342675667039	0.16139335568122648
0.5708326538557396	0.26810486899509195	0.16106247714916863
0.5703938975386812	0.2682210577179901	0.16138504474332888
0.5710176881485458	0.2681423528094113	0.16083995904204296
0.5692451822238818	0.2692736490296586	0.1614811687464598
0.5703657887605358	0.2687746281179164	0.16085958312154786
0.5698421924899847	0.2686827268282985	0.16147508068171687
0.5691765025173405	0.26935553238049137	0.16146796510216815
0.5692525177042957	0.26936152554976966	0.1613859567459346
0.5699817565644423	0.2684763023536876	0.16154194108187014
0.5708035612110574	0.26817327573269933	0.16102316305624348
0.5702916736220307	0.26857584437237936	0.16113248200558994
0.5699409836619966	0.2692571685081965	0.1608018478298071
0.5695984001196597	0.26900719566909403	0.16139440421124635
0.5696739493195706	0.268971884655881	0.16135416602454852
0.5708552086503837	0.2684015429754192	0.16074324837419718
0.5695293754467233	0.2689833439909226	0.16148728056235417
0.5709279128229423	0.26829588092037526	0.16077620625668257
0.5703944130275428	0.26868316215803717	0.16092242481442015
0.5699874466209507	0.2689115882058953	0.16110096517315411
0.5705374824301022	0.2686018979889502	0.16086061958094777
0.5706603416004884	0.26833139757282554	0.1610082608266861
0.5701045212983802	0.26906637433545555	0.16082910436616432
0.5702854313417478	0.2686974307718503	0.16101713788640204
0.5703962295985152	0.2686791493370233	0.16092462106446154
0.5698944112238692	0.2687235243064352	0.16138206446969566
0.5710485596566204	0.26797137748971656	0.1609800628536631
0.5694804435474796	0.2690568761520389	0.1614626803004816
0.570718681206241	0.2685298441729847	0.16075147462077435
0.5696714164965266	0.26927009666613466	0.16105848683733875
0.5702584539881228	0.26859039552091124	0.16115115049096618
0.56931896269144	0.26937627193556146	0.16130476537299862
0.569405085218851	0.2695089317105276	0.1610859830706215
0.5713740780763041	0.2678143833241912	0.1608115385995048
0.5704233929840725	0.2687080862224297	0.1608685207934979
0.5701131624590472	0.26889420066817715	0.16099263687277574
0.5698491969967394	0.2692607984001167	0.16089000460314407
0.5703083046893234	0.2684463813573855	0.16124531395329125
0.5698342487829937	0.2689127380964052	0.16125301312060122
0.5706521731039826	0.26860941704573427	0.16073840985028318
0.5706532407150571	0.26782608371993816	0.16152067556500488
0.5707876681961193	0.2679643345410554	0.16124799726282543
0.571471628308043	0.26770578760876595	0.1608225840831911
0.5709327493441095	0.2679339216033179	0.16113332905257263
0.5698243800155156	0.2688519017319519	0.16132371825253264
0.570122203042657	0.2683537112499172	0.16152408570742588
0.5700303327379004	0.26845432866405994	0.16151533859803985
0.5708359885670192	0.2676429339803614	0.1615210774526195
0.5706646905553363	0.2679181245778008	0.16141718486686302
0.5706164920687694	0.26859510756446126	0.1607884003667694
0.569765743232711	0.26938683376211175	0.16084742300517735
0.5702639860021549	0.268570948665241	0.16116506533260416
0.5697506249923326	0.26903506501261026	0.16121430999505726
0.5698760272947719	0.2690503583416257	0.16107361436360246
0.571388387124193	0.2678833381288345	0.16072827474697254
0.5713210422663362	0.26774526876751537	0.1609336889661486
0.5709809662694096	0.2682667000332245	0.16075233369736594
0.570098247475888	0.2686592531166675	0.16124249940744462
0.571002001376784	0.2680629477075639	0.1609350509156522
0.5699450581270571	0.2692393842539498	0.16081555761899324
0.5707153064901892	0.26788068292430156	0.1614040105855093
0.5705584456671894	0.2679467331446616	0.16149482118814906
0.5693987159355612	0.269452539151308	0.16114874491313086
0.5707466635364362	0.26841032333735976	0.16084301312620414
0.5700084653881947	0.2689422657145834	0.161049268897222
0.5705698688376797	0.2682278893313334	0.16120224183098697
0.5696442540425044	0.2693599349249902	0.16099581103250546
0.5704909138761145	0.26804838755483196	0.1614606985690536
0.5711366363122952	0.2679109473873148	0.16095241630039017
0.5702151053404485	0.2687608645030285	0.16102403015652314
0.5712991000284808	0.2678517244711265	0.1608491755003929
0.5706504111381285	0.267879913452818	0.16146967540905358
0.5697739008912626	0.26935090371837966	0.1608751953903579
0.5700273845370734	0.2690464573213348	0.16092615814159197
0.5692668701786114	0.2692093249219567	0.16152380489943205
0.5710282479924357	0.26819735001181505	0.16077440199574938
0.5713422638712724	0.2679386504254766	0.16071908570325114
0.5706871306816333	0.2678287902414154	0.1614840790769513
0.5699283490595667	0.2686320745245976	0.1614395764158358
0.5696012331764946	0.2693453552219302	0.16105341160157532
0.5692847670997516	0.269202358629428	0.16151287427082053
0.5706290490817949	0.2679103053546124	0.16146064556359283
0.5691686854343756	0.26935204617693653	0.161479268388688
0.5693680399037379	0.26928663966559235	0.1613453204306699
0.5708768346148945	0.26804810654856626	0.16107505883653936
0.5709810341749583	0.2683236811770061	0.16069528464803573
0.5703987356701595	0.2684476550932953	0.16115360923654523
0.5712873747588617	0.2678010373069461	0.16091158793419225
0.5713577870677634	0.26763113866903226	0.16101107426320443
0.5703247043330031	0.268668168197572	0.16100712746942494
0.5712319635186476	0.2679663465587088	0.16080168992264368
