0.1570869397884742	0.2844730688102564	0.21208214911402465	0.09381395166472548	0.25254389062251903
0.20429551790825928	0.27258073964802376	0.21402251784611798	0.07991786608385545	0.22918335851374327
0.19281208045436052	0.2615130432770213	0.17626595256807034	0.08393230162096546	0.2854766220795822
0.12770252892018677	0.25298835346103526	0.223104264768488	0.0943990430270945	0.3018058098231953
0.2120032759117123	0.27679507568181827	0.17622259958587258	0.10449898053705518	0.23048006828354148
0.20091947732654025	0.2520364333303143	0.1973457888200566	0.08713549799296007	0.26256280253012865
0.165028295070561	0.25614930532595565	0.18961042823764956	0.08651091175184084	0.30270105961399274
0.15891527033341762	0.28456318144116133	0.17804759993553013	0.08583882233405687	0.29263512595583385
0.17574135556515236	0.2656061276445646	0.21732989642049527	0.09312058266259017	0.2482020377071974
0.17743749670311415	0.2865852783593268	0.20742799117260075	0.08572782641157659	0.2428214073533815
0.19061635331332138	0.25117426359577316	0.19447687891690327	0.09039028764862853	0.27334221652537344
0.18057293286175213	0.2643177102576395	0.1793360285488433	0.09829265565552692	0.2774806726762379
0.20370650026258272	0.2820827454746869	0.18124067796961724	0.08927111175877331	0.24369896453433965
0.1455603940970167	0.28363831067039635	0.1950944659894753	0.08944183072589403	0.2862649985172174
0.2365682235603091	0.25383438688298143	0.186649259270976	0.09282170128702161	0.2301264289987116
0.18904588941411735	0.25922118604897537	0.22038660103555738	0.10440508278071543	0.22694124072063426
0.14699754281036054	0.27559225359167583	0.21750239882784447	0.08824607939918774	0.2716617253709312
0.1321713236536029	0.27190390678640014	0.2248267057178414	0.08738368627752635	0.28371437756462903
0.14668405392997946	0.2703356640826168	0.20066526779331692	0.08162177659521588	0.30069323759887073
0.16646680571578779	0.2652034456218985	0.18448003442858113	0.09845236784862851	0.2853973463851039
0.16656327050021758	0.2605121734009084	0.2245421967978121	0.08320579016001829	0.2651765691410435
0.21791249638454094	0.2531861186457618	0.1990098479131286	0.08260807421008538	0.24728346284648306
0.17068443343406836	0.2755668138648942	0.194396201167182	0.09847130226682858	0.26088124926702666
0.18128296164505692	0.2570697937495892	0.20772800573051486	0.07623311896612016	0.2776861199087186
0.20187403708600862	0.25610384450525975	0.19521812452750206	0.09596884491189013	0.25083514896933923
0.15246149404252066	0.2838127728681939	0.18062572702877214	0.09010197492693771	0.2929980311335754
0.1532334785785516	0.2792765624441144	0.21778411861933272	0.10260869607281653	0.24709714428518453
0.18210268181095385	0.2501655049198946	0.1959317569429105	0.07857182357893164	0.2932282327473092
0.13403485366912182	0.27315386292821847	0.2231579671710861	0.09288656004661763	0.27676675618495583
0.16141931621432223	0.2729170340156571	0.19793257381847587	0.1000442967539398	0.2676867791976048
0.21123813670857577	0.2509288903622314	0.18979671410812365	0.08640236173376098	0.26163389708730794
0.16081032235949164	0.2783326233160975	0.1983421981769465	0.08138274615120165	0.28113210999626254
0.1586098916519863	0.2674331962106995	0.21130511429807328	0.10420096791196458	0.25845082992727614
0.22786854727675945	0.2526208975370594	0.18697097206167537	0.08017692056686054	0.25236266255764495
0.14891320525885843	0.25253417269212103	0.20197408409340348	0.09727171830801128	0.2993068196476056
0.18728814551711215	0.25877749376361897	0.18547725217224292	0.10333661007337022	0.2651204984736555
0.16507829298234813	0.2629089062586941	0.18633250574414256	0.08868981360132228	0.2969904814134927
0.1314349215014106	0.27767359137147496	0.21373400168350232	0.0910774832933289	0.28608000215028306
0.19728504807502373	0.2816825186589179	0.19339125932526666	0.08899106007472736	0.2386501138660641
0.2261014414609185	0.2619330673367422	0.1766073926845657	0.0966382735567442	0.23871982496102914
0.16022968602089105	0.270161796121696	0.20932828124699165	0.09679440900280818	0.26348582760761297
0.16954324468475865	0.28199345307278056	0.18910672616222768	0.08278766446865791	0.27656891161157493
0.18664478248033178	0.26167544297399586	0.19464678488791096	0.09854117113076623	0.25849181852699493
0.17476235445070545	0.2744121593396962	0.2057546620581361	0.08438296791121053	0.2606878562402514
0.21171580028575349	0.2651512047731741	0.19406675765211726	0.08961239860370779	0.23945383868524706
0.1444798778310978	0.2672320035796961	0.22529775925784712	0.0809010057337749	0.2820893535975838
0.18852615534612	0.2632853656504711	0.17770827695701494	0.07998741466558432	0.2904927873808094
0.15332844292209724	0.2807530308171381	0.2051395711152759	0.08318538668400371	0.2775935684614848
0.19804170117323083	0.2862209026514787	0.19871342392039953	0.08851902370709781	0.22850494854779285
0.18284893449707507	0.2688970795585861	0.17836330921001242	0.08738387140832615	0.28250680532600003
0.18189383823144567	0.2602021935397092	0.2209145513251417	0.08660506378248714	0.2503843531212161
0.22351484733574423	0.2542729769036603	0.19446902775620162	0.10414466782147672	0.2235984801829169
0.20317100265979368	0.2843992341381458	0.18996108702567907	0.07944395046567822	0.24302472571070302
0.18677216322430024	0.2863572697010438	0.19374822091446392	0.07704186175516464	0.2560804844050272
0.17137853480728474	0.2763019572356097	0.1855511692401171	0.07821251916062978	0.28855581955635845
0.21226290071261625	0.2569967058381743	0.21845729774192785	0.0823236711811278	0.2299594245261536
0.14995175894098814	0.2851993886460569	0.19823712344595967	0.09250915579399893	0.27410257317299613
0.1584517287094856	0.28556145588072535	0.1779999011343141	0.10270244096748973	0.27528447330798506
0.16964209198052793	0.26045242381074596	0.22129076922709634	0.07907306625073439	0.26954164873089514
0.17302455630023197	0.2825435671055362	0.18046490865255946	0.0969191751465922	0.26704779279508
0.17576254287696388	0.2622984758114659	0.2192526911346659	0.09064757808163276	0.25203871209527134
0.1467044296835859	0.27776436649787556	0.2155160322435367	0.09964908860021386	0.2603660829747878
0.17019614578208278	0.27734647361370945	0.19168042855595993	0.09617527327485777	0.26460167877338986
0.1665878644094213	0.2851189393274366	0.20540148303791056	0.07891213457945531	0.263979578645776
0.14021125634291906	0.2819730857962156	0.20582011864930314	0.0892145559679605	0.28278098324360157
0.17911142759379134	0.254411492999225	0.17704955479643184	0.0888849138113459	0.30054261079920574
0.14761855958780273	0.2725819194474138	0.22202591764956311	0.08625084978698723	0.27152275352823296
0.16146027358645168	0.2539691668209397	0.21727331659804366	0.09178616838431035	0.2755110746102545
0.20649019053501594	0.28560777690493866	0.19057076711091606	0.08720980876845802	0.23012145668067108
0.21573712657954494	0.28331099547518374	0.18534261661258716	0.08605697496178022	0.2295522863709037
0.14547954627674065	0.2844711285997986	0.17904648328186662	0.09603810491317553	0.2949647369284184
0.1481589495656463	0.27476954648825114	0.19597495148642752	0.10047834855210457	0.2806182039075703
0.15191565027803888	0.28091535949835544	0.22488351699994585	0.09329336259920726	0.2489921106244524
0.2034004495021717	0.282925697734254	0.1769078982600466	0.10288493126236252	0.2338810232411649
0.15212712817766041	0.25419197863180554	0.2005183983417223	0.09060650219156793	0.3025559926572436
0.16434881476344423	0.2725739966359679	0.18051178585842076	0.09367430187798072	0.28889110086418623
0.15484030419991116	0.25314696836183354	0.19656607294126946	0.09295711562550756	0.3024895388714781
0.19806310867442026	0.25751615407128026	0.1817161850802265	0.09181347636034708	0.27089107581372573
0.1761817721429893	0.2616466015025099	0.2166917122966478	0.08089336963738664	0.26458654442046614
0.23674431354670683	0.26159800795616595	0.17776598416768635	0.07705479795512979	0.24683689637431083
0.211815351947785	0.2717899377211967	0.2106272791781587	0.07954647751082551	0.22622095364203387
0.20314218274363155	0.25847698742045017	0.1769550321182334	0.09934326819030016	0.2620825295273845
0.17915384417202354	0.27535506335987153	0.2140869317740389	0.09518468352471507	0.2362194771693507
0.24499796176194683	0.25496553163658753	0.1789924244258721	0.09870198577723897	0.2223420963983543
0.2042244388539214	0.27170909295906065	0.21194378831606236	0.08787698927481183	0.22424569059614358
0.2065361933585828	0.2683878467988445	0.1924659535077333	0.08895540601181572	0.24365460032302347
0.1963029211891996	0.2519851610925802	0.18234694754045372	0.08203894017783091	0.2873260299999354
0.2415671737462361	0.2571002394718963	0.17899420083536843	0.08188320854614883	0.24045517740035013
0.21284260868761393	0.25480612851768436	0.17903478378678805	0.09469387268070172	0.2586226063272117
0.2337655064417007	0.266315461719512	0.18177501486799763	0.07731163678661258	0.24083238018417685
0.1686868119910346	0.2694696929083632	0.19022077399550197	0.09307973203731555	0.2785429890677845
0.12699731660314514	0.26998695800277284	0.20408565665061812	0.10413607126483745	0.2947939974786263
0.19631135614511536	0.28409623544020424	0.2099922300608058	0.08244604171898406	0.22715413663489034
0.14582128671799865	0.266715338651262	0.21656552494293105	0.09943233018131274	0.27146551950649533
0.21413158089104276	0.25634398191365404	0.18848230693882836	0.085053075975542	0.2559890542809326
0.1539052192916615	0.2681820985456995	0.1880271807841757	0.08553842823826212	0.30434707314020093
0.19712034961664454	0.251567304526074	0.18468883880745543	0.1013881000364578	0.265235407013368
0.14923518235170993	0.2626545898213081	0.22100359728061214	0.0883502661850333	0.27875636436133633
0.17680486360586736	0.28005141092874725	0.18719988867546156	0.09672010856157945	0.25922372822834416
0.21024613991852523	0.2613620259706156	0.1908971034269057	0.09847616924625623	0.23901856143769704
0.14226115211869333	0.2771838247150376	0.216902341123455	0.08854267291418613	0.27511000912862776
0.1610766998335309	0.2683269518880581	0.19066776463916077	0.10260623107182934	0.27732235256742066
0.21066822768448623	0.2501534446198852	0.18700221438557144	0.09488021824465753	0.2572958950653994
0.18178956306136293	0.2862072127271749	0.21738677010100055	0.08941626075910004	0.22520019335136135
0.18277944849708955	0.27547605129662694	0.20443958075162463	0.10084771252558648	0.23645720692907218
0.21465633146876217	0.25884802572853305	0.19673400794474163	0.08607679975233026	0.2436848351056326
0.21945926810378527	0.27955852585817054	0.1818199253390937	0.07895360739630593	0.24020867330264434
0.15738968089718552	0.26436830891776547	0.20668581697506277	0.08239364970270868	0.2891625435072773
0.14317464030337396	0.28718434445203	0.1867398718845199	0.08781610811720111	0.2950850352428748
0.15091161912351653	0.2592429419717921	0.2199835458045277	0.10002924885104382	0.2698326442491197
0.1699115790269371	0.284293658279068	0.20586763071266762	0.07734491838184161	0.2625822135994855
0.1812357856142042	0.2533799054650791	0.2228817480740544	0.09551599710148785	0.24698656374517422
0.16514567970755387	0.2518999189209929	0.22386846138636932	0.080689151985962	0.27839678799912176
0.15726438523522188	0.28202097754549177	0.1944344521695577	0.08690914072931046	0.279371044320418
0.21680375102023255	0.2552969579594059	0.21001561896646906	0.08996825975908966	0.2279154122948026
0.22066008914748805	0.2854865317155047	0.19220785500258905	0.0792367411938129	0.2224087829406051
0.19343173051840212	0.2673623228192786	0.2068611340526177	0.08205448545558017	0.25029032715412125
0.20411394479978084	0.2583941171791623	0.2132875475908161	0.0962047850719483	0.22799960535829228
0.2405198251312067	0.25207305734118673	0.18075193184014532	0.10026266076139745	0.22639252492606357
0.20866067130007485	0.2834043093413364	0.18447582073358917	0.09978060266845935	0.22367859595653994
0.15803945640831357	0.2768933745764126	0.182776486587696	0.101154441883958	0.2811362405436197
0.15024057644020525	0.2831037136423443	0.22367917625503275	0.07631674828892712	0.26665978537349033
0.16048398542850362	0.27142487405046667	0.1889675881438605	0.08352251315466898	0.29560103922250003
0.19700024608298747	0.2592284917908798	0.1832159196186703	0.08814757237571261	0.2724077701317496
0.1934701721690619	0.27077103045344897	0.19908544531917535	0.10243988572780113	0.2342334663305124
0.21996789234925912	0.25450221673349527	0.2064369095447827	0.0863464567121381	0.2327465246603246
0.20936791657775625	0.2863343801520498	0.17810171614245038	0.09242406506808717	0.2337719220596562
0.19988846206330527	0.2621607128402052	0.18837214427759305	0.10212531599299524	0.24745336482590102
0.19920507591450912	0.26105331380331925	0.22463039039804084	0.08984984949675968	0.2252613703873709
0.17039048293578557	0.2817206425809039	0.18642858994487352	0.10394753574666131	0.25751274879177544
0.20949300765537504	0.2597617032710087	0.20614395776903455	0.0870697598038285	0.23753157150075294
0.15828505411682886	0.2501942983844571	0.20009808729526324	0.09235440697878972	0.29906815322466085
0.1712915968406118	0.27455663059557234	0.2223706682974363	0.08974533028937126	0.24203577397700815
0.18790286998647582	0.26219528683351034	0.20074167966026452	0.09510413688679839	0.25405602663295074
0.2085677294219208	0.2504249872601129	0.21884764642679197	0.09226835661554088	0.22989128027563316
0.17163583914580727	0.26023019046405954	0.22484662750976186	0.10198949642609019	0.24129784645428096
0.16758291633721023	0.2529683155862794	0.19113472984971683	0.08576513670529429	0.30254890152149905
0.1940901303027228	0.2549887522650921	0.22518385867186974	0.08594100611243984	0.2397962526478753
0.19164863254869266	0.2762919763230889	0.21190065002513292	0.08180925695896625	0.23834948414411905
0.17561480166275933	0.2664508790158533	0.2075592761257045	0.10367244967184262	0.24670259352384005
0.14532239972570685	0.27371634343258366	0.20722016219753459	0.08646880131520479	0.28727229332897
0.19173973460364804	0.25281219210196687	0.19855592226841404	0.09947639886651784	0.257415752159453
0.1830153275227111	0.2674103628260192	0.18543113081396922	0.09930100485492221	0.264842173982378
0.21432421929923556	0.2775156122020068	0.18445317395293304	0.09013111083352593	0.2335758837122984
0.1666928586134935	0.25188601590848947	0.2075294971493519	0.0969763959870745	0.27691523234159043
0.1693035331738414	0.2665377989617563	0.19709100974526786	0.08026178744715046	0.2868058706719838
0.1956260908546666	0.26969465148815275	0.18516369398881755	0.09031506281884574	0.2592005008495172
0.14704146737225232	0.2813163750669901	0.22304033782966606	0.0905702528000955	0.2580315669309959
0.13613358193544128	0.28012777277187456	0.2028587825037626	0.08763055224516327	0.2932493105437581
0.23419841306394118	0.26146146100482753	0.18849409678065543	0.08720771573175655	0.22863831341881907
0.17063053053577526	0.2755665839238629	0.2214476556437402	0.08955365885013433	0.24280157104648706
0.18262832355773076	0.2613380860137236	0.22217096633422465	0.08053243902446741	0.2533301850698534
0.15928295437590842	0.26053222541049564	0.19602008380520852	0.08125902429731616	0.3029057121110711
0.13909918886678846	0.27956098446720656	0.19793382850180127	0.09821050331518105	0.28519549484902246
0.1874273212371827	0.2803416235257375	0.2040495095306498	0.09922026448132146	0.22896128122510837
0.2163342600608007	0.2745153197895215	0.177428184507607	0.08589619769922469	0.2458260379428459
0.15144439258070225	0.2699872516829296	0.19243783331165593	0.09246960611139893	0.29366091631331315
0.23419222560778463	0.2534364080713522	0.1964350394225212	0.09138337690928425	0.22455294998905748
0.1997635457305259	0.26904774096959994	0.21503473562797326	0.07712445483552506	0.23902952283637563
0.12725428507736927	0.2801769875226683	0.2153957348751307	0.08392318976461616	0.29324980276021545
0.20147896557500086	0.2752754159744014	0.20058029064605315	0.09386028250789345	0.2288050452966509
0.1931561011584203	0.28664880583815	0.1787748801076734	0.10056278650509202	0.2408574263906641
0.15538532726520687	0.27480520534205943	0.21267869238494547	0.09675573572249421	0.2603750392852938
0.1687552605268247	0.25812899643926634	0.18594006045649158	0.08468972048705121	0.30248596209036593
0.13612628357327758	0.27972153803428457	0.187738510387105	0.10081334157840784	0.29560032642692485
0.14118926509269036	0.28310601562294746	0.18240769589446476	0.09667718532051739	0.2966198380693798
0.20300259431998569	0.25181161680239206	0.2233479149955864	0.09484024288182907	0.22699763100020656
0.20092220146711626	0.2656845329577572	0.18280184915440806	0.08520808252160261	0.2653833338991157
0.21833700379000967	0.26764598706927223	0.1867377524062316	0.07804054996348134	0.24923870677100496
0.15275230997335337	0.2533909256347634	0.2193609864144868	0.07855411755728073	0.2959416604201155
0.14310136211004174	0.2777537563815963	0.1893313058752289	0.09652344857282094	0.293290127060312
0.14607141868238338	0.28172289891488767	0.20571994273692618	0.07724291078231753	0.289242828883485
0.21200375824066214	0.28629653911029107	0.19575748643057236	0.07949561520831572	0.22644660101015845
0.17735814705095335	0.2522874510662949	0.18625489473508988	0.09907480181103646	0.28502470533662516
0.193717931473729	0.257761490472657	0.17726786180905424	0.0871851361017738	0.2840675801427857
0.182679256804198	0.26262247539651506	0.20629372481032304	0.08970183007414191	0.2587027129148218
0.14185581725938173	0.2833607054210009	0.19502595799600164	0.0830211463477885	0.29673637297582706
0.14766630000733644	0.2872170184580033	0.21641387478372875	0.09226529724616167	0.2564375095047697
0.2168193290718155	0.270880427085908	0.1773944807655761	0.07759106704756273	0.2573146960291375
0.20794194932289162	0.2532779382985677	0.19178752196406226	0.10137152018097777	0.24562107023350044
0.13983310118617487	0.2768673585912946	0.20847255652511473	0.09129315776095828	0.2835338259364574
0.15063817737252613	0.28402792137077215	0.20297451282413526	0.10364365032235498	0.2587157381102113
0.1629022209755055	0.2661489867518096	0.20121154915358858	0.09753245861813846	0.2722047845009577
0.15657106545094895	0.24985544867673756	0.2193910389141714	0.08276803304394807	0.2914144139141938
0.15105735840854692	0.25819874601026777	0.21458436903760653	0.09147363016529236	0.28468589637828623
0.2077426458108038	0.2661833960059722	0.2223815228791149	0.08080614815009493	0.22288628715401398
0.1714166228871496	0.26233139164600505	0.21199091769703804	0.0988236356772407	0.2554374320925664
0.19551905356597474	0.25157243818585967	0.18912471637239023	0.09858405727647726	0.26519973459929785
0.14165833693602814	0.25124455129735124	0.2060802959181126	0.09802329305733579	0.30299352279117203
0.16038553095904884	0.26742107135353266	0.19457031255078985	0.07921253096252012	0.2984105541741084
0.19121875144774148	0.2537866975510007	0.22057475411499863	0.08353405852609266	0.25088573836016625
0.15174595693037335	0.27606716210950666	0.21652810053347848	0.09588401459749891	0.25977476582914244
0.2205077089992574	0.26366358453942323	0.1913665988490771	0.09783235056271582	0.22662975704952618
0.18150025471425396	0.2551022443871205	0.19208462663390447	0.08024898133909492	0.29106389292562596
0.1786969859528564	0.27137330831968853	0.1860314538647954	0.07774725456774996	0.2861509972949095
0.14950603007126206	0.271290692037925	0.21734452617022665	0.08228416999815333	0.2795745817224328
0.1337350639893784	0.2684397822628516	0.22192916968818155	0.08576105744092945	0.2901349266186588
0.16258915781549205	0.2656440463423047	0.20528319289758729	0.08051636477330279	0.285967238171313
0.13158051883844174	0.28460101423698325	0.2191136130687288	0.08094338102041967	0.28376147283542635
0.17436710443841186	0.27131381633923796	0.22358690512992993	0.0883181793736998	0.24241399471872022
0.20499282788349843	0.270143486745686	0.1944480232702973	0.09611953241163725	0.23429612968888075
0.15750393105338212	0.2700608015456838	0.22044990458339941	0.07731109242062054	0.27467427039691394
0.19112402096953718	0.2846086446897318	0.21281957851824132	0.07809342742863411	0.2333543283938554
0.21025795952035267	0.25728530008849526	0.18934497962651703	0.10393828098355345	0.2391734797810813
0.1819845276404588	0.2547579734569448	0.19932289810424125	0.08391489407563865	0.28001970672271626
0.19832308184321468	0.26949624829092617	0.2131069675335171	0.08156878708085312	0.2375049152514887
0.22017512825471455	0.2743149643399141	0.19652618613879502	0.08532947255713563	0.22365424870944045
0.18131971412617365	0.27924774869838265	0.1803373922719031	0.09577388316407333	0.26332126173946707
0.15155458736697264	0.27488912676810284	0.21690315206578756	0.0780209682850962	0.2786321655140406
0.14066359291969055	0.2836982037230943	0.22177556031276052	0.10433300566164164	0.24952963738281278
0.22751222593440024	0.2653252047722594	0.18912652919586395	0.07654056987376437	0.2414954702237118
0.17726683089790893	0.26089234080234974	0.1981271290942189	0.08280940818652847	0.2809042910189937
0.18772474593008878	0.2771058362942608	0.20182273345969218	0.08545442133049752	0.2478922629854605
0.24390424597576446	0.2513520569923644	0.20064034141625534	0.0783982711913501	0.22570508442426546
0.22347051983795324	0.25876885034848957	0.20536667604941994	0.08100551102115539	0.23138844274298165
0.21120499626681316	0.25278997177815227	0.2021996636388323	0.09282627514665105	0.240979093169551
0.16914905463105473	0.27126439436008587	0.21684696107653503	0.08897664981632056	0.25376294011600364
0.18010946464806898	0.2863836085116544	0.21039248320989692	0.08160875062437283	0.24150569300600666
0.1327117271615615	0.287301385074471	0.22306933888496083	0.10384011770661793	0.25307743117238857
0.2119181743462262	0.25642975976965654	0.21002499527921853	0.0851410950902564	0.2364859755146421
0.17835492790533075	0.26168176581350217	0.22006941883743086	0.07842676969138622	0.2614671177523498
0.18774670189796058	0.27601813840126277	0.19981020003975342	0.09533114635521762	0.24109381330580543
0.18201306197067377	0.271492513789395	0.20959036473327072	0.09910895764145598	0.2377951018652043
0.1484234762923901	0.27013025681855	0.21396670069401913	0.09925713682084643	0.2682224293741941
0.16021557347211896	0.25890853208609266	0.22025464105295287	0.0829066365637119	0.27771461682512344
0.18610894189656044	0.25616393431126805	0.19414532552905825	0.09366389514824872	0.2699179031148643
0.16153700335771687	0.25494875841477815	0.1949439700848771	0.09902563459190925	0.28954463355071836
0.15794319592563533	0.2637777127094916	0.19703376749564935	0.09027496333897309	0.29097036053025044
0.20253341827521057	0.2795662599907399	0.21517875560730199	0.07960497013208193	0.22311659599466538
0.1646598185438036	0.2591233541236329	0.22270964950647307	0.08189941147880983	0.27160776634728034
0.1661809414396918	0.2783189223640453	0.19841251713112668	0.07654896699946134	0.28053865206567463
0.23138120070118928	0.2770258704626388	0.17706843461310984	0.08930310272538344	0.2252213914976784
0.1685397692279706	0.25308085791411256	0.1949620013500536	0.0840692946998169	0.2993480768080461
0.16254685952037984	0.2582610957641831	0.22028487274125827	0.1033183116361071	0.2555888603380715
0.1781434799527989	0.27438778183891843	0.2147058079451171	0.07699234233821269	0.2557705879249527
0.1552166477444673	0.2746612245700838	0.20495147810526212	0.09196097689948653	0.27320967268070007
0.20002832251336355	0.2744838365423842	0.19318796670114521	0.07976516736017969	0.2525347068829272
0.24444513991255168	0.25446241095383776	0.18820968139914834	0.07897276403060668	0.23391000370385528
0.21927219360253855	0.2548107470979883	0.20362210304009373	0.0975953298994113	0.22469962635996793
0.20693950301057798	0.2674058909921469	0.20861027025932588	0.08828955412478619	0.22875478161316284
0.15990421222232218	0.259704594922366	0.18129853525429945	0.10351858668971789	0.29557407091129423
0.1332997223494441	0.2855147994928819	0.22362630988179638	0.08025841561044221	0.2773007526654352
0.19364488010965886	0.2658071388535583	0.18735851027180964	0.10282229217897565	0.25036717858599733
0.19341820943175533	0.28323090254538497	0.17773650993010295	0.076470000220998	0.2691443778717585
0.13025460330942823	0.27908461911690885	0.19152023967253096	0.10077008890235373	0.29837044899877807
0.21416851638667658	0.2524324902735048	0.20305974625750864	0.10148032416389614	0.22885892291841362
0.16285504295034964	0.259126459018173	0.1985918699328505	0.0913581120653558	0.2880685160332709
0.14708512916088626	0.27904786548678906	0.197607838853744	0.09202604696366123	0.28423311953491925
0.17629556714976777	0.281264159736798	0.1797439080182166	0.10262887372933834	0.26006749136587903
0.19718801788952528	0.2690782206299456	0.2036447118281843	0.0774844744019177	0.2526045752504269
0.1701587202941517	0.26582522636628286	0.18657275378136293	0.08298076090361284	0.29446253865458943
0.15980121213915477	0.2598392300931807	0.22564815004308947	0.08892789215361727	0.2657835155709576
0.20404661892142847	0.2517867546460357	0.19484875338399393	0.08345101263516375	0.2658668604133779
0.19055681386674403	0.2804256608749963	0.20998284406954243	0.09184637383021167	0.22718830735850537
0.13332872192856643	0.2760146934211576	0.2003376820891858	0.09334469641277104	0.296974206148319
0.14164575241767416	0.2808387327505365	0.1967009041968266	0.09400470979125765	0.28680990084370483
0.181719608108891	0.27620992087058005	0.18827570864754595	0.08296604648771526	0.27082871588526747
0.238057259710635	0.2542563785048212	0.18808228605618835	0.08683213724639155	0.23277193848196367
0.13085508103088098	0.2830061873091575	0.21576796117512723	0.08735644744798042	0.2830143230368537
0.1511600878954435	0.28631174599113696	0.19956150064188488	0.08579206616461506	0.2771745993069194
0.20631176088556655	0.26070387594673006	0.2172004309652934	0.08860898006558744	0.2271749521368223
0.13501982789730602	0.2694566471033514	0.20202253513450769	0.09069808486094363	0.30280290500389107
0.19286956694098406	0.2711178753693766	0.18993153464321713	0.10087733571963892	0.24520368732678305
0.1667862560844643	0.2800266706378205	0.19762025269339065	0.07654958298603592	0.27901723759828845
0.15909711494030515	0.2752345729183615	0.20640756313551903	0.09645174976872978	0.26280899923708434
0.17047293304665062	0.26073804881183943	0.21570968914490898	0.07915777834408588	0.27392155065251483
0.194864445648046	0.28284571080326637	0.2021080487194233	0.07696335944532133	0.24321843538394272
0.19703297273291637	0.2757978337876423	0.20404077527585887	0.07710002844695679	0.2460283897566255
0.1661793995909848	0.28691676460877413	0.19098640498671882	0.0869024339874759	0.2690149968260461
0.1982390413868996	0.2758647468640069	0.21927634005693927	0.07996157008288567	0.2266583016092683
0.21484702032421088	0.25793638454841805	0.19571457308681925	0.08899664222454035	0.24250537981601125
0.1914439933683052	0.2720742789290159	0.2201199667292978	0.09221219731123682	0.22414956366214406
0.22253651321789047	0.2521452920839399	0.18353745863821397	0.09272197566106134	0.2490587603988941
0.17342474140140957	0.25930241132616116	0.21796835447413432	0.09007352667171069	0.25923096612658403
0.16438658347729343	0.2722378793500307	0.1949563698333732	0.0883922342316812	0.2800269331076213
0.16096022824021503	0.2605049017656805	0.20585520805146354	0.0802555243232896	0.29242413761935115
0.17062763498695027	0.25010183752084275	0.21369095924977594	0.10381210594901842	0.2617674622934124
0.132099682123339	0.2768548911014217	0.22099333206379299	0.08765197775367162	0.28240011695777456
0.22678539172419176	0.26660786324628016	0.18030769327229218	0.09400342338905636	0.23229562836817927
0.14316568559728038	0.26745925395746517	0.22279613483629465	0.08820131861377797	0.27837760699518166
0.19007129129215433	0.28188051945432624	0.21686900003170947	0.08601682569178075	0.22516236353002894
0.16381057276422248	0.2735216482256451	0.1824891347399951	0.08176668959829965	0.29841195467183745
0.18885227446452366	0.25858498508809813	0.1862757152233592	0.08160317683167506	0.2846838483923438
0.1557190508319001	0.2598027615181038	0.2137487535499953	0.08651646447354296	0.2842129696264577
0.1731817037717365	0.2835639258332249	0.21495063819187973	0.09829543523747059	0.2300082969656881
0.20990208072358132	0.2748105872946919	0.18294272875152381	0.0915622996201656	0.24078230361003716
0.12879279638460564	0.26887737507879883	0.212597520803451	0.09362331548594624	0.2961089922471981
0.19704717885843612	0.2836097275677101	0.19170586747157953	0.09676835317399915	0.23086887292827488
0.15983267182772667	0.2673974038299829	0.207103478848232	0.08826901795003622	0.277397427544022
0.18788833923505258	0.27848663649511385	0.18258277226785008	0.08082238463327529	0.27021986736870796
0.24438600879565753	0.25436076277254344	0.18179048241671195	0.08558441172228505	0.2338783342928018
0.17493665883294243	0.27845267280950325	0.20389650499716686	0.07773511500627986	0.26497904835410746
0.1398887265666637	0.27881878640325897	0.2118490413676485	0.10016952782471011	0.2692739178377185
0.14699142135662283	0.2639350239614198	0.21089809778403684	0.1016273145076255	0.2765481423902948
0.19446338437950825	0.2631602388635782	0.17640097941358315	0.10303739576545005	0.26293800157788005
0.16606846535405467	0.28234411375242485	0.18218947586906173	0.08516977225384474	0.28422817277061385
0.19236061358095874	0.25434435537628874	0.19608414598888102	0.08350451852132873	0.2737063665325426
0.1838384088690216	0.26883569441858823	0.1786842101962339	0.07713643193977764	0.2915052545763783
0.16488488670225113	0.2701539258386354	0.19225193039117167	0.09680011089609611	0.2759091461718455
0.14137512752699613	0.2583411927450875	0.22307310031589445	0.08219716569068425	0.2950134137213375
0.17969969895691296	0.28328047234198794	0.21026935587775156	0.08334425859259903	0.24340621423074826
0.13894180576576426	0.28653060896934385	0.21607413591040037	0.09971024783055446	0.25874320152393687
0.21450773975905388	0.26157364993815163	0.19938480675486617	0.09167707838797352	0.2328567251599546
0.1491122801419197	0.2763409891745803	0.20974133115466256	0.09272117011415992	0.2720842294146773
0.20190510943380102	0.2521976259343842	0.21772796653730966	0.08781418493573694	0.24035511315876798
0.14823075413803674	0.2732346656551764	0.2025600815464183	0.09968879266416189	0.2762857059962065
0.1675745558034331	0.27836185996821605	0.19871666933788765	0.10238948344427767	0.2529574314461853
0.15719868955782737	0.2855425035723908	0.2007054791762958	0.08033324458827265	0.2762200831052132
0.17920969854346414	0.26743620442074234	0.19999655233297156	0.10347739799855302	0.24988014670426878
0.23583403561262523	0.2666601982561282	0.17907898723058066	0.09322396246662741	0.22520281643403828
0.18489015312998516	0.2550689280029855	0.18511471164885013	0.09234696248521895	0.28257924473296003
0.16631910936272107	0.25786297247098944	0.2129635426140414	0.08674182667063653	0.2761125488816113
0.1500887452532015	0.254022078352297	0.2107278094631653	0.09731268526325731	0.2878486816680787
0.16712721609659068	0.27801335545113404	0.19022338597366364	0.0834830037074738	0.2811530387711376
0.1792583019475589	0.28042238085126675	0.21434671137158368	0.08636780061861205	0.23960480521097843
0.2203166315300799	0.2601006022395997	0.17596060454362025	0.08189476859043313	0.2617273930962668
0.17767339695113896	0.2733906701556299	0.2089157262777305	0.08013383113493261	0.2598863754805678
0.13428298386997106	0.2504540722600326	0.22512158856360778	0.08538833485148892	0.3047530204548995
0.20829614529177862	0.26880848713817496	0.20888241426722276	0.08865989696412652	0.2253530563386969
0.1666518252321798	0.268740791400421	0.21140355160871918	0.097437539640256	0.2557662921184238
0.13251127840881569	0.2818287797730706	0.2104935053492762	0.09375577828949179	0.2814106581793456
0.15046498047299925	0.26163853851685775	0.20718399959336578	0.10358618404957252	0.2771262973672045
0.17560231609890825	0.26079485773436756	0.20827118654713922	0.10101666930665125	0.2543149703129335
0.19014615686688072	0.25462137168054294	0.1938128345407827	0.10451140192329453	0.25690823498849885
0.17939275945979571	0.2676230899136913	0.2000389227648416	0.09988678648509122	0.25305844137658
0.19332973915983015	0.27113388373738795	0.20290298876211205	0.09739404800703716	0.2352393403336325
0.15819493164733187	0.2679182538070604	0.2116290157241725	0.07729537790199323	0.2849624209194418
0.1788225400538105	0.2866893985872968	0.17992120321717955	0.09934598986522636	0.2552208682764866
0.20086268525921952	0.2659029360063213	0.18876964466196477	0.09221311473741275	0.2522516193350814
0.1493118126267206	0.2716827332809605	0.19668951762169287	0.07784905994574758	0.30446687652487825
0.21482713352126664	0.25822938885685986	0.21907587282193514	0.07983193524708314	0.228035669552855
0.14071728154325594	0.26925570053396175	0.1923486950048495	0.09335491626029337	0.3043234066576393
0.20341806580953048	0.28696971720954645	0.20412810833269446	0.07760785490331816	0.22787625374491022
0.17729118943377764	0.25979923234007746	0.21358810903795708	0.08896555847629903	0.2603559107118886
0.21499352764165242	0.2579888699606312	0.17693438178656165	0.08410949910392936	0.26597372150722515
0.16959160635322973	0.25228197650870715	0.20910700706310353	0.08071831067620816	0.28830109939875126
0.17745772313869113	0.26443604142694455	0.22522873908749616	0.08972407182151125	0.2431534245253567
0.20312818892485687	0.25260307674362137	0.20022298599399255	0.08957356698142557	0.2544721813561034
0.17576683257442022	0.26267272307712075	0.22046915622775637	0.09980998464500722	0.2412813034756952
0.1875450362880588	0.26032965254346857	0.21035570779105364	0.10021817046651953	0.24155143291089926
0.15424566177574536	0.2663515854355708	0.20944504656901355	0.08828450780013375	0.2816731984195363
0.20973410277188603	0.26691232249197566	0.17878100375678307	0.08686849401003527	0.25770407696931974
0.18393218515533868	0.2500416876694536	0.2000623442958243	0.09814965503752922	0.267814127841854
0.24557784597814947	0.2550721098723405	0.180093488589057	0.09289765948334838	0.22635889607710435
0.21797831520312405	0.2568668209555366	0.1843292967454833	0.09286702551102606	0.24795854158482977
0.16284996331949286	0.27232511085652894	0.20165925543580793	0.09058623369297542	0.2725794366951947
0.197259984805293	0.26824567195074994	0.20508721264203136	0.09740241222700238	0.2320047183749231
0.20911300085522766	0.2534184430139879	0.20113097888678003	0.08683673311268697	0.24950084413131718
0.17731643363817962	0.27154757608143903	0.22154052007689568	0.08110966495982652	0.24848580524365899
0.22559241248070924	0.28238731967184794	0.18193635068354236	0.08359686672437705	0.22648705043952322
0.22038288475436496	0.28171401117476064	0.18364413063937512	0.08310847037416345	0.2311505030573356
0.16950386589132413	0.27941616858126495	0.22170820399735258	0.10079659872043462	0.22857516280962356
0.16811610279737244	0.2552151354487515	0.18991851535151533	0.10173179923057497	0.28501844717178554
0.19632981392760293	0.27348369259784366	0.2081046168849038	0.08185250632425613	0.2402293702653932
0.19088069107942085	0.26946211239890844	0.19364482579051331	0.08337234051596798	0.2626400302151892
0.17795515239710175	0.2546887782349061	0.1875619270499064	0.10008238800042567	0.2797117543176599
0.1542362371109428	0.26633182981587816	0.1761538377187752	0.09936811544225703	0.3039099799121466
0.1752162549903715	0.27691425856876595	0.2177998141251688	0.09481800058398203	0.23525167173171152
0.18593256934827126	0.26209266850372526	0.18208681041267033	0.07965848849704758	0.29022946323828536
0.14060123054203216	0.2637054549973745	0.21898531550047448	0.09624189615867819	0.28046610280144046
0.16835780588200958	0.27247155571275156	0.1802511649946579	0.0768885059874564	0.30203096742312435
0.16605107723824702	0.2596037861340604	0.20898028585905992	0.10088222356145655	0.2644826272071759
0.161319315541833	0.2783497948744914	0.20914514314556545	0.08479484962701657	0.26639089681109335
0.20543580117709698	0.28170369717107346	0.2005093325411595	0.0822590531084332	0.2300921160022366
0.12798894157606755	0.2869385601654335	0.2257882949903099	0.08472670227408872	0.27455750099410015
0.21327008898292033	0.26384984844145387	0.18222142583200543	0.09329036467286045	0.24736827207075968
0.23159581052189515	0.2509667690928284	0.18737485809344423	0.09430424141404443	0.23575832087778759
0.1844711772521927	0.27928602658312063	0.18102937498301627	0.09665725927584938	0.25855616190582087
0.1896172282193895	0.25854061278121176	0.2026784042679538	0.07795047529427589	0.2712132794371688
0.1469931883254814	0.26653218250207455	0.21301547150215208	0.09021502270250886	0.2832441349677829
0.14934211291190497	0.2780569763069924	0.18490770551603408	0.09038771009888481	0.29730549516618354
0.18431076275396813	0.25125105826888583	0.19946534597622426	0.08991803176321657	0.27505480123770504
0.1308724896652802	0.26592781591566617	0.20032791565335778	0.0980694027539702	0.3048023760117255
0.1316726780091476	0.2835393830658922	0.21872190727497762	0.09837407025530404	0.2676919613946783
0.2198889578669486	0.2558387521121328	0.1886084794425626	0.09811658243980995	0.23754722813854579
0.13564889076073922	0.28185774238950206	0.1873175836660269	0.10361109683870742	0.2915646863450242
0.1488674668429285	0.280879882520654	0.20884620142963492	0.08555776729987695	0.2758486819069055
0.12817020674490784	0.27878800224390565	0.19583113966604823	0.10052985475484563	0.2966807965902925
0.20566997745543264	0.25303163667195266	0.18189975519413237	0.10433836957968023	0.25506026109880187
0.1741418116210122	0.2676365703261379	0.19797913633091335	0.0890252392821958	0.2712172424397405
0.14346452079461985	0.27647473155496605	0.20022086593259544	0.09394984461128288	0.2858900371065356
0.1922381023992683	0.26302336967595147	0.18029312128576355	0.09292684672129836	0.27151855991771806
0.18364581040168695	0.26055736215273945	0.2032158634240253	0.09854557369747009	0.25403539032407796
0.22363442252617713	0.2625470095393776	0.19440407575300542	0.0854644759687554	0.23395001621268424
0.14923825734689522	0.28194425297750325	0.21644299442008658	0.09971567427176871	0.25265882098374604
0.17396190543041068	0.25189727684999175	0.21577767444557644	0.08389376178997997	0.274469381484041
0.2063292431117601	0.25229519636416625	0.21774968164797556	0.08328806346920037	0.24033781540689753
0.13136882097433752	0.27741444587413283	0.21205222553386005	0.08105988379241788	0.29810462382525155
0.16003258947400634	0.2506998434714657	0.2254800002545225	0.08937078015694577	0.27441678664305946
0.16567651550107454	0.2605110179055145	0.19691040481417002	0.08451222663392732	0.2923898351453134
0.1850414843237011	0.2832600549277371	0.17905373106617872	0.08923534616875274	0.26340938351363014
0.18935082860939714	0.25075926086049255	0.20091775605712509	0.08815207146100826	0.2708200830119768
0.19408466956467002	0.28670704303391087	0.1852337663039869	0.07785922460970053	0.2561152964877314
0.2076299943540109	0.26919149784007507	0.20453563820435183	0.0843262908395043	0.2343165787620577
0.18734292237053626	0.2629998833036035	0.18901558359920326	0.08435160308258753	0.2762900076440692
0.1696908722903162	0.2608310281160652	0.22351905005300785	0.07884383601138058	0.26711521352922996
0.18500685060046582	0.2510337599175253	0.20127096513026613	0.07789802254650222	0.28479040180524035
0.15895134285157714	0.2770702134798788	0.19832532128005043	0.10026365341186239	0.26538946897663107
0.24993674075509054	0.25106483004397695	0.18465548431146075	0.08694080111258573	0.22740214377688578
0.19443352870491684	0.2664584688170326	0.17643424280663067	0.08252353684293816	0.2801502228284815
0.14340144182100242	0.2639944530944147	0.22488886112023282	0.10131978630668786	0.266395457657662
0.2215098904222415	0.269253453643387	0.18271972946374476	0.0965932846796534	0.22992364179097313
0.19340648654576575	0.2826665778808373	0.22102684254519253	0.08011049955862469	0.22278959346957947
0.14135879009443725	0.2864886707493228	0.18656056810232174	0.08959648933013815	0.2959954817237799
0.153578483694372	0.2622593809459634	0.19529449858651246	0.10041147186124671	0.28845616491190523
0.16012661975496068	0.2709791652253625	0.20264355793511007	0.09518352557585107	0.27106713150871553
0.14883002684128147	0.276608693034658	0.1900646992195576	0.09324944101325851	0.2912471398912442
