0.04757587604033092	0.049342407751480875	0.12656011266461356	0.18819033472551688	0.059535932162257194	0.19983816656971332	0.07474213422440343	0.051478945492670944	0.013755402119649845	0.18898068824936304
0.05257239421695863	0.08417188671451813	0.08554608709449264	0.15899075757454467	0.059055815802177496	0.23583858003216251	0.09768376530973698	0.06364746358529391	0.041843493528005316	0.12064975614210968
0.03826059288180592	0.11106438645568863	0.10349231760191253	0.166838130990125	0.0752998416086377	0.15594653873931377	0.07593711018648927	0.06969794454388462	0.01839666891246819	0.18506646807967436
0.04140398769610061	0.2126411090737924	0.08108507422716264	0.18205344602652343	0.05038608195086357	0.16967594183460655	0.08584996275522265	0.025146393144548126	0.028902701938244985	0.12285530135293506
0.05423809324719315	0.05339414065443412	0.12417614964149615	0.15825130363683285	0.08738663297505128	0.19889248107411928	0.07566620056002203	0.03968294449045699	0.04006047217493177	0.16825158154546238
0.030961875270827957	0.013130023947599184	0.11888965399870821	0.17420189321558027	0.07819732493023311	0.2333650535620766	0.06520995256709582	0.07029694685408804	0.02822029415301841	0.1875269815007724
0.028819136444846835	0.05503580736113511	0.09900022515530672	0.1895424723304832	0.06811388179444391	0.2318237331858961	0.10029680091950378	0.05135019567271928	0.01555739862950789	0.1604603485061571
0.03227809901484778	0.12195874480704677	0.12836623003953318	0.17524287674283984	0.07190168658537456	0.15920217597041547	0.07910784379152616	0.04865485866436951	0.031061289521014224	0.15222619486303252
0.04349361675576939	0.17698350893708278	0.09287306356698956	0.12684883159273191	0.09903435490446137	0.2006609279756697	0.06330711789313968	0.03108827450110853	0.019118291897566184	0.1465920119754809
0.03979703756911096	0.09233229735652712	0.07433825316997916	0.17363088824661635	0.09592672454540019	0.19889449580787416	0.0925437424210015	0.03799368729679106	0.040143491725844326	0.15439938186085517
0.03550693783745186	0.07618866719635946	0.0986293552047557	0.170312233919089	0.054502282459236516	0.20141876589811958	0.10738822428351753	0.056957299231257315	0.014020868429371683	0.18507536554084136
0.028033134144165014	0.11578603627048166	0.09906802574295089	0.17951044429816093	0.07000112396992735	0.1553839013129194	0.10272624508165956	0.03639077410073267	0.03345754602454008	0.17964276905446244
0.051618439886893616	0.03888280369148875	0.12628108375201985	0.16307770869792737	0.10039349516259546	0.19676585919587752	0.11048273691704308	0.04906657962611816	0.03381133599682738	0.12961995707320878
0.04566290698512977	0.10710239363079195	0.08039831668213279	0.15028970483668036	0.08630805306260808	0.18049389481102518	0.11133271993580153	0.05353372449914807	0.041298256590929824	0.14358002896575245
0.028272050364752804	0.050500486589963076	0.07193349525931371	0.18127326003688982	0.07872774787041215	0.22566100717929816	0.09302844836367898	0.06041813519648103	0.037201953159576445	0.17298341597963385
0.03795393043334065	0.16141562912374346	0.07621851206056844	0.137794702523803	0.09205191576081645	0.17744225992090013	0.08050001092215534	0.06664555844183172	0.018568691851473668	0.15140878896136722
0.03818908415651333	0.14035794474776137	0.11445993134758567	0.15343900664136045	0.09697698697488027	0.15196794107106754	0.10531306722822675	0.026328931106567158	0.020891292345729784	0.1520758143803077
0.03850966547083041	0.14531472025514897	0.09233465815711298	0.1323689534147526	0.06240484909163265	0.2076476817500293	0.07493041844462989	0.04549845998135653	0.02413902154737127	0.17685157188713546
0.04723522012999362	0.22558360489226142	0.11953833395618868	0.12512124958018628	0.05338947044284618	0.1477301288054521	0.08035630915933922	0.02405909663944887	0.025261234428588922	0.15172535196569473
0.051867066119920535	0.061924292806373904	0.10414822896090623	0.12922373666626094	0.07173526770832153	0.22026128971783043	0.09744639867485794	0.053165653481400066	0.04792918973928631	0.16229887612484206
0.04289271564668841	0.07540160891607228	0.13105628087873245	0.1240651929101321	0.0759696803857722	0.2195549939085081	0.1026963624969896	0.054678681693343716	0.012531258555856989	0.16115322460790413
0.033852109044394466	0.07005352981437975	0.12539678885524294	0.1875575578752542	0.06617556038564351	0.19490542895602733	0.07101342256620681	0.06778393766514562	0.02220549420468068	0.1610561706330247
0.053852199344927396	0.029903415890584636	0.08862751407142797	0.16997072598976382	0.07778351496709233	0.23070511398235577	0.06819700611502148	0.058869404058292274	0.03795719612310079	0.18413390945743346
0.03550838900018653	0.09851744527000658	0.07296199290586078	0.17245980217808354	0.09191203853017901	0.21501350264942592	0.09217776402254711	0.05458484411624424	0.02907056285329407	0.1377936584741722
0.04350501015590677	0.06462246501611663	0.12990326974831162	0.12101411376197349	0.07613674306189941	0.18645978979286934	0.09378912409206235	0.06233924876854009	0.039424917202475984	0.1828053183998443
0.038703503366197475	0.12293223670848985	0.1205741942793937	0.15386831486862365	0.07005161497334267	0.22276562479016204	0.06688869016886995	0.025238340009020713	0.044023346271134696	0.13495413456476527
0.05349309334608259	0.15549667789064264	0.0804095134986606	0.15474624558141495	0.05037260888669761	0.18902474454738613	0.08712498048782694	0.0524733036328134	0.013946730645497313	0.16291210148297786
0.03903647305460713	0.05753573795490796	0.12424354113415004	0.17428928451523495	0.0812410107996496	0.23240824119615405	0.09647830897754302	0.031165778637146133	0.027215117078515927	0.1363865066520912
0.034510844420824874	0.11413156704116639	0.12198661143123712	0.1944560087014493	0.07794556245227238	0.16317041799041973	0.08403430459881644	0.04243517302978088	0.03548611264156548	0.13184339769246742
0.04982487480974764	0.1277357202713772	0.10273631944012936	0.13958110025558712	0.05466176091515951	0.2325491488604725	0.06646747286829863	0.034092179946288076	0.043375470974382324	0.14897595165855765
0.039152981155904584	0.08724250930716909	0.1053890427154849	0.12117778473512648	0.09619108984172459	0.22176885674544633	0.08928020768600003	0.07279334351888175	0.0429495013593577	0.12405468293490451
0.04970727490729451	0.11675929774349147	0.11659704281511168	0.175096775966337	0.07218378958904942	0.16401860045212158	0.08056512333426417	0.03733204309621599	0.04367528770749704	0.14406476438861715
0.043155255876212724	0.20613119912135303	0.09216522321988102	0.14228480284414383	0.07256423899925663	0.1530440736442447	0.08968543971111402	0.05422110277425115	0.019186431982675486	0.1275622318268674
0.05172856227640914	0.07408202029307151	0.12189431513938342	0.12777361083902494	0.09987137451390449	0.21531899776306526	0.07313696771092942	0.04462331640447702	0.024192925031975093	0.1673779100277597
0.045540877676967635	0.1363789619201629	0.10162871561532709	0.16481822052213402	0.07255758757502931	0.1910966801812906	0.0939697574893861	0.022272103874432264	0.040324019251433786	0.13141307589383625
0.03502566065534565	0.07646704156836873	0.12934749467084183	0.1957656468270536	0.05725131063234098	0.20290111308870373	0.09852239142002092	0.0399160849315819	0.01950118716778647	0.14530206903795617
0.03984177337078794	0.1101517455721711	0.12620929586712165	0.12995691356700878	0.09125009053116756	0.19518195102816346	0.07556387446028745	0.04275959779777317	0.04403656401248316	0.14504819379303568
0.04168485972892179	0.1044843906029815	0.09337057817968035	0.2050791455669222	0.055340201451409166	0.17690158856792365	0.06970911607668673	0.05027431673894518	0.02410909771344978	0.1790467053730797
0.05030108724159345	0.13638133086955062	0.0726001306893092	0.17911212926948905	0.054962496660698926	0.15301864637466717	0.09173776431507534	0.06584409009256192	0.019590287062877354	0.17645203742417695
0.03279623454666945	0.10184523712933793	0.12480420221415728	0.13184536614912595	0.079455192360268	0.1757410663698056	0.10790101004961315	0.0559153231220562	0.0134485218605985	0.17624784619836792
0.04063803588693727	0.1391964621872344	0.09363777733716648	0.14326536875689141	0.08645994555508896	0.1829980066000902	0.09770967009891193	0.025595612316747382	0.016261499442486685	0.17423762181844532
0.03750304274569713	0.20908526814669548	0.11349809978852693	0.1375791885738291	0.06159943680854461	0.1592434394824377	0.07780291139524116	0.02441374927249472	0.021827379996962645	0.15744748378957063
0.039309541403672654	0.10605778090117791	0.08659582819760686	0.19652175440407846	0.05022053057327351	0.18208925868559794	0.07168935267062632	0.04907994304643407	0.0471466401526975	0.17128936996483476
0.050336914635303	0.1689623697115949	0.07527669721442976	0.1438093778320852	0.09849364031087296	0.16808700030705664	0.06673514443772714	0.039435988177181365	0.014410234738475608	0.17445263263527347
0.04586796637645748	0.07449340186121108	0.10340559895658043	0.12864804034335625	0.09981590521793862	0.205364556892903	0.10892300155742762	0.06829770299185457	0.03739638118828459	0.12778744461398636
0.03799826305881164	0.16644384323240083	0.09241455181104295	0.16034308481386764	0.08467659783087161	0.1468864465224734	0.10405601276598334	0.03809719818392485	0.04760054894956161	0.12148345283106216
0.042888059106117926	0.09052024399561019	0.10577117223435671	0.16564730569931613	0.09449496316146086	0.1497284730667711	0.1075205743993745	0.047184412620064425	0.04087961453261635	0.15536518118431183
0.04628177899772653	0.16345652322674387	0.10483471052119722	0.15556794938195287	0.08717575789339353	0.15245830814286387	0.06469904509136346	0.07309380742563208	0.018795798448497394	0.13363632087062918
0.04911515700068033	0.15119863296192504	0.08772348465496661	0.1675654652623061	0.08230647299474184	0.165608779096839	0.07402517926747113	0.07043111299992584	0.024764869886387708	0.12726084587475645
0.035492435201421174	0.11314751074672774	0.08039033556303382	0.1903931255666498	0.06091459251274626	0.20270815895595753	0.10190423824885392	0.028781845491430008	0.02694404685159557	0.15932371086158423
0.039084420517089914	0.07733970385967955	0.07931949416586918	0.16732342286182683	0.08827397666248295	0.22670543086977368	0.08915049321058685	0.03275857659037949	0.019315590553100864	0.18072889070921067
0.0383269464854941	0.11735123634086692	0.11200543486167648	0.12419597592718813	0.08505690256600755	0.2229456595310974	0.08846069990467484	0.04581689958744238	0.02374746722161998	0.14209277757393224
0.043702358011670946	0.17142789846236312	0.13062393969099934	0.14724865689132247	0.07523983020918674	0.17234046705191353	0.06948314831686203	0.024511293548438215	0.033235724748068726	0.13218668306917497
0.04190020024013012	0.10825009382257507	0.12039395513944098	0.17236464820946157	0.07128196509248591	0.17606414524850905	0.08930714607824819	0.02576924918956547	0.014428032923021611	0.18024056405656202
0.04470177850891609	0.09521552406630507	0.13025969425745026	0.13317565104733414	0.09733700038113685	0.1486044353390843	0.10832056145835274	0.0703082209014865	0.025056177637461194	0.14702095640247284
0.04580852485346283	0.16861930463835373	0.11898067154783881	0.1260578848947303	0.07317687865142374	0.1505790815599603	0.09130664513850544	0.04347947994137704	0.03953478840878631	0.1424567403655615
0.036274962283660575	0.046929711242360915	0.11939727079284106	0.18972004291194366	0.09190778149219724	0.19031186030227973	0.09788146873436966	0.04864399525570078	0.028821975823930285	0.15011093116071608
0.049003946581398374	0.07231010478013217	0.10485825805951418	0.18347981338738453	0.08295434932715713	0.18638121580528	0.08340995809238338	0.042760115754157516	0.02459580215582867	0.17024643605676404
0.05193102414817517	0.16394821468879167	0.07288037832184363	0.14928957945978746	0.08387333784809259	0.2306739648831871	0.06949002699384246	0.023517272220882457	0.01470915547717147	0.139687045958226
0.037997365284929585	0.10268938666170337	0.08556560331026071	0.18457068026335324	0.057574838621656035	0.22935104212670643	0.06921880834218065	0.06131110005149054	0.026274707667444108	0.14544646767027536
0.0489825792259014	0.12989618234021402	0.1312301864395235	0.13229722040004147	0.0674229681973797	0.1934130803508238	0.08390340451517768	0.026529669437731926	0.03952332525220982	0.14680138384099664
0.050200899003206796	0.12424092077723853	0.1280047033954686	0.15072799874585824	0.07671317998226508	0.17273051371148768	0.07022546754181436	0.022345915224319474	0.03140024673998468	0.1734101548783566
0.0350224731205178	0.16140476542318116	0.08324503936527562	0.13737564702758212	0.05471177530654918	0.18194489723998297	0.10654274942482077	0.05041893115360866	0.0354212826992457	0.15391243923923598
0.03161225527675873	0.0926717810117908	0.12244794034752511	0.16510258284588591	0.07402076003886077	0.17690507474240427	0.1049799694373301	0.031977147791269575	0.02077907222363215	0.17950341628454253
0.037027697724234976	0.10542559027509531	0.11367029133948775	0.15064189876226936	0.0769121822979541	0.21330201635313994	0.07176537740570124	0.04291691417782717	0.020935041303061605	0.16740299036122852
0.03536383772962251	0.16699830196342424	0.10696580906968758	0.12775505768258155	0.06395419201802433	0.20718837265844586	0.09053722324934196	0.05185857355468888	0.02559569436056605	0.12378293771361704
0.046067185167770655	0.17132873656390385	0.11677569567051649	0.12108545367903058	0.08988585660709844	0.16380861863234986	0.09792169885491159	0.04488458358295092	0.0154304103670663	0.13281176087440133
0.03843609853391704	0.13788079032019956	0.09017990182794001	0.16229333946393537	0.09049088069543626	0.2163750583421803	0.07362181400452326	0.038550309335427815	0.025310587267255324	0.12686122020918505
0.04187485249300965	0.07508129108745619	0.07320410827121698	0.18713507833657217	0.0524112371990656	0.21216519619259572	0.09599610748712428	0.07443857956049549	0.038368540570566975	0.14932500880189692
0.04138292253729637	0.11260660697850734	0.11232285576828546	0.1528832228174091	0.056886363132734895	0.2148302762285522	0.07423105662428664	0.0633261386148534	0.012693732398643381	0.15883682489943127
0.04277077029201273	0.15723575482542002	0.07545214231417915	0.15797384814381582	0.07860123427201327	0.2071603062086502	0.0822048636183165	0.038871295231297474	0.03237749311728795	0.12735229197700687
0.03450348979222599	0.16857262826466757	0.11503490972101695	0.13685828049827975	0.06600792292069008	0.19861184837478393	0.07693423422525883	0.05104374182456878	0.03261337024826717	0.11981957413024102
0.030024913250303195	0.09183828045249588	0.0896404582720001	0.20347049544218793	0.08149303550060229	0.14756034813662314	0.09294065692576667	0.046816768772243327	0.027244993906914636	0.18897004934086292
0.04059561537216353	0.1376174883083192	0.11380991914609472	0.13525612137927628	0.059399188116245685	0.1617418991271073	0.08180920801214099	0.06733316799411297	0.02805593104043909	0.17438146150410022
0.0450297989508953	0.0841670541526145	0.07414998782188523	0.15596860280204708	0.09352441148825971	0.16010813896414008	0.10623622867252397	0.06141426236907553	0.039388600171118546	0.18001291460744007
0.036912516370755974	0.03899821318845999	0.11742117018789006	0.16681744315670416	0.08334318167095675	0.22794392744148917	0.08961836170881093	0.07414168498510106	0.028244914022684517	0.1365585872671474
0.04539238972191062	0.08821506017667985	0.12738223967705672	0.19121511869911234	0.08405835545210645	0.20842174449187373	0.06425730938920096	0.03383220986056018	0.02059166551193342	0.1366339070195657
0.034382081139159915	0.08161927977979956	0.11026287486638245	0.13762888085094344	0.06180827448159485	0.22655626898489295	0.10415143061153145	0.07265262973200588	0.02895549784312021	0.14198278171056933
0.030956096855031742	0.15865595070816332	0.12499514089998344	0.1454285949452208	0.0752072174140519	0.15669801991876928	0.10360502218771292	0.04088413004043691	0.019671028266232238	0.14389879876439748
0.051166153717739735	0.11360450160796275	0.0889871693379178	0.1892111508108862	0.07566079881634416	0.16408943149196148	0.11084747015623249	0.04644071923820762	0.034340914648604115	0.12565169017414363
0.03133440286533694	0.05490739828323833	0.1064080354012222	0.18854358950331684	0.06591432719121552	0.2166306248525104	0.07799746553833947	0.05424346483050212	0.01613328848889685	0.1878874030454213
0.05275785171829911	0.16631258151380818	0.07244630823208817	0.12903496489922034	0.09863382159977983	0.2023468199561335	0.08001017535721289	0.05247009859092336	0.0259619066667251	0.12002547146580952
0.03586440536655924	0.099761924915513	0.09469370896129768	0.1645366691379831	0.08969536516393098	0.20816651320814847	0.07818772857497162	0.024395075268534128	0.03466924130800854	0.17002936809505326
0.03548946929607234	0.1159625970105184	0.08788254426251538	0.16317129399316693	0.06028128832980508	0.2004183054668462	0.11125998524656774	0.06485402624665948	0.03801560496680828	0.12266488518104016
0.030583499824984386	0.11272627843293087	0.0746460493869073	0.20470941920250663	0.09815182003598244	0.1774895453658593	0.0771738707786837	0.05130659216099278	0.02059634015024696	0.15261658466090558
0.053481747364965214	0.1352973448345334	0.10728432966351377	0.15745600797776654	0.0589907776790028	0.20489940895328784	0.09292356224119913	0.024760566636112605	0.03503657037068124	0.12986968427893744
0.04711899762463673	0.11273721990859742	0.07348758741587866	0.17895057884082338	0.0773088385489812	0.2035563709724736	0.06827082005207281	0.04787918311806873	0.04076970039415388	0.1499207031243136
0.032033468998267686	0.10319436298630416	0.0988239407504613	0.1902758329021882	0.08477586577959845	0.18184184548162574	0.0997114479752993	0.05440557456516762	0.03733077894138333	0.11760688161970424
0.04973913271877323	0.09568294690946122	0.1114114782452743	0.19875234806937564	0.06050651694463927	0.20984317519879309	0.08141227665958495	0.04508230745424592	0.026001196417975103	0.1215686213818773
0.04350157642657733	0.019692023877812367	0.07278679764014338	0.185578055743589	0.09414568053442299	0.20925301364222448	0.11121759131377902	0.03127917464468982	0.04691557154160828	0.1856305146351533
0.030838187335224712	0.10447597366927158	0.12737749751209942	0.1813008234072802	0.05375655280647497	0.21217090307480485	0.08966950213513884	0.03205448814052278	0.04293857265873659	0.1254174992604461
0.04683817845493736	0.0874399228589928	0.10035634554789548	0.16422037251707913	0.09967721145496987	0.16525864733230988	0.09418876858338238	0.03473976440936355	0.018546230029984886	0.18873455881108467
0.030285464403853407	0.023744756938733305	0.13062579525926205	0.1868455516479855	0.06682974039444525	0.20417239807959459	0.08989042147581733	0.0609510660789989	0.028145910386372208	0.17850889533493752
0.04817730642392132	0.09729332882209228	0.09766049464844101	0.13483278777747448	0.05712625138141245	0.21156766998069357	0.0899336824602964	0.0496366563072547	0.03603578104490082	0.17773604115351294
0.03703721183145986	0.1418987032401357	0.09557862947565181	0.1810471321186597	0.05252718049976807	0.16587973378922388	0.11003975574653636	0.025381214169986593	0.020252766907287265	0.17035767222129078
0.04070444586160789	0.15074290783675448	0.12239280184781487	0.14170122298333893	0.07649003691567219	0.1740260583422928	0.07146611760042793	0.056007039730514685	0.038089773723054	0.12837959515852226
0.03222342524962242	0.10310335153361563	0.10578793403859008	0.17273915317697974	0.07900516878880859	0.20515339684766107	0.07111268515531463	0.0469834894045286	0.017960679193064738	0.16593071661181452
0.04239596583436139	0.10975680841838564	0.0925308725223727	0.1973911623272429	0.06090839550401822	0.16053113410760717	0.09909687822281757	0.06272115023241831	0.013904233150938888	0.1607633996798372
0.05339487606933917	0.04959211835041734	0.08042054458606959	0.20602639976722287	0.0684429024496115	0.22015069373745344	0.08463310882257044	0.029946381668372393	0.018556391804051817	0.1888365827448914
0.028410373214893217	0.09350644358452959	0.1215060834001793	0.13726828411564485	0.06363897906476411	0.2070477296284341	0.0860401153947011	0.05001488497708422	0.03345027437013626	0.17911683224963326
0.036048164616926476	0.1966353465534177	0.08470493857967534	0.13283489770347606	0.08839882325482473	0.16292112919246454	0.10424244459692425	0.030992492556331103	0.03486433551349341	0.12835742743246642
0.028670857081379578	0.19815489807112402	0.08976565165570474	0.13114966885096624	0.05373017120737303	0.21007498900858113	0.07639519766843032	0.056564159916322965	0.020519459394990988	0.13497494714512698
0.03315289418635259	0.2672320125780973	0.0737172036085398	0.12136153928289718	0.056137549411108906	0.15870205960208417	0.07689671522208577	0.059808689378526965	0.01998178782198544	0.1330095489083219
0.02927054800748209	0.19768421701533015	0.106630961518161	0.14437072736668574	0.08472004470629564	0.16837431433960795	0.06913110821450566	0.022838167814488858	0.02660493263483231	0.15037497838261055
0.04049739805111635	0.029559905167560546	0.12761657821451272	0.16619280491160413	0.06731497667787156	0.22165991576798763	0.08280117071257381	0.05716679913742977	0.02030534838657211	0.1868851029727714
0.03199379789906753	0.1487764599319673	0.10839965288898332	0.16831167081670834	0.050583713529830446	0.1987492080110544	0.08257470300029741	0.06108954648056249	0.020523265111244318	0.1289979823302845
0.041944081693517835	0.014217228034114265	0.1294250031343509	0.19859634337245688	0.07379381257537027	0.23489695074243538	0.08061511307231778	0.03632958576897137	0.020643686793560545	0.1695381948129048
0.03391421771226198	0.1579999750606332	0.08088151082530855	0.12780170365563548	0.06275303422786171	0.20345454334651208	0.0950469499073484	0.05476829723944504	0.01899078517338673	0.1643889828516068
0.02941529461616388	0.09281158729944469	0.12552685267222405	0.1453021130305243	0.08019084727563378	0.22889616285000114	0.06377110187969935	0.050103255342754394	0.0390755704612074	0.1449072145723471
0.035588848637639406	0.08097733305753027	0.08006385084192369	0.13762760555121387	0.07890499247687788	0.23360802209517645	0.06731611903487411	0.06859262752447857	0.04245284762432334	0.1748677531559624
0.04349491380852653	0.1179011795084661	0.12638002040348006	0.15957976969742038	0.05462934531735787	0.1537181967593285	0.10282930835882062	0.04473233150127946	0.014646706301985349	0.18208822834333516
0.028912046358912938	0.1447298605585135	0.07776789175452115	0.17893246577943173	0.07324810564686049	0.21307513748524365	0.06655072079426942	0.0428927036161382	0.040580909686761694	0.13331015831934728
0.03587681127634225	0.11818311262856897	0.07716456388991202	0.19832645035149232	0.06765007310402613	0.15144848896758817	0.09568215470761526	0.03511534840156445	0.036337890575282236	0.18421510609760816
0.05315970494521813	0.02937290619243864	0.08724599985553075	0.17256672748352359	0.08446416350181422	0.22711428935668293	0.09401898312853768	0.05086367227580617	0.019561709783242204	0.18163184347720568
0.03540786258509175	0.13272764334623155	0.12012703758308334	0.1681584909390551	0.052729402731330775	0.20400110013790934	0.09642209676164568	0.04216297186024054	0.016645231928652263	0.1316181621267597
0.05263696877231768	0.1407424946925158	0.08416692939175524	0.12815006529952894	0.052587467993248385	0.23432932692921676	0.07946831029954485	0.0505233372868574	0.018395862385719955	0.15899923694929502
0.03876840961976788	0.15164628502422675	0.08121665161800332	0.18248224856523745	0.056713204296898675	0.19683104187181497	0.07066790676604738	0.024699046006001063	0.04600825850015154	0.15096694773185104
0.04319509341457077	0.1699376837749731	0.12019733810161906	0.14081832894286395	0.051181697503473664	0.19161175714102668	0.09673606028998429	0.04381799087609933	0.02399488507428968	0.1185091648810995
0.041796179867271556	0.12420859672991336	0.08064932556602938	0.15979160029425837	0.09336214730287305	0.1549755491489416	0.10041624928837885	0.028038059894956335	0.03681843859778482	0.17994385330959267
0.036393237654802055	0.1941758244885784	0.11765899527532062	0.1265611875176248	0.05805194531693232	0.160932848684378	0.08087381996619487	0.0449541687640545	0.02704475909837198	0.15335321323374246
0.049978964423107106	0.09178825332702184	0.08914094036441436	0.18123038701051292	0.06702978606061433	0.17005718166446337	0.08529914184882356	0.06311557783462318	0.042880384642954204	0.1594793828234651
0.05014520426478561	0.09781602630513189	0.1301643886224632	0.12739882094669444	0.08342383299240724	0.18783222253143433	0.10536082550836412	0.0265880748248776	0.026032106258499776	0.16523849774534177
0.03546719924759999	0.1463304065862313	0.09437920225849866	0.19681844350965794	0.06067856718541094	0.15093856907951014	0.09549432180313602	0.03928070469742577	0.040192267938460424	0.14042031769406876
0.038818144449273104	0.05255288017558874	0.1172121462313016	0.1895593244048025	0.07534948118092899	0.20238115347094535	0.1048987373935046	0.052730602364069706	0.027789445333167948	0.13870808499641746
0.04726133670561965	0.11641319628168582	0.10716565911041596	0.13098557155729734	0.08387375772647729	0.1695457760460729	0.07889862402722994	0.06680248815759175	0.04749191808364345	0.15156167230396592
0.02925647931128686	0.07839813894651468	0.08592645274132174	0.134880473131413	0.08434412285420516	0.2366179000582852	0.11020146382563442	0.06226692500938386	0.04366350851306104	0.13444453560889408
0.04762028817363316	0.13687499205519557	0.07765189613843732	0.12969424459553403	0.06086212504906255	0.22516636475749358	0.0712301757194807	0.05001003151120096	0.025704563215315196	0.17518531878464694
0.04793874933191188	0.06487864435246243	0.10097981068523001	0.17020455962223593	0.06477369644867438	0.19616574515223872	0.10516477362743101	0.06282662970171213	0.03235544054717636	0.15471195053092712
0.029450717149707276	0.10373325636070078	0.09303223548501943	0.1761366501694897	0.092744477221725	0.2198179402191027	0.06677001050931487	0.050945219613839535	0.03745580584067497	0.12991368743042575
0.041680618443358304	0.11888086539855061	0.08149984740798549	0.16531555584012866	0.052886717072291076	0.1959641665733083	0.09599612823459151	0.06359393491481734	0.033908324182480395	0.1502738419324883
0.034717530290350226	0.10558230344171379	0.11919259788632977	0.14298887776849734	0.06925880091534764	0.18582165669943307	0.10076408767771965	0.03562254837832621	0.04315378396948012	0.16289781297280223
0.03928433663196081	0.21228073214189697	0.09594167931384671	0.1419802363458347	0.06282546945001274	0.15514243343264764	0.09561369246959833	0.036863959651359274	0.03579191711922865	0.12427554344361419
0.04738793051088429	0.0689771226650426	0.12571008386316396	0.2018531058449769	0.06856036887474445	0.17335505907768575	0.06653190628313796	0.07384906794716645	0.03255764960746968	0.14121770532572803
0.04034267778985266	0.053571439844374034	0.10427150277645673	0.19790146677040693	0.09701434576264621	0.16214309932325133	0.1124730451855162	0.03411666311097615	0.023979789565635554	0.17418596987088425
0.031403907470851145	0.15644188721349805	0.09433417077818368	0.18131400899973063	0.06376308463966449	0.1805876850816902	0.06375107429358978	0.0633943676750138	0.036674361781759465	0.12833545206601876
0.05173744798684422	0.09236122826810104	0.12360289549734552	0.1819186806559026	0.09302593331057475	0.15459035354861744	0.0773748182404305	0.06789113223432877	0.033629089095996434	0.1238684211618587
0.031846552968330485	0.056733698362947386	0.08782739661656874	0.17283724773820203	0.07134758070392627	0.21306099432290204	0.07578757963142818	0.065941392632126	0.043802466707207444	0.1808150903163614
0.028307917105996686	0.05357333718415572	0.12862120078336114	0.14414830971152703	0.07386720258457694	0.21988820079725124	0.0954727594185065	0.04247260882639879	0.028607962352792518	0.18504050123543345
0.03333178549280956	0.11688518161669353	0.1286377824685695	0.1222209273960402	0.07786248667332447	0.20709887451150374	0.10264083714367266	0.050329577012573914	0.03778026456307767	0.12321228312173477
0.03287337253279289	0.20478289351942558	0.10554593016386297	0.13574255710439936	0.06527327560998944	0.15795343558538208	0.07805075432505892	0.04774146707783422	0.021959323420733354	0.15007699066052113
0.052466863244112344	0.16560714145651306	0.0824496110062904	0.19668838410342004	0.05021299509141887	0.16332993503957804	0.06408427412616859	0.0707448118211968	0.025193089505978164	0.12922289460532368
0.03354981753117221	0.18703960602150427	0.11326320292660423	0.12385228689831138	0.06902210024623763	0.22724853928289362	0.07749790677501955	0.031428193396168536	0.01725269304250769	0.11984565387958085
0.028057014010787848	0.11926286691234841	0.10068918373874654	0.15713532965338614	0.08337821987427599	0.18894346400737488	0.07714494265292399	0.06731148407237114	0.01692543167200619	0.16115206340577887
0.034752886397099864	0.08114907436088947	0.08420402332391924	0.19204726994081883	0.06268205162375877	0.21278048975372083	0.09954435056225522	0.040759788621926626	0.017206461598160472	0.17487360381745062
0.04237727480985891	0.12300754046917359	0.09731711632915109	0.16521406868709151	0.0507550779862694	0.2084961608153908	0.1066372803823651	0.031605455448029174	0.039164415936773715	0.1354256091358967
0.04616507002329932	0.0662432169559173	0.10308404536054915	0.19299306411049133	0.08033729443839115	0.1946381498423047	0.07655515021544593	0.036318843116731	0.03783193184827757	0.16583323408859252
0.04008974337029382	0.10264993229664776	0.09521639281759772	0.1538170840486771	0.08697730343956242	0.18974239542886356	0.08762824519024237	0.07225293539699132	0.03531525738014353	0.1363107106309804
0.04231303811653065	0.13808511467309964	0.09653480565498936	0.17375002501199188	0.06153095968318675	0.20051470349025297	0.07351200907743548	0.06451495223476361	0.013882514670998616	0.13536187738675107
0.02893657308234346	0.2184527532238077	0.11747064879170416	0.12675344354365733	0.06350880758649394	0.15011042367589136	0.09639221596551463	0.04678523071091284	0.021865065603445782	0.12972483781622887
0.0369182300987216	0.13039137940180906	0.1305350486529293	0.14110365657256235	0.07864211337940752	0.20564685344606148	0.07696598258932932	0.042777226730470325	0.03069784501772893	0.12632166411098011
0.03926104109449333	0.01534625277966975	0.1149355908452551	0.1768750582455756	0.09391540231228425	0.19263242309630546	0.0809111575614533	0.06797350056709532	0.03470094914214311	0.18344862435572482
0.0529112039559538	0.09514446065070557	0.10780252552561126	0.17305192316888146	0.0956796724725507	0.2160524071705203	0.0715845446080146	0.04348336958219039	0.02355776206336009	0.12073213080221182
0.03408556649479609	0.07541640511229952	0.09238619482382332	0.14477840231089345	0.09233689032257779	0.23615228316792647	0.06911039711231456	0.06737615354968693	0.015703529787562023	0.17265417731811986
0.04747042522957766	0.039221457697573806	0.13009968200667035	0.17609789113920857	0.08404378588442325	0.2322788506006263	0.06630857584739955	0.05133818856968637	0.024809158523144664	0.1483319845016895
0.05078572554958624	0.06304017885778135	0.08437554084860285	0.2045056110758461	0.09854551103018418	0.19314146486846467	0.06290850571851024	0.07492576113092293	0.024178149264901527	0.14359355165519988
0.037600244290423	0.1033218222519477	0.09104930932782034	0.13309555915141563	0.09585602795237891	0.17096464895632962	0.10323454658886723	0.036472399372230555	0.04109217348973316	0.1873132686188539
0.042506933374295064	0.015920276254159038	0.12340436018604714	0.17219372634520827	0.09576011890507342	0.2016513577686317	0.09931237357392303	0.04126006302140762	0.047104669539890565	0.1608861210313641
0.038709246006758756	0.16458921082760194	0.11777593120336587	0.19714518508074236	0.07555389658308655	0.15924781706386876	0.07909161470947326	0.02393878124093693	0.02318567381375458	0.12076264347041094
0.05279570533548994	0.07596475244668602	0.13053526754286593	0.15384584175296098	0.08962588190261443	0.1944363417323242	0.07585405972772624	0.04397835485230336	0.04193607360263815	0.14102772110439074
0.040059179996086214	0.16235080648819575	0.08972768552527625	0.134190370298279	0.0780280568275761	0.19293051471590786	0.0705847184180234	0.023090662226252584	0.029748199189055108	0.17928980631534774
0.04942515677452929	0.09904785814394014	0.07928724801001645	0.20556931669852457	0.07035163625908672	0.23046831179685584	0.0637962883973978	0.03442505612522996	0.021534040737789042	0.14609508705663013
0.04650991005836616	0.03236759837611451	0.10594891226838218	0.17242306705157834	0.09621905820578186	0.22040947160769936	0.07184285930553172	0.06806953796046626	0.021778236985674188	0.1644313481804055
0.045988465249887506	0.18792400648843216	0.1171871971731647	0.1339104719429148	0.08418356467729558	0.14869765494796616	0.06688949008301281	0.07373890664982236	0.015422670243349201	0.1260575725441547
0.05398635383829657	0.026188618201223604	0.129638900921853	0.14813877276354587	0.09870016332616413	0.2376274430715022	0.07724735293178508	0.02630760198155717	0.018064922975457587	0.18409986998861474
0.041662715514395765	0.0512989154582097	0.128215270550597	0.2027477409573923	0.08257654211612106	0.1818142595241159	0.07344274152061656	0.0328254382875483	0.01684963121124694	0.1885667448597565
0.036129081872726426	0.11172937132152462	0.07891633604430459	0.13968188893487693	0.060245135139795764	0.21721895145330108	0.10838929794490501	0.03607003606744792	0.04506277821239782	0.16655712300871986
0.04442648220915517	0.18313120365631055	0.11229127224823679	0.12583574335047706	0.053992602342872655	0.15426125942990693	0.08201637962301664	0.061469109718959705	0.0167864211589889	0.1657895262620756
0.03134259487304093	0.05877961694145715	0.07616009012804753	0.1761161173422658	0.09696318763758266	0.2293242498271051	0.11052002455306953	0.03097341771316485	0.02390009673964605	0.16592060424462052
0.03561725794810855	0.13380908605249386	0.11027572665605882	0.12112731633515275	0.09538246924241706	0.22261796117335184	0.06594597923105011	0.029306281066424397	0.03766383918890247	0.14825408310604016
0.051606719778532956	0.06123578479022812	0.11503206422886755	0.13797249247396862	0.06317715820209699	0.21985186098143283	0.07145921269033613	0.0707363850265878	0.04081960479842079	0.1681087170295282
0.051442221680008386	0.17651709580236047	0.08204546877012574	0.14803973358041952	0.06744141032753703	0.18369341088223584	0.0751677870349399	0.025602669361447547	0.04247419814809873	0.14757600441282684
0.05439314191342702	0.19560147075756926	0.07574061971285889	0.11922038355035958	0.05817006823365347	0.16489460623526497	0.10362400933620164	0.05922922105377144	0.01202687348241785	0.1570996057244759
0.04130925194242362	0.009273676458238234	0.10800542947882609	0.17430413287108942	0.09756827084271266	0.2125467423857117	0.10495892946242857	0.06739847107016675	0.039674472220474793	0.14496062326792816
0.030391261881788395	0.15604372685303336	0.09167880688832258	0.19803392905923461	0.0720272239609504	0.17992276546170421	0.0871953258048577	0.022553731957296236	0.021455218086462127	0.1406980100463504
0.0496581618185629	0.06663424317076921	0.12796094084967485	0.14727143712984964	0.06535943900471977	0.20009302803814807	0.10886622309240064	0.04635250362273182	0.013491131408068457	0.1743128918650746
0.04644451455364692	0.12776024530811	0.08315083485046984	0.12540999816569418	0.0790416354503624	0.21604641658331833	0.08012819345520986	0.06064754927291665	0.012689947130056098	0.16868066523021572
0.050825500786733854	0.07947462526790662	0.11940951180948048	0.14333936311386497	0.05244218179966309	0.18732750844756502	0.10434339771617293	0.05793080387249445	0.01572934931488902	0.1891777578712296
0.04494799347810403	0.19279068797815363	0.09207731943644429	0.14648804539600613	0.07677300449494592	0.15875954695067163	0.08340272846203728	0.06057236510632503	0.01818420766328116	0.12600410103403092
0.028825216386191344	0.18292032518571189	0.07447458511676455	0.13590423643064006	0.07263696841424208	0.1542746418811064	0.10383511200076798	0.06518017150960989	0.013518623915024924	0.16843011915994088
0.04757177968671425	0.11904198442258576	0.11295961637414882	0.1587804351230484	0.06561122980715509	0.18426225467906532	0.0740375032672465	0.05924809942845508	0.028932181519692582	0.1495549156918882
0.03139668915604468	0.14538326932223633	0.08394514580709939	0.15748114891865636	0.07723711547759733	0.16330771091626556	0.10535244113949402	0.05916898428400639	0.012779910547797979	0.16394758443080198
0.034356097365034505	0.08598323860828115	0.07710392822397108	0.13170757099180797	0.09692502173645688	0.20668814773049854	0.11084785916288083	0.06003925548018435	0.034772607059233504	0.16157627364165122
0.0430223204225176	0.14322161682035758	0.10021197539580916	0.1423245263761705	0.09911579276097489	0.17371040117814449	0.09431011207747628	0.03865121949059943	0.038288912096047505	0.12714312338190262
0.03693894291324519	0.1766933651291255	0.07714744955503611	0.19094299667695613	0.06937132852779947	0.1512000868745213	0.07328669997675251	0.061353647610563763	0.02203494424638225	0.14103053848961786
0.03293533845536796	0.1583856340600465	0.09559894883450408	0.1337721496209022	0.069747768786524	0.21723476233856587	0.06900818884817603	0.03488010435373197	0.020656395124046115	0.1677807095781353
0.029235121821226062	0.017806422902031507	0.1188566395256124	0.17565294439433438	0.08898357230616709	0.2186654854898804	0.11238675616971011	0.05997405689412996	0.014064116571579952	0.16437488392532815
0.03383883863436188	0.233448761086559	0.07836388916492268	0.16561665326384067	0.062128758575942064	0.18211715017604013	0.07233615840431373	0.03247574479127674	0.014564598460457809	0.12510944744228533
0.043575555387376404	0.14836788254734368	0.1204542801434638	0.1356661024234088	0.09669524774932765	0.15113193423798751	0.09252799161967129	0.04081056277437633	0.0379948562874784	0.13277558682956617
0.05090612376828471	0.1545796693464977	0.09833645242221332	0.16804435472204524	0.0529216879198622	0.19263583431166845	0.07213391940661858	0.0282896617022783	0.02100272424384711	0.1611495721566844
0.05247564271760768	0.04066069208289566	0.12448697143945897	0.16573259417212538	0.053026185922029546	0.2098936876012792	0.10597696896901475	0.05117664336607054	0.029509812694410387	0.1670608010351079
0.05271427914806541	0.07226699014784757	0.12106642304260154	0.17850706791775306	0.08248863730767346	0.15774014077773507	0.09512266804223439	0.06442870183393203	0.029874636730217244	0.1457904550519403
0.04318619219480054	0.19695608362431558	0.1160943448453913	0.14142192918278923	0.07124042657063968	0.1694685826619573	0.06719397969763119	0.052828631591204045	0.01194865859643121	0.12966117103483993
0.050917162108400665	0.04236433518989233	0.10213562905951462	0.14417136896196053	0.09328825369910619	0.22979668256547964	0.09733794479539634	0.05866881726337558	0.035251260504259516	0.14606854585261453
0.05274407252706422	0.043969974928632416	0.11759322621464943	0.17587608961978657	0.06866761465556155	0.21852610320948296	0.10247708163553788	0.022345096788004032	0.036208719724921234	0.1615920206963597
0.03148513482352437	0.14309884372282358	0.0736829323781705	0.13843546259427647	0.06040869221561432	0.18963017219637668	0.10014551247310301	0.0678826715217919	0.02267196421158675	0.17255861386273244
0.03989644654817108	0.15452689772775374	0.1053932269765617	0.15817520257136458	0.09254154044566956	0.1667373133130287	0.08135810320396802	0.02701393417830747	0.01799442813757339	0.1563629068976018
0.04821859371118491	0.14994983264320724	0.10769478091973993	0.15655867352126068	0.059689066217661305	0.14694268630081792	0.0834087098878968	0.04594529004241156	0.04625311648353323	0.15533925027228646
0.039013555509222836	0.17830345729943792	0.07905101543520276	0.12427717138162511	0.05508617563011912	0.19090216219995598	0.06989570764649602	0.04153439802281326	0.038082336128047005	0.18385402074707996
0.030884086828063387	0.0794799091565368	0.0836926822986113	0.13261406934402412	0.09002797170513138	0.22798512462139786	0.08260346641698457	0.05357654967294665	0.04668336273680805	0.17245277721949587
0.0399483965019779	0.20121784004167764	0.10151875170519502	0.12611949243081674	0.0953744325298387	0.17379927302206322	0.07592105530602082	0.023491533943835033	0.01956159649606176	0.14304762802251322
