0.14524581729368916	0.40037666920017945	0.06592296802146613	0.11310172156029796	0.2753528239243671
0.1422868072984104	0.405980645918814	0.06642565128674888	0.11348496140252819	0.2718219340934984
0.13048260358340513	0.41754715491623084	0.06608960351682372	0.1139550830779058	0.27192555490563425
0.13546360852033953	0.4068340927320438	0.06621952094085548	0.11761278093008727	0.27386999687667374
0.13605826820907574	0.40721595636766217	0.06627037885904163	0.11770831139293392	0.2727470851712863
0.12386804996902176	0.4230763368564859	0.06571589940888076	0.11522233186043589	0.27211738190517554
0.1335180056548	0.41545763234849964	0.0666459995962142	0.11340653858170087	0.2709718238187851
0.1328827933180001	0.4109782550428351	0.06569296031993141	0.11623016520685611	0.27421582611237716
0.13259356477180906	0.4067712059775578	0.06676813155950692	0.12156109453778344	0.27230600315334264
0.13226043140950294	0.4113378944935763	0.06618457375159764	0.11536400908197157	0.2748530912633514
0.1269224359697755	0.42258579078262404	0.0657820563874627	0.11306477521092208	0.27164494164921554
0.1271835128731415	0.4233873595028898	0.06642781820009175	0.11055865952854271	0.27244264989533407
0.11924091387794286	0.4271412326465378	0.06574351721227525	0.11641258320130211	0.27146175306194187
0.119668802119902	0.4255723046728037	0.06564771271348838	0.1175356444696501	0.27157553602415563
0.12154803504316017	0.42239713601031714	0.06566562351177657	0.11941719348672822	0.27097201194801773
0.11954189613389238	0.4286858903060308	0.06638357982731916	0.11401173664383964	0.2713768970889178
0.12270586809260409	0.42629409868345747	0.06564133983745435	0.11211710000957101	0.2732415933769129
0.1286314551411597	0.41540425609168097	0.06682187953293206	0.11590745930222227	0.27323494993200487
0.14581605402239847	0.3999647876832074	0.06690595444217351	0.113576513392978	0.27373669045924237
0.13720014847332443	0.41343883198930115	0.06592563767122464	0.11226844179130721	0.2711669400748423
0.12199175464862247	0.4278053536628564	0.06605127535564531	0.11130350233969678	0.27284811399317893
0.11932827626600666	0.41949144941539473	0.06592634906094322	0.12037039706090286	0.2748835281967524
0.12602277374870136	0.4175667347301708	0.06561536419089556	0.118666200342991	0.2721289269872411
0.13603400740584695	0.408383729575197	0.06624791969683219	0.11656783734559993	0.27276650597652374
0.13633242256291242	0.40768720669308256	0.06685977207715779	0.11353216635351235	0.2755884323133347
0.12518644126646764	0.41626523805645976	0.06594932435845238	0.11990716487284772	0.2726918314457723
0.1350095521510143	0.40333588898041917	0.06661753060905581	0.11956837238918903	0.2754686558703215
0.1363854354596195	0.41637040379891965	0.0657144316707034	0.10991486210991036	0.27161486696084697
0.13024534769669366	0.4213578748662963	0.06590064046735689	0.1102001137601974	0.2722960232094556
0.12907083688597867	0.41091050683925745	0.06571666473538446	0.11851242600942505	0.27578956552995415
0.1270855235474896	0.41325342700657763	0.0668463987770668	0.12003480410520423	0.2727798465636616
0.13875390766187587	0.41151035778676304	0.0669582317665704	0.11206498538529643	0.27071251739949415
0.12751034374961479	0.41992352437962766	0.0657220416930343	0.11613450885798018	0.2707095813197429
0.12775642854568373	0.4139312978209977	0.06638470773596775	0.11704019026696735	0.27488737563038335
0.12140628422607538	0.41808457889272943	0.06690092492716437	0.11865271863651786	0.2749554933175128
0.12667597541507308	0.42288427377570864	0.06586148276110051	0.11273324540317056	0.27184502264494703
0.12207673285334586	0.41923008338310075	0.06571150690607458	0.1220542225617054	0.27092745429577325
0.14449085143986393	0.40538343920286124	0.06640510839810737	0.11023760308949827	0.273482997869669
0.14366716577145536	0.40086173551343207	0.06591673962311215	0.11376251099404952	0.2757918480979507
0.13800534205674578	0.40045642912143403	0.06634668552703388	0.12184812585978186	0.27334341743500423
0.14438667693693533	0.4004560176245277	0.06643047213377457	0.1154289316590379	0.2732979016457243
0.13349840564635884	0.4058222829395103	0.0663579809586326	0.12136395971317604	0.27295737074232196
0.12805251515241386	0.4265505433250305	0.06594467960746725	0.10958224862864807	0.2698700132864401
0.13316461438478708	0.4139358828472321	0.06568895625936508	0.11432446395302505	0.2728860825555905
0.130088229247339	0.4179583690927305	0.06649650961455333	0.11296952635213385	0.27248736569324317
0.12441019685661243	0.41324078673084924	0.06685092554549624	0.12073681431901317	0.27476127654802873
0.14227998018184196	0.40045409015793787	0.06605293121199829	0.11972266849999214	0.2714903299482295
0.13067460282472596	0.41385616367748457	0.06692614640874092	0.1177694821451318	0.27077360494391656
0.12675384729083639	0.4193144480961888	0.06563909078652741	0.11566274770096821	0.272629866125479
0.13343141176828696	0.41595807708647975	0.0656150650593546	0.10963767420294296	0.27535777188293553
0.1265982979757203	0.412930909468114	0.06661461332023022	0.12155428764708857	0.2723018915888467
0.1260552009850931	0.41811245590082813	0.0662019419836318	0.11597760043013206	0.2736528007003148
0.12483554463542773	0.42420367399538944	0.06623734118075197	0.10954672175954204	0.27517671842888863
0.12124493187338055	0.42768869906538265	0.06632543037514249	0.11230497445341371	0.27243596423268035
0.12837396517293462	0.4164810783922994	0.06602928922216053	0.11590003565904301	0.27321563155356227
0.13358666669768793	0.4086711157420391	0.06644744646817388	0.12123614678877549	0.2700586243033234
0.13821083323229322	0.4067096579955773	0.06634158115526143	0.11441230359812855	0.27432562401873933
0.1253950462230497	0.4177272755112681	0.06624314383519478	0.11921408814808115	0.27142044628240614
0.1304843045186113	0.4171219128882104	0.06625328791008786	0.11095816183214706	0.2751823328509432
0.1388215570996395	0.4063803522803278	0.06568070236825188	0.11755072890390364	0.27156665934787694
0.1335149062651511	0.40791531397377445	0.06697922466529571	0.11910753540898669	0.27248301968679184
0.14548913954280507	0.40668965812544566	0.06571374191814511	0.10997350161031147	0.2721339588032925
0.14670546357706912	0.3995659682258731	0.06617972922114049	0.11763315266859498	0.26991568630732216
0.14039781086718067	0.40514860411782583	0.0665052000786458	0.11515707449682133	0.27279131043952615
0.14125362728126406	0.40192373121809755	0.06599382187649541	0.11750190062777337	0.2733269189963694
0.1377100062868195	0.4025864769162879	0.06611294060544093	0.11769388795717999	0.2758966882342715
0.13707049396293705	0.40822443278532583	0.0665694463563832	0.11494657411336202	0.2731890527819917
0.12322926784573204	0.41943953511035736	0.06655072589902422	0.11687564107824158	0.2739048300666446
0.1267640120343194	0.4099762406117955	0.06665235102123088	0.12136806754856025	0.27523932878409385
0.13367949309062876	0.41458441624442144	0.06584021373136992	0.11216675055676922	0.27372912637681046
0.12209130030309967	0.43019726474873643	0.06586380908255426	0.10994104464917945	0.2719065812164301
0.12738604617770397	0.4117927492552548	0.06580761982994024	0.1196970077458946	0.27531657699120626
0.1296220935622739	0.4101021494420918	0.0668895827020583	0.11753709368531984	0.2758490806082561
0.12905997544824954	0.413754437438144	0.06684367371192787	0.11466204863980975	0.2756798647618687
0.12813774884153642	0.41516556316505837	0.06621955744884214	0.11893153696522003	0.27154559357934294
0.12413631269890381	0.4160865709256764	0.06691567332451623	0.11833527082554757	0.2745261722253558
0.13522702951602017	0.4120971243691413	0.06673604161894145	0.11260483642351136	0.27333496807238555
0.13414571933050684	0.41701436854909824	0.06617398601942659	0.1113923790537471	0.271273547047221
0.11881276714508493	0.4255370617691201	0.0663098734055885	0.11585266636966644	0.2734876313105399
0.1322215989920359	0.41388665283634996	0.06621362420348731	0.1165822878551339	0.2710958361129927
0.1353401421989574	0.40760652785380386	0.06555241234306164	0.11766762766396666	0.27383328994021033
0.1244142977396131	0.4267575571679314	0.06638539833599685	0.10998522775768835	0.27245751899877013
0.13340314195088562	0.4152040463486174	0.06612100299883433	0.1139315817838332	0.2713402269178292
0.12886268441647653	0.42151042316891796	0.06676368950430325	0.11101523500191277	0.2718479679083893
0.13182149795394066	0.40922666206641806	0.06674730011592092	0.11727496769145962	0.27492957217226055
0.13365060843476192	0.4072228441551726	0.06634005001892254	0.1184565064267081	0.27432999096443467
0.14736424009287963	0.40134284767922707	0.06576109416272688	0.10987526759859564	0.27565655046657056
0.13680552919435812	0.41481501753507877	0.06672105216610372	0.11058663002363953	0.27107177108081965
0.12701962165091518	0.4198231338757521	0.06624652279349683	0.11272422587724526	0.27418649580259047
0.12282927851134809	0.41851988533299234	0.06598710235288338	0.11998670922500018	0.2726770245777758
0.1265616374773738	0.4180259432025939	0.06630353751394075	0.11413226996866474	0.27497661183742667
0.13998550142020807	0.4121300529334798	0.06596942619502028	0.11176514888890883	0.2701498705623828
0.12358891830768337	0.4241950254957132	0.06659725030302477	0.11089395462464291	0.2747248512689356
0.12174557700253885	0.42263440386613516	0.0658757936262569	0.11403106931172557	0.27571315619334336
0.12175471288984471	0.4235921008775281	0.06593828477635993	0.11406364936836653	0.27465125208790053
0.12325278821409466	0.42425479802670374	0.06675022196447039	0.1141111314347883	0.2716310603599427
0.12187649918024283	0.4293713423408854	0.06653291018676863	0.11178561845049509	0.27043362984160785
0.13510101880479752	0.4156194425025233	0.06601420783036382	0.11312441245725505	0.2701409184050601
0.14749446346143905	0.4015980742454279	0.06650952076774866	0.10965949926134558	0.2747384422640386
0.13274358924364799	0.41269664541341283	0.06579525524529933	0.11444367112102564	0.27432083897661397
0.1459242797476923	0.4004138091955634	0.0666254029667453	0.1114475717037817	0.2755889363862172
0.13631095743642757	0.4054767143419487	0.06565393299388617	0.11753556782961387	0.2750228273981235
0.13424272646872332	0.4063612025560204	0.06697426566346193	0.12087096962895683	0.27155083568283733
0.12772352349177235	0.4154040907413556	0.06627456366750109	0.11910215162420026	0.2714956704751705
0.11872963569999083	0.4257509933403243	0.06573738760050102	0.11579735327701882	0.27398463008216484
0.1274295868323189	0.42189894243174486	0.06647673427866399	0.11414121991751042	0.2700535165397616
0.14386478432338823	0.4002855165742516	0.0662758475071728	0.1149392047643368	0.27463464683085037
0.13096929941472407	0.409074174323836	0.06665141545315265	0.11753224037939439	0.2757728704288927
0.1301583030304647	0.41585406795949276	0.06648355616460691	0.11438903893430956	0.27311503391112596
0.1208952544324508	0.4267570621464168	0.06576569128534826	0.11171829340291324	0.27486369873287075
0.12690277096625371	0.42303536803241215	0.06638814090387629	0.11098601651904813	0.2726877035784095
0.14081469113983786	0.40675989443040317	0.06563074353585041	0.11256855946774255	0.2742261114261658
0.13541688532012414	0.41428799917659453	0.06624112346730252	0.11265172189094697	0.2714022701450317
0.13729870322399018	0.4000703055556273	0.06690745762978592	0.12070628710432356	0.27501724648627285
0.14616087015408968	0.4025450019938381	0.06640351590225668	0.11219793292371957	0.27269267902609573
0.14497893852490926	0.40200605169655257	0.06601231560994317	0.11629408481348105	0.27070860935511376
0.12660558978303724	0.41787687234455967	0.06655041496938849	0.11471240434831978	0.27425471855469463
0.1250731136220991	0.42098794601341016	0.06663501335759037	0.11260857765006799	0.2746953493568322
0.13031708711971385	0.41436090886877974	0.06630396437418773	0.11828228994374888	0.27073574969356967
0.1232761412032139	0.4204906454312384	0.06643353413742051	0.11437633814275686	0.2754233410853702
0.1342303366840252	0.41637491387633074	0.06619644289005494	0.11064595677463733	0.2725523497749516
0.13217774672909335	0.40937858196566923	0.06667695424295236	0.11751929829256726	0.2742474187697176
0.14424345761563784	0.3993718841037204	0.06613155385135516	0.11530802716611704	0.2749450772631694
0.144124459993988	0.4036091981391742	0.06675792895459284	0.11465118331249274	0.2708572295997521
0.12924051826433391	0.4184798272832534	0.06563167510706924	0.11324677174386284	0.27340120760148046
0.12762358907065727	0.4181804252809572	0.06651872458825767	0.11551105544265867	0.272166205617469
0.14369131535711546	0.4044060219025818	0.06570913235647599	0.11600937329706162	0.2701841570867649
0.13993209927248984	0.4081921500898004	0.06677555330025961	0.11014565308495332	0.27495454425249666
0.12515513041286447	0.4224564490733716	0.06558921285325481	0.11467574673351387	0.27212346092699513
0.13159825804158817	0.4114127725590603	0.06665561644105517	0.11831157780049827	0.27202177515779796
0.13736275727449032	0.4072701957294532	0.06659081711531029	0.11421467100208088	0.27456155887866507
0.14124966899116262	0.4065078515892193	0.06676443525999476	0.1138416955905581	0.27163634856906504
0.14745568741046547	0.40030523672949925	0.06585625860271083	0.11362304523119168	0.2727597720261326
0.141933827317138	0.40468134686576074	0.06580232207082232	0.1167775368903752	0.27080496685590355
0.12109058088510946	0.4249801815044804	0.0664432324042365	0.11617380227116741	0.271312202935006
0.12936494159681386	0.4147023803401368	0.06581610625732529	0.11659626115632998	0.2735203106493939
0.12111760002334414	0.4210900960545041	0.06601605912520245	0.1205293694393595	0.2712468753575896
0.1211258143270404	0.42897304301303196	0.06554332562643159	0.11312891674819056	0.27122890028530533
0.1225273687341395	0.4179787834015457	0.066816445870827	0.12130737967849314	0.2713700223149944
0.12307390137895885	0.42153770119946543	0.06643620917978238	0.11829129857708603	0.27066088966470714
0.12458550481904651	0.4223797899688495	0.06584378791253573	0.111952858911649	0.2752380583879191
0.14361905826147203	0.40274370640891793	0.06683798542220348	0.11429861702624056	0.2725006328811658
0.12841232506360517	0.4176935102505359	0.06657386748103855	0.11712892634935827	0.2701913708554619
0.12919920112291647	0.4101008603118266	0.0665283702008792	0.11935684198599393	0.2748147263783836
0.14809719013323636	0.40284245790045614	0.06699368729401597	0.11072277516730572	0.2713438895049856
0.1352208147727919	0.41153870310023033	0.06696334280436878	0.11055196524397878	0.27572517407863006
0.13576971018820905	0.412913879032045	0.06556417870488582	0.10999000441254535	0.2757622276623146
0.14206046441487646	0.4089134480244326	0.06595355886907317	0.11257200417440434	0.2705005245172133
0.13581687477178256	0.407909794111054	0.06577959209790063	0.11930407159577947	0.2711896674234832
0.14666107157948816	0.40746277548566123	0.0664769456122064	0.10954320978617493	0.26985599753646916
0.12556776429525707	0.4150229216003145	0.06566362958895411	0.12007028221671263	0.2736754022987615
0.13018663954616386	0.41145250417822576	0.06597679431988393	0.12023557469271648	0.27214848726300983
0.12885636555811006	0.42156092795323447	0.06633183612293034	0.1103846226777848	0.2728662476879402
0.11957278434320112	0.4233599181233964	0.06598498260091082	0.11703846205307827	0.27404385287941313
0.12561114006846694	0.42246101175588047	0.06620382827468968	0.11411370597152992	0.27161031392943286
0.12917951172018077	0.42088214387477496	0.0662891161989996	0.11125517418930345	0.27239405401674105
0.13324137210680032	0.41804872476119204	0.06555613413288183	0.11093777728434986	0.27221599171477573
0.13118275022377585	0.41839804432471117	0.0659144634335927	0.1113697601853045	0.2731349818326156
0.11957117528566844	0.4256340328344952	0.06572833927749389	0.11604509044900313	0.2730213621533392
0.13089066816745926	0.42170055076554125	0.06574943140633521	0.110516983882075	0.2711423657785891
0.12884453344049168	0.4132885260228624	0.066513907763875	0.12153320718841942	0.26981982558435136
0.14015580413109918	0.4061235017766448	0.0665323646797511	0.11430846451286891	0.2728798648996358
0.12253481880444521	0.42196641585057515	0.0656484261665663	0.11668122871901129	0.27316911045940184
0.12171300667350268	0.43131186558723505	0.06602773416503191	0.11082009916009747	0.2701272944141327
0.11993554175301521	0.4309756133338287	0.0656058059962489	0.11334002794039227	0.2701430109765147
0.12687944000019014	0.42617154622468734	0.06566655589084844	0.10969385953547346	0.27158859834880045
0.1317116081655867	0.41348168667279755	0.0661405870035866	0.1152022452353467	0.27346387292268226
0.1471013169958679	0.39952794580810014	0.06623746356332619	0.11720616747297996	0.2699271061597256
0.13612340684888546	0.40155921097355174	0.06578541267393712	0.12091866235402347	0.275613307149602
0.13435629958468662	0.41193070284558336	0.06694961892955742	0.11371200697695029	0.27305137166322213
0.13048892404134133	0.4160229438432123	0.06603518999283203	0.11636939276540002	0.2710835493572141
0.13823835371395493	0.4064197832077803	0.06628410645058641	0.11834714173420242	0.27071061489347575
0.12551590394447054	0.4113039978019816	0.06611597771932454	0.12151149912926797	0.2755526214049551
0.13578997307203838	0.4026439112893348	0.06685654267988714	0.12155843527071611	0.2731511376880234
0.14490881699293948	0.3996936856883131	0.06675876530066985	0.1178368004582859	0.2708019315597915
0.14828819900011408	0.3994346099269089	0.06679967515539398	0.11329092094963743	0.2721865949679455
0.14723157062986147	0.40362840069988737	0.06570511106424184	0.11285510597599573	0.27057981163001343
0.12923466382216847	0.42343725103579316	0.06593893831090855	0.11126079806290666	0.270128348768223
0.14700710732174543	0.40000032988305	0.06636468914674956	0.11642038991736914	0.2702074837310857
0.1313712175729306	0.4131215527577865	0.06612373755577672	0.11511476875024754	0.2742687233632584
0.12396570142204581	0.42014581431937803	0.06598344228453135	0.11641907936512998	0.27348596260891467
0.12469369103573166	0.4241660820998147	0.06641504665139103	0.1101404526873659	0.2745847275256965
0.11854197477985423	0.43003517188246476	0.06668087273243645	0.11167592749902377	0.2730660531062206
0.1278016440528436	0.4205950674512481	0.06660848594350066	0.11199039348691696	0.2730044090654905
0.13999872333331825	0.4109898298294306	0.06662454240485949	0.11095710668184373	0.27142979775054776
0.1252348674155748	0.4226563551038045	0.066516300464222	0.11517873737175235	0.2704137396446461
0.12380441900663275	0.4268465050694561	0.0659810012569049	0.10958351954603529	0.27378455512097083
0.12361519026657856	0.41622540875124164	0.06692285675081	0.11978179083900703	0.2734547533923626
0.12450647310161117	0.42156223810837457	0.06605141104374898	0.11220610969330622	0.2756737680529589
0.12202376466393733	0.426211019305498	0.06562318969948422	0.11544164141702465	0.2707003849140556
0.12298124165163254	0.4192421924708125	0.06634192540531669	0.1169494664771079	0.2744851739951301
0.13039021416181484	0.4148183583338812	0.06699904979563459	0.11535334723375662	0.2724390304749126
0.11917881239714803	0.4211727878348127	0.06568757081781135	0.11925871664197771	0.2747021123082501
0.11853775040535416	0.42240507136926936	0.06654821356044033	0.11848422838545261	0.27402473627948337
0.1317219763208449	0.4082080970305729	0.06644858853995175	0.1218940967021942	0.271727241406436
0.13499709615167518	0.4070966853704322	0.06591745740301053	0.11864832121418542	0.2733404398606965
0.12718144631422595	0.4206415048098314	0.06668362103575293	0.11417049057566267	0.27132293726452683
0.13221569900226532	0.4144197988166548	0.06663351500563686	0.11188001265363165	0.2748509745218113
0.12921076240912815	0.4091506383311177	0.06639311516665991	0.119390377703225	0.2758551063898691
0.14365119708735108	0.4085357515940283	0.06688763632774197	0.11100986960829211	0.26991554538258633
0.13925450269327022	0.40346628433528153	0.06615751534844735	0.12048058338059624	0.27064111424240445
0.13441438961961275	0.4138695331306285	0.06668109940231298	0.1145292883024703	0.2705056895449752
0.13363196341651257	0.41014831084817843	0.06649388320258029	0.11683379972847503	0.27289204280425344
0.14342446737549328	0.4009575612825588	0.06687671368560469	0.11854492591622755	0.2701963317401155
0.1387110871583136	0.4001923401420261	0.06642228007358689	0.12190448460966968	0.27276980801640355
0.1424179836599723	0.40524269640412036	0.06606242090698602	0.11546054231898502	0.2708163567099361
0.1391968085914995	0.4109329193846982	0.0667154299900668	0.11259494653518588	0.27055989549854936
0.1422609384586157	0.40209244000063066	0.06590921815496723	0.11983656181980706	0.26990084156597915
0.13880074118952457	0.40640820913461967	0.06599491666355817	0.11428919544354381	0.27450693756875355
0.1426920179429873	0.39965243103703607	0.0659429487079056	0.11729916459118132	0.27441343772088955
0.149944081958234	0.4015165030470358	0.06621856018966091	0.11160529018572224	0.27071556461934687
0.14767095474260922	0.40467919379588835	0.06694812288721691	0.11033673265033456	0.27036499592395075
0.13995409810627327	0.40307851080895685	0.06647430984954214	0.1146855229171251	0.27580755831810244
0.14988118429143674	0.4009983488715517	0.06690406959596773	0.1108188246757167	0.2713975725653269
0.13525406968523218	0.4125152374423368	0.06657265255025058	0.11228989703409419	0.273368143288086
0.128569862552864	0.41193341545683343	0.06617914189672325	0.11836471906584592	0.27495286102773325
0.1311816071664172	0.41152709384548813	0.06583643197002628	0.11690471760958247	0.27455014940848577
0.13007231952474535	0.41323451862084026	0.06682397514287525	0.11802976538754209	0.2718394213239969
0.1369834599862738	0.4025329959144894	0.06611642701208345	0.12168252680347025	0.27268459028368297
0.1260458983915238	0.42221340741918056	0.06644435569837442	0.1122178443910781	0.2730784940998429
0.12471828056696034	0.4215058028205868	0.065733179630727	0.1172520746301939	0.2707906623515318
0.1497954633075665	0.40119208381017335	0.06648732255952747	0.11091595896010786	0.27160917136262464
0.14815056876827815	0.3997018627840157	0.06671672970285564	0.1111060730941685	0.2743247656506818
0.14319606492290726	0.40211763913762233	0.06698626624734269	0.1135365403330215	0.27416348935910606
0.13475824472018388	0.4097354908372942	0.06689310379703631	0.11611715929411873	0.27249600135136676
0.1365049984894449	0.41253436182613185	0.06600168030820555	0.11042376406176853	0.274535195314449
0.13350476850732346	0.40804933816654887	0.06691291770717447	0.11680750383528618	0.2747254717836668
0.1291449476746354	0.4191243982713883	0.06638551453356203	0.11266364246722471	0.2726814970531894
0.13911889338872313	0.4066049754072337	0.06555141022400104	0.1148748842270407	0.2738498367530011
0.13479192205111717	0.40444692624236944	0.0664305225308045	0.1200130442624035	0.2743175849133052
0.1230777526495801	0.4149567134641413	0.06688838232888455	0.11970554611929288	0.275371605438101
0.12440120156363177	0.41968126103645215	0.06694888373530086	0.11672214056500901	0.272246513099606
0.12965146060722144	0.4167778050176505	0.06655969250082414	0.11594863509572607	0.2710624067785777
0.12349839852714076	0.42198030562698624	0.0667076650642891	0.1155778156486808	0.27223581513290285
0.12206743052369617	0.4254219183107052	0.06628371119793725	0.11269308011705627	0.27353385985060497
0.13636955905478887	0.4085847815682939	0.06647231940272866	0.11685367212410998	0.27171966785007834
0.14217193202446535	0.405338052876965	0.06647197492972168	0.11116316411357852	0.2748548760552693
0.13479227674311134	0.4153607820520289	0.06690391038740151	0.11260865000137446	0.2703343808160836
0.13148782693910088	0.4059783076607135	0.06572684224129283	0.12112982059214705	0.2756772025667456
0.13661666391997393	0.4118507958465407	0.06564434837162919	0.1122429117800902	0.27364528008176575
0.12809621013365868	0.4185948632951234	0.06689015613804336	0.11469941533283393	0.2717193551003405
0.141202019643677	0.4076246012339861	0.0666553695452288	0.11153460785294603	0.2729834017241619
0.13747294106100225	0.40960867769423076	0.06585630227200612	0.11614563562310029	0.2709164433496604
0.13910241192445216	0.41429777720201966	0.06561045933149098	0.11006729640010024	0.27092205514193674
0.12527737565956218	0.4186240790612731	0.06643682563814035	0.11831846260497882	0.2713432570360454
0.12999563574605175	0.4090183633053599	0.06624596854467832	0.12147012838973659	0.2732699040141733
0.13418254697377469	0.4118921787377869	0.06588122930716209	0.11547834792094284	0.27256569706033335
0.1419177254361877	0.40476506589299477	0.06582577898962028	0.11623623562985251	0.27125519405134446
0.135864804973377	0.4127274685977926	0.06623476256563843	0.11477971690694648	0.27039324695624534
0.13029789914980644	0.41405237598226563	0.06560889192665373	0.11474763463707854	0.27529319830419546
0.12784341897523924	0.42005644565103806	0.06636239994446455	0.11056911004814232	0.2751686253811157
0.13993342096011946	0.4015801810305346	0.06657140798441583	0.11687650261201882	0.2750384874129111
0.13884810380258283	0.40658444242693514	0.06564841481853464	0.11739628958408321	0.27152274936786397
0.12851627867208784	0.41218036869676017	0.06616625458238098	0.1174979459223249	0.27563915212644596
0.13634312289546174	0.40977330937413825	0.06687653031904786	0.11191048518400977	0.2750965522273422
0.13293603966088274	0.404721070129083	0.06700775788614671	0.12090802411167172	0.2744271082122156
0.14083756243596526	0.40377109596380356	0.06639230145065755	0.11673484683933581	0.27226419331023766
0.14174291288027918	0.4018799532531032	0.06558600127619565	0.11685421661599016	0.27393691597443165
0.14844051619834275	0.40238150141800444	0.06557118521307254	0.1110657968803664	0.27254100029021366
0.12089190809773157	0.4172750766219194	0.06697524590776976	0.12110670612692978	0.27375106324564924
0.13546393453845065	0.41177929013611503	0.06640942812293674	0.11639759493128068	0.26994975227121676
0.11874675836030017	0.42428671229936665	0.06563820730815073	0.12081734498742973	0.2705109770447526
0.12740101410966193	0.421814612027703	0.06579713827435016	0.11065601961568727	0.27433121597259746
0.1393548919903322	0.3994197286487462	0.06686220859152597	0.1212650912256874	0.273098079543708
0.13151622114039002	0.4162158187401526	0.06678439267570077	0.1112701073795276	0.2742134600642288
0.13129418815526467	0.41055588605056803	0.06569051710597124	0.11824626668309537	0.2742131420051005
0.1368213495583535	0.413486603154111	0.06656481954896681	0.11318483121924688	0.2699423965193216
0.1323867410778209	0.41440645839241663	0.06578955630257635	0.11676888585514411	0.2706483583720418
0.12250996140331555	0.42441503982447426	0.06594421804009082	0.11187853427884278	0.27525224645327645
0.12380139124443841	0.4273079889729968	0.06553491700751934	0.11108321457808866	0.2722724881969566
0.12274407086455495	0.4261610928029903	0.06567589962803272	0.10962903885421875	0.27578989785020314
0.12257024799005212	0.42085186188164436	0.066603419764033	0.11494758075422831	0.27502688961004207
0.1195572949775632	0.42671311282411833	0.06640293206308234	0.11592490679082178	0.2714017533444142
0.12332914454492103	0.4173363891004661	0.06672490185715457	0.11797755594384429	0.27463200855361386
0.13701747388703137	0.4083827248722718	0.06665238165217835	0.11501513201531914	0.2729322875731992
0.13614810410380457	0.40591207022179354	0.06661666226437352	0.11629689692443199	0.27502626648559625
0.12878465883647144	0.41116338330840324	0.06586790196007947	0.11905128950218313	0.27513276639286255
0.13152767127808848	0.42071246223052294	0.06572106359676053	0.11117696196318587	0.270861840931442
0.14480871201742512	0.40600801671557296	0.06635354003378563	0.11060114469983627	0.2722285865333798
0.14489139895042769	0.40302482279664975	0.06668054401041448	0.111951666223772	0.2734515680187359
0.13556342992973108	0.40424867401175235	0.0669653513392964	0.11953255199573665	0.2736899927234834
0.13140042327904786	0.4055516508618722	0.06619818024303364	0.12194555415964455	0.27490419145640155
0.13736967917270904	0.4041876293604556	0.06594951659619766	0.11730982890364336	0.2751833459669941
0.13207003460490185	0.4076916874721278	0.06651821141680292	0.11898128614841598	0.27473878035775123
0.14377274906205562	0.40994838940217126	0.06569422104515632	0.11028205274010923	0.27030258775050736
0.1508651163951766	0.3995307008974108	0.06568348340042082	0.11156784886787013	0.27235285043912144
0.13668696371892122	0.40226133375705364	0.06611890485695715	0.1215291685423971	0.2734036291246707
0.12832674841634448	0.42134677922634933	0.06598754578421945	0.11046202034900915	0.2738769062240774
0.12554235622357499	0.42380193101255026	0.06587950409960189	0.11204129681740121	0.2727349118468715
0.12598530585098783	0.42700368804514177	0.06633503734113672	0.11080701882907656	0.269868949933657
0.1245210582049768	0.4175215386554758	0.06637893769841965	0.11674843086087115	0.27483003458025634
0.12236355777067698	0.42412181666897675	0.0662329582148539	0.11154785409160878	0.27573381325388346
0.13981483211641252	0.4104684654215357	0.06589401803307449	0.11263887853574843	0.2711838058932286
0.12495190801153114	0.42093033916452316	0.06601171897714012	0.11756593400583772	0.2705400998409677
0.12871342369852745	0.4123582992333744	0.06608369546578624	0.1210291356326319	0.27181544596967977
0.14791457975142677	0.4038138276062131	0.06692508696979438	0.11009150280887134	0.2712550028636942
0.1353177763833882	0.4072298415995753	0.06556139432888203	0.11691542394302977	0.27497556374512455
0.13734100684672781	0.40878261756435014	0.06663814341174834	0.11266018442478434	0.27457804775238914
0.14491656507691736	0.40333352920335885	0.06559940621174809	0.1110784489276064	0.2750720505803691
0.11867155353869566	0.4189078172594805	0.06685179892984322	0.12119011141361441	0.27437871885836607
0.13257018932657277	0.4197651116861354	0.06678689361141285	0.10985540418783227	0.2710224011880465
0.12220547020549669	0.4205611743917265	0.06577644573495689	0.12108174116539663	0.2703751685024231
0.1286950708414196	0.4147023695324017	0.06698063055926934	0.11395251346443946	0.2756694156024697
0.12411211428407651	0.415486006446769	0.06583828502499472	0.12022951724955638	0.27433407699460327
0.11893102240744677	0.42549723969785436	0.06576004434838217	0.11875174519812372	0.2710599483481928
0.12753781338505704	0.42404134756402145	0.06598346189528925	0.10990401717836021	0.2725333599772718
0.11918421173536117	0.4237159623931307	0.06624465678363611	0.11980275740248938	0.27105241168538247
0.12182712932661119	0.42725461537656007	0.06618833033416216	0.11295326011145347	0.27177666485121293
0.11842477411469869	0.42963889982237013	0.06649928078283934	0.11554468526494403	0.2698923600151476
0.12641355470265037	0.42693998587170434	0.06570812254177136	0.11000588361751129	0.27093245326636245
0.12916078189951305	0.4201029269263702	0.06658799709462776	0.11065284224409497	0.27349545183539387
0.13786757306324282	0.4024854244340529	0.06644484185218949	0.12196479847978768	0.2712373621707269
0.14796062693931544	0.40315437300334445	0.06571455870923298	0.11259105951659062	0.2705793818315163
0.13759322247046069	0.40464991638215553	0.06680681941331801	0.12077282557942615	0.27017721615463947
0.13423594911575618	0.41006088818721176	0.06634379183052569	0.11762105079389136	0.2717383200726149
0.14055729540580658	0.40394101351129763	0.06651286972011186	0.11398846535676073	0.275000356006023
0.14317334599663403	0.4060229448497604	0.06640166337731399	0.11144694396869691	0.27295510180759447
0.13957805056095737	0.40850440203699173	0.06690038581037328	0.11484174708126862	0.27017541451040883
0.14490817203502726	0.40221397574948814	0.06576415718526268	0.1122118335996904	0.2749018614305313
0.14586773649518775	0.40102370165546153	0.06636838877683784	0.11576015703659555	0.27098001603591715
0.13829915732616294	0.3993802000801044	0.0668406076487594	0.12071609638245798	0.27476393856251513
0.1315044445114125	0.4083783289650481	0.06674252101161668	0.11761546663636047	0.2757592388755621
0.12719126613123394	0.41398591916039496	0.06636232396808248	0.12001029732002588	0.2724501934202626
0.12396978058923477	0.4252889169970037	0.0667311409136371	0.11279258922886774	0.27121757227125654
0.12677511175184947	0.4209347086607294	0.06685691240500896	0.11224708335965466	0.27318618382275733
0.12300526152442487	0.42631145759178757	0.06650463341888221	0.11413881608188467	0.2700398313830205
0.12390737081236138	0.42531024356920366	0.0659488841856877	0.11005578760383893	0.27477771382890814
0.1272036533779053	0.42117487987958024	0.06617463465887985	0.1112390469318777	0.2742077851517567
0.11843780223244449	0.42159902314830067	0.06692998972261627	0.11838023200168632	0.27465295289495206
0.12719635836081905	0.418908578506643	0.0669010234942651	0.11657115845784834	0.27042288118042435
0.1396751377424889	0.41156826219106335	0.06653478919913464	0.11084125273793934	0.27138055812937356
0.1333410684939493	0.4100192901610542	0.06688653050969123	0.11855869151786064	0.2711944193174445
0.13193827763529387	0.4111190298573033	0.06597822730739208	0.11618775895994855	0.27477670624006206
0.12441337864480279	0.4198411802559951	0.06579030711393946	0.11964397954430742	0.27031115444095505
0.11944685251563482	0.42095078202343605	0.06644333204447353	0.11849268356126914	0.2746663498551863
0.13903987548240415	0.4035197013692763	0.06605405088241864	0.11857223459480046	0.2728141376711002
0.1348780456766076	0.4152691679020563	0.0661654138202667	0.11350245391374082	0.2701849186873284
0.11854347882912757	0.4230623309566	0.06690095851754257	0.11680975290121477	0.2746834787955149
0.11927019864943694	0.4209708447060583	0.06674726790190469	0.12199035043511933	0.2710213383074806
0.12539217784432707	0.42254598690840317	0.0664488780319997	0.11169959865836984	0.2739133585569001
0.12638206026662427	0.41580932447503266	0.0659425014186224	0.11782452750348475	0.2740415863362357
0.12276261633642177	0.4181397968798113	0.0666182899491144	0.11798787993310467	0.2744914169015477
0.12557747449996734	0.4151974162168378	0.06616372344166827	0.12000064780707176	0.27306073803445463
0.12434689753222894	0.4140878038849834	0.06687055255737126	0.11989588972344371	0.27479885630197254
0.1258935321768306	0.4129524741000493	0.06598762591953458	0.11968060487371592	0.27548576292986937
0.13032413487553113	0.41063728146166123	0.0664648293543417	0.11918637195509454	0.27338738235337123
0.13023983328938352	0.41823691517365547	0.0657010755923017	0.113450653344525	0.27237152260013414
0.12553694849398267	0.4225349294263646	0.06564748856650782	0.11558711068075077	0.27069352283239395
0.11923967895588058	0.4237311331320553	0.06643897754228448	0.11789655429472898	0.2726936560750505
0.13199414564525774	0.42006235451674145	0.06587232651284888	0.1101327029423121	0.27193847038283964
0.12821616924837098	0.4238786869699018	0.06688084867788735	0.11075417546731312	0.27027011963652664
0.12845888200201136	0.4185655664854283	0.06661744042558287	0.1117766646733673	0.27458144641360993
0.13572611574265084	0.40285585614623864	0.06586798323473941	0.12145405805380696	0.274095986822564
0.13253833376607482	0.41226681380731156	0.06569340216005753	0.11577033748392498	0.27373111278263085
0.14204970446831694	0.40130242573630337	0.06567139850472642	0.12038303601993251	0.27059343527072055
0.13955104149063766	0.4012310507304309	0.06665311205964261	0.12053324865378155	0.2720315470655071
0.13147837502336696	0.4053406004487301	0.0659780366974812	0.12164708367358473	0.27555590415683684
0.12302185610290187	0.4163369021622023	0.06613435625518607	0.11920965455639282	0.2752972309233167
0.13880060733126826	0.4039324845066503	0.06680372428835599	0.116967060525072	0.27349612334865336
0.13241958847299806	0.411614137042911	0.0667001540982782	0.11515229231156932	0.2741138280742432
0.14746914217104853	0.4020686745361298	0.06624815229197081	0.11381608458109355	0.2703979464197571
0.13995652736525466	0.4088004161843052	0.06573456172714612	0.11295959092717295	0.27254890379612096
0.1341294411696674	0.4059130218370316	0.06620880600291348	0.11904874190814156	0.2746999890822458
0.13322589221503067	0.41170565102761847	0.06629266264213426	0.11837912974612042	0.270396664369096
0.12522306243486758	0.4202576735795313	0.06689016005154974	0.1159897637820127	0.2716393401520385
0.11989202336655132	0.4255161276926187	0.0663920683066185	0.11614481226769799	0.2720549683665133
0.122474762316005	0.4214375807984482	0.06574631283836188	0.11619715265455705	0.2741441913926277
0.12978201154233024	0.4194445228009641	0.0663947821647683	0.1140175924584595	0.27036109103347766
0.13370106533751397	0.4139698886824593	0.06663954745804476	0.11484814077875947	0.27084135774322227
0.1328438151593263	0.41919499343691674	0.06556828210466098	0.10985985629433374	0.27253305300476205
0.1375917915910383	0.4132596028978993	0.0669442334082817	0.11130863565006374	0.2708957364527167
0.1306381238793245	0.4093401159702764	0.0669562617563769	0.12027893716847127	0.2727865612255508
0.1373968450805006	0.40909349086286606	0.06646686206918562	0.11724183965887681	0.2698009623285707
0.14280362267616759	0.4043370037997015	0.06683439662967222	0.11411028632206661	0.2719146905723919
0.1467964316150304	0.40394692143209127	0.06685501583648909	0.11052941948430262	0.27187221163208647
0.14874296935968434	0.399896477301019	0.06633378429868728	0.1150546363176382	0.26997213272297094
0.14133178603702534	0.4132410040254263	0.06556527343573815	0.10967932578098077	0.2701826107208293
0.12277396080851884	0.4181004372483655	0.06697932586840047	0.11640979257502444	0.2757364834996906
0.13099992897078344	0.4201673384349602	0.06653544320750784	0.11029647193963342	0.27200081744711496
0.13110485246747086	0.42114825233635045	0.06600707248761387	0.11190736386836843	0.2698324588401962
0.13888331965429931	0.4085175070848288	0.0663007205968924	0.11227487829906907	0.27402357436491015
0.14617990536829123	0.4012092457179479	0.06568569186639059	0.1162840166733428	0.2706411403740273
0.13866877471327088	0.4038115902802266	0.06656999605722272	0.11733966261583055	0.2736099763334491
0.14404440891788955	0.40505311912710973	0.06651995983084732	0.11010862487411686	0.2742738872500363
0.13512645398620665	0.4071806798772776	0.06672858360082251	0.11652363486913024	0.27444064766656284
0.1322728460680054	0.4202483272139368	0.06557763263891633	0.11203531156446739	0.2698658825146739
0.13389143697568057	0.41307940969263146	0.06581518223316515	0.1160288090507335	0.27118516204778914
0.1247533250866168	0.41950094198789095	0.06669419631694473	0.11627911869113644	0.2727724179174109
0.12487913837857477	0.4223483125774329	0.06658995265584136	0.11123560364825617	0.2749469927398946
0.1240082474950774	0.4223783949746701	0.06666073986860166	0.11513444298398633	0.27181817467766434
0.13459277988708385	0.41000652615496525	0.06611529387095433	0.11604365260102933	0.2732417474859671
0.13476400249556103	0.4143730922695319	0.06680519079527847	0.11342203976366398	0.2706356746759645
0.1369363148630181	0.4036990481541486	0.06640952112149107	0.11948993478556541	0.2734651810757767
0.13707573809542647	0.4037082265509636	0.06561323022038609	0.11978428409705875	0.27381852103616494
0.13660052120396055	0.41012840812327506	0.06660812161031412	0.11204899342716355	0.27461395563528657
0.13274780959064308	0.40698941769975205	0.06696754761174165	0.11930693735376106	0.273988287744102
0.13289820559903934	0.41021725947136123	0.06647626549472468	0.1164217423564696	0.2739865270784049
0.12559387025179883	0.41784037715649835	0.06595599625054296	0.1186409949701704	0.2719687613709893
0.11931178378661919	0.4266204136884796	0.0657036148794598	0.11249186444710373	0.27587232319833743
0.12202971211630198	0.4198802678870114	0.06587588058264346	0.11942113468598754	0.27279300472805545
0.12350759868553005	0.42027560094806304	0.06632796074650149	0.11403285659932945	0.2758559830205758
0.12839408709475342	0.4208911054668172	0.0658510234903752	0.11313839109719451	0.27172539285085956
0.12009829138999499	0.4213535078601087	0.0669507009059861	0.11840082029861841	0.27319667954529164
0.11979208618984999	0.4185603283901118	0.06600831734988016	0.12097598874477994	0.2746632793253779
0.12257381420763214	0.42105296791732905	0.06635192056337938	0.11730470931242148	0.2727165879992378
0.1266580737828677	0.41407266772274914	0.0660463883100795	0.12041738781768109	0.2728054823666224
0.1187326149771689	0.4199954476794015	0.06601351057894894	0.12131383558654799	0.27394459117793246
