0.4974325301109429	0.26134901400940935	0.2412184558796479
0.49710794468924285	0.2613442599587451	0.2415477953520121
0.5028953051065851	0.2510654970866464	0.24603919780676858
0.4939906030694684	0.25883298719242764	0.24717640973810406
0.49358779007910836	0.25982591122535015	0.24658629869554155
0.4946775555914445	0.25747697580102114	0.2478454686075345
0.5044725628893629	0.25218901983469455	0.24333841727594263
0.5003047777616846	0.25735149857597733	0.2423437236623382
0.5034301047539058	0.2527366888036055	0.24383320644248874
0.49314160293451104	0.26504611440536596	0.2418122826601231
0.5016940654988689	0.2567956453224778	0.24151028917865341
0.4946070498396365	0.263163195846044	0.24222975431431965
0.49897936413638677	0.2573532205838111	0.24366741527980224
0.5047452363897096	0.24831972924398574	0.2469350343663047
0.496194282349652	0.25970103713478976	0.24410468051555834
0.49748919789653795	0.2542728086258581	0.24823799347760406
0.49847091289052403	0.2557496423135608	0.2457794447959153
0.49517317306671393	0.2581692429651687	0.2466575839681175
0.5040464907183682	0.2501068939227683	0.24584661535886365
0.4970694051121094	0.2566147349096268	0.24631585997826394
0.49330628045384584	0.2620874930747583	0.24460622647139602
0.5064677314627588	0.24892672040761735	0.24460554812962387
0.5024363131489471	0.25027768644896653	0.24728600040208648
0.5027366383906229	0.2510678197468148	0.24619554186256248
0.49746231419228765	0.2611364241459561	0.24140126166175638
0.49819210857500873	0.25428742057612236	0.24752047084886902
0.5041783261418455	0.2487277568787692	0.24709391697938532
0.5040074975485684	0.2502555792984893	0.24573692315294232
0.49352274803549545	0.26097673245819275	0.24550051950631196
0.5003141428325877	0.2534774817140737	0.24620837545333865
0.5001856190771192	0.25714545729100624	0.24266892363187462
0.5013830909467394	0.25292987248640353	0.2456870365668572
0.5061567698833478	0.2493331943126012	0.24451003580405117
0.5037062255362152	0.25302004870874983	0.24327372575503498
0.4941252289691877	0.2633470627878327	0.2425277082429797
0.5022562967881279	0.2546773400294218	0.24306636318245042
0.5068375603874057	0.2471333845257343	0.2460290550868601
0.4995130571516754	0.2588028440916732	0.2416840987566516
0.4987549493429948	0.2588503301131254	0.24239472054387984
0.5013947097163145	0.2515423682980359	0.24706292198564972
0.49911792480700046	0.2547793505376912	0.24610272465530847
0.49267620078564	0.26523662935536935	0.2420871698589908
0.5050758943466773	0.24687040318871997	0.2480537024646029
0.5048973519667502	0.25207756804813886	0.24302507998511103
0.506950206999583	0.24767231528955694	0.24537747771086021
0.49717930420364675	0.258030529502304	0.24479016629404937
0.49259160487016335	0.2656533971105609	0.24175499801927586
0.49428105295619545	0.26459122117619077	0.24112772586761388
0.4972948822823507	0.25729316530373814	0.24541195241391123
0.5018499624086725	0.25074057482142054	0.247409462769907
0.49476198822225276	0.2591104308020536	0.24612758097569376
0.5000808755401269	0.256251317069483	0.24366780739039018
0.49575956997756876	0.25728423880359236	0.246956191218839
0.499449951489758	0.25871997919655	0.2418300693136921
0.5036816915847779	0.25471496280954	0.24160334560568222
0.49804314269890304	0.25842622089998646	0.24353063640111056
0.5027999116831661	0.2560389113385896	0.24116117697824435
0.5025460651709489	0.252200533027155	0.2452534018018962
0.4926825052488411	0.2642198823441869	0.24309761240697206
0.4996040805860501	0.2530868354769924	0.2473090839369576
0.5028901348137708	0.2549083893204559	0.24220147586577342
0.49731559498705546	0.259341067150251	0.24334333786269366
0.49839624968493923	0.25353834278738696	0.24806540752767395
0.5053638119058288	0.24841384644150905	0.2462223416526623
0.5031120117786054	0.2508098914886966	0.24607809673269807
0.5001210121137754	0.2562290285448211	0.2436499593414036
0.5039328978681068	0.2538669343691732	0.2422001677627202
0.4953036484119295	0.25820147678742494	0.2464948748006457
0.5051993842559709	0.2467033028517029	0.24809731289232634
0.5053148756423663	0.2527708946864193	0.2419142296712145
0.5029544913024706	0.25400842195264006	0.24303708674488944
0.5000352100746667	0.2575284433547892	0.24243634657054422
0.4980576878385927	0.2544936087661648	0.24744870339524255
0.49869540293146564	0.25336544673860667	0.2479391503299278
0.49581363052835803	0.25657368708485556	0.24761268238678652
0.4972861261902054	0.258876113080045	0.24383776072974972
0.5064556765096757	0.24652366342835014	0.24702066006197432
0.49413946807445297	0.26145159387135697	0.24440893805419012
0.50578356675373	0.24796635945366186	0.24625007379260816
0.49702913136699123	0.26080166547574213	0.24216920315726675
0.5004806413803942	0.2572431483494823	0.24227621027012355
0.4957548483767184	0.2604661472718267	0.24377900435145494
0.49355265346663524	0.263241189744161	0.2432061567892039
0.5021419297085148	0.2520312061938915	0.2458268640975938
0.4934860025501702	0.2644394947220647	0.2420745027277652
0.5027491264327584	0.24915054108714263	0.24810033248009908
0.5001768761451912	0.2568944612799167	0.24292866257489215
0.5019779631591965	0.25194473402863937	0.24607730281216425
0.4946671105037094	0.264229162088652	0.24110372740763877
0.5038074353270872	0.2541279104395368	0.24206465423337611
0.4996983061291137	0.25312904936744735	0.2471726445034391
0.4995557865604928	0.2540044622858627	0.24643975115364453
0.5032699646709466	0.25400979022236125	0.2427202451066923
0.5017548702743035	0.253400882572847	0.24484424715284964
0.49564309012529184	0.2620637947696419	0.24229311510506635
0.4979984955228586	0.2594034938219966	0.2425980106551449
0.5001620871131423	0.25166437088287774	0.2481735420039801
0.49758328664588514	0.25568998104736096	0.246726732306754
0.5023992248505011	0.25192072665121634	0.2456800484982827
0.50065313547413	0.2523111245107804	0.24703574001508966
0.5026334546604982	0.2505862481293123	0.24678029721018957
0.4927026992146676	0.25967347453905104	0.2476238262462815
0.4950314774797554	0.26326079867153157	0.24170772384871309
0.4977384553160162	0.2551267492209612	0.24713479546302278
0.4976402443698463	0.25783309398271237	0.24452666164744152
0.4946371001657489	0.25838539214234174	0.24697750769190946
0.5011734836999395	0.25195295898671566	0.24687355731334498
0.5035236119500777	0.253906424349583	0.2425699637003395
0.4942988332628784	0.26014324831926583	0.24555791841785593
0.5018879170780312	0.25589604788018416	0.24221603504178474
0.5016392333130608	0.25267828637319745	0.24568248031374185
0.4990349150809561	0.2593544870337086	0.2416105978853354
0.5031019783018678	0.25273536692356	0.24416265477457227
0.504059188385385	0.24895757342246533	0.2469832381921498
0.49906761832358976	0.2576814383680582	0.24325094330835212
0.5009846468078575	0.25670379026156254	0.24231156293058004
0.49675828415474615	0.2599067824140484	0.24333493343120555
0.4968926086365935	0.2573106981002379	0.24579669326316866
0.4952818483484761	0.26302526171221696	0.24169288993930702
0.5017684628751153	0.25444143539768316	0.24379010172720167
0.5015429670668439	0.25557630852744884	0.2428807244057073
0.5066964220567368	0.24934250260650548	0.2439610753367578
0.4934979677263751	0.2623478278314777	0.24415420444214728
0.5058146499961794	0.24632660570995202	0.24785874429386864
0.49935820342571735	0.2582750476326142	0.24236674894166851
0.5020861460125843	0.25522056677307575	0.2426932872143401
0.5063053699625157	0.24852581186100117	0.24516881817648312
0.5024070417504656	0.2545738126371037	0.24301914561243076
0.498388433657813	0.2596871981478757	0.2419243681943114
0.5022405438633302	0.2523807599190545	0.2453786962176155
0.4973189026986139	0.25835474512248574	0.24432635217890047
0.5048366336175918	0.24692035094933823	0.2482430154330701
0.5039188064125224	0.2547936300536827	0.24128756353379507
0.5048575454561184	0.2514102819965541	0.24373217254732765
0.4953670722545208	0.26203824316206503	0.24259468458341427
0.5011416544752088	0.25361153002972114	0.2452468154950701
0.503820410706936	0.25342084208473653	0.24275874720832766
0.5045212725143962	0.25228668940513355	0.24319203808047035
0.5034265477642205	0.24931720564973248	0.2472562465860471
0.49686660047642883	0.2582892911465758	0.2448441083769955
0.49820117809384473	0.2596883158324781	0.24211050607367723
0.5036392852148028	0.25447723347391493	0.24188348131128234
0.4926072425797349	0.2637684204874115	0.24362433693285368
0.49492729404373653	0.25712522323983916	0.24794748271642442
0.495508426192408	0.2629896210347651	0.24150195277282704
0.49993035455131574	0.2567283403382266	0.24334130511045773
0.4975974203843595	0.25426881604878415	0.24813376356685646
0.49574144661700387	0.2586519907893386	0.2456065625936576
0.49485097659112665	0.2580591507517257	0.24708987265714777
0.5027099908424879	0.24933523984637507	0.24795476931113705
0.5005574256369729	0.253573888928344	0.24586868543468324
0.49709631517190833	0.2567043765966227	0.24619930823146907
0.49821980755857764	0.2548195282838338	0.24696066415758866
0.49547541280032725	0.25720833312276453	0.24731625407690833
0.4968689569185222	0.2613245296524226	0.24180651342905532
0.5035568471454859	0.2540650195401582	0.2423781333143561
0.49297768387988394	0.25902434222293635	0.24799797389717976
0.502060237382576	0.25515500399879354	0.24278475861863066
0.49329983094914165	0.2584786052991074	0.24822156375175103
0.5000258406183964	0.25208087391162604	0.24789328546997777
0.503618243657715	0.25044696038075115	0.24593479596153395
0.4949711461827507	0.25809726799337046	0.24693158582387895
0.5033034944598984	0.2529779285593947	0.24371857698070698
0.49539652251062993	0.26318752572476606	0.24141595176460412
0.5029027109989911	0.2558562385460739	0.2412410504549351
0.4942654893192695	0.2633327850109658	0.2424017256697648
0.49857147171786553	0.25535386137738814	0.24607466690474644
0.49846307493635383	0.2546543888019441	0.2468825362617022
0.49698894571738744	0.25767114112557615	0.24533991315703652
0.5041907979021616	0.24778705458543474	0.24802214751240376
0.49928990572230464	0.25891812295663924	0.24179197132105623
0.5009382287936796	0.25111302773468164	0.24794874347163898
0.4956891275743398	0.2561348643283037	0.24817600809735663
0.499721035684577	0.25780317596132146	0.24247578835410166
0.5059965817448897	0.24998521009030694	0.2440182081648034
0.49571580082822936	0.2587774243105974	0.24550677486117334
0.5033216318849354	0.2502714595048903	0.2464069086101744
0.5042367662659564	0.24754435137656297	0.2482188823574808
0.4961656645540351	0.2583687805527536	0.24546555489321142
0.49494639685475894	0.26025568227563134	0.2447979208696098
0.5017023228542536	0.2556259210413327	0.24267175610441383
0.494251477998035	0.25799405965864197	0.2477544623433231
0.5067404694625803	0.24547936365939726	0.24778016687802254
0.49992395552273217	0.25791999288903833	0.24215605158822961
0.506744589772793	0.25079335694107946	0.24246205328612763
0.5056977726170038	0.2486503624239516	0.24565186495904479
0.49558831328878805	0.2592242781717049	0.24518740853950718
0.5048124410621465	0.24807055472624917	0.2471170042116044
0.5009380627964279	0.25716649376124767	0.2418954434423245
0.4999501056430384	0.25430102144135536	0.24574887291560632
0.5021491200642199	0.251742164774921	0.2461087151608593
0.5004629759189607	0.251568937595702	0.24796808648533747
0.505556915529309	0.25186041112448965	0.24258267334620146
0.49368444808102524	0.2649990387576252	0.24131651316134967
0.5065401677511181	0.2519690507056079	0.2414907815432741
0.5029688303569539	0.25400342736171333	0.24302774228133284
0.4967534476667748	0.2552197018411426	0.24802685049208267
0.4943354238711709	0.2575774308832706	0.24808714524555858
0.49547496397837243	0.2580037126565184	0.2465213233651093
0.5038405300828503	0.2538040242171613	0.24235544569998838
0.5024650852760035	0.24985060413519256	0.24768431058880402
0.5042614296607172	0.25172038514081696	0.24401818519846596
0.5051565457052138	0.25053715535747706	0.24430629893730915
0.5044901796781629	0.25336469411947826	0.24214512620235895
0.4996638726991737	0.2535931248228015	0.24674300247802494
0.49743902173175525	0.2546814766928764	0.24787950157536853
0.5055417909819632	0.24947456426760742	0.24498364475042955
0.500008797014217	0.2547378192018479	0.24525338378393519
0.49964652618644095	0.25661826039400426	0.24373521341955487
0.4977312380209756	0.2544885123260457	0.24778024965297885
0.5015013952292848	0.2559242618570203	0.24257434291369506
0.501517499525425	0.25345190023244146	0.24503060024213355
0.49461647732715774	0.26242298550264787	0.24296053717019445
0.5026510641505539	0.2527138721872654	0.24463506366218085
0.5067143251604459	0.2469973421990347	0.24628833264051947
0.49681085576798767	0.2576557008285367	0.24553344340347566
0.4955100348919613	0.26151968382817853	0.24297028127986026
0.5027282575347239	0.2552065565180117	0.24206518594726442
0.5001453772285208	0.2586217477030973	0.24123287506838198
0.49677775231980936	0.26145760231172954	0.2417646453684612
0.5060628041898303	0.2487245688989992	0.24521262691117063
0.5052996343677373	0.25196673943280534	0.2427336261994575
0.49895148852878346	0.2596890373701948	0.24135947410102185
0.49300228280628633	0.26442052339185634	0.2425771938018574
0.5060749722700144	0.25191821460263675	0.242006813127349
0.5025519623215532	0.2534836673719079	0.243964370306539
0.5069628625404146	0.2467207732652971	0.24631636419428837
0.4966608440546698	0.25948969879187456	0.24384945715345574
0.49317695795847505	0.2613058660822409	0.24551717595928418
0.49775432664738606	0.25425484244715224	0.24799083090546184
0.5014486476167361	0.2570340183731816	0.24151733401008235
0.5057531726570849	0.24938056815181026	0.24486625919110497
0.49775872305369895	0.2547829916949585	0.24745828525134267
0.4996785587414152	0.2591407647470699	0.24118067651151504
0.5068802626087737	0.251273725883172	0.24184601150805446
0.4950379792211257	0.2634739253952762	0.24148809538359822
0.4951332762180781	0.26270136070268485	0.24216536307923714
0.5037345463531658	0.250914677387961	0.2453507762588732
0.49782454175349056	0.25716626888925886	0.24500918935725063
0.5011166517154224	0.25281533956430646	0.24606800872027115
0.5069386086164793	0.2511799573012194	0.24188143408230145
0.498970780975742	0.25772609091590537	0.24330312810835275
0.4952871359321006	0.2566915772094028	0.24802128685849673
0.495864712213689	0.2578085979829269	0.24632668980338424
0.4981891871700911	0.2595678204151335	0.24224299241477554
0.49599426696599924	0.26119751841312877	0.24280821462087213
0.4945110851456356	0.25841041439485324	0.24707850045951124
0.5048171319335938	0.2481488411251661	0.2470340269412402
0.49947832369568845	0.2563137846953732	0.2442078916089384
0.5055631473141953	0.2510607621059403	0.24337609057986453
0.49702773087721513	0.25731072021057144	0.24566154891221353
0.5043517987179017	0.2486913194407226	0.24695688184137576
0.49765034241447414	0.25508146143547583	0.2472681961500502
0.5028305712226646	0.2534932109664592	0.24367621781087628
0.5036231600543903	0.2505835531479812	0.24579328679762855
0.501370918338156	0.2555038266826594	0.24312525497918472
0.498059950997632	0.25674991899487287	0.2451901300074952
0.4932206747842485	0.2631537788464331	0.24362554636931844
0.5023230557895272	0.2529833825609081	0.24469356164956485
0.4937125097727074	0.2603207636607416	0.24596672656655105
0.49424035294672763	0.2616700613999391	0.2440895856533334
0.505243171142629	0.25148050913173725	0.24327631972563385
0.5004525110583816	0.25757824316129085	0.24196924578032758
0.506547485159306	0.2511732608364605	0.24227925400423359
0.4947847434869073	0.25829603895299863	0.2469192175600941
0.49519113431786793	0.26136104832424456	0.24344781735788756
0.4969291744199386	0.25770439782314924	0.24536642775691223
0.5015061057392118	0.2571289074732172	0.241364986787571
0.5069045162271208	0.2507509930069554	0.24234449076592385
0.49835712578412605	0.25734344786910646	0.24429942634676763
0.4941128079527255	0.26149449447534984	0.24439269757192475
0.5013975577175733	0.25276499223640664	0.24583745004602015
0.4937902010755197	0.263583173419451	0.24262662550502945
0.49382430978744163	0.25992571921198865	0.2462499710005698
0.4938032187336413	0.2648715619371719	0.24132521932918696
0.5034642089263754	0.25026546359881885	0.2462703274748058
0.5060006587612613	0.25261956336214	0.2413797778765987
0.5051486268469096	0.2537142278513965	0.24113714530169392
0.5044859564763807	0.2500119792176813	0.24550206430593807
0.49743907133270177	0.26139757019865073	0.24116335846864762
0.505093025886022	0.24825388085494127	0.24665309325903678
0.49909154828903546	0.25919628424697005	0.24171216746399463
0.49391373926004756	0.25905204593459735	0.24703421480535515
0.4947935922315543	0.26115383996552405	0.24405256780292184
0.4971865051802689	0.25847411205547366	0.24433938276425754
0.49914332931658	0.2567796406353518	0.2440770300480683
0.5009549243212362	0.2537893684449878	0.2452557072337761
0.4987346315419657	0.254624351359558	0.2466410170984764
0.49853964548667873	0.2591512735952365	0.2423090809180849
0.5015209442372781	0.2504679924500513	0.2480110633126707
0.4937126966608766	0.26228123227691913	0.2440060710622044
0.5058001267981294	0.24691289988663276	0.24728697331523794
0.5062928891254439	0.25026980368163065	0.24343730719292564
0.5025471680404983	0.2515093485326334	0.2459434834268685
0.4938156915697257	0.26153341786634426	0.24465089056393008
0.5045213696591149	0.24913128605194534	0.24634734428893987
0.4963109646818127	0.2602283657371621	0.24346066958102527
0.49902476823175934	0.25621201736733623	0.24476321440090448
0.49868159953185875	0.25733553833915224	0.24398286212898915
0.5011199394063641	0.2541508749499761	0.24472918564365992
0.49731708241153266	0.2602971299210493	0.24238578766741814
0.49944011122072995	0.2569455082939437	0.24361438048532652
0.4954432877107743	0.26253108926550933	0.2420256230237165
0.5047783370160281	0.25157775150396045	0.2436439114800114
0.5025852111271341	0.25028596664642966	0.24712882222643637
0.49595801676322554	0.2582620227831618	0.24577996045361278
0.49612405657545067	0.2567477194797167	0.24712822394483272
0.49592010423876626	0.2623824759243063	0.24169741983692752
0.5051041274060258	0.2506715304908382	0.2442243421031361
0.49856256143799765	0.2538547158535852	0.24758272270841722
0.505217463156113	0.25029722845458124	0.24448530838930588
0.49648675345265164	0.25790029437583256	0.24561295217151588
0.5022606498205184	0.2538411407530857	0.24389820942639595
0.5023990432339919	0.2525674219919619	0.24503353477404632
0.5009442123023431	0.2511326610456156	0.24792312665204141
0.4940731733459256	0.2631034145999388	0.2428234120541357
0.49669986142380174	0.25997254623525345	0.2433275923409449
0.5045202223366966	0.25292741695973425	0.24255236070356925
0.5012705116216718	0.2533931814156881	0.24533630696264014
0.5059778071528097	0.2510721556995873	0.24295003714760308
0.4933842807297568	0.25955489640326385	0.24706082286697945
0.49469678464248557	0.26372979007338165	0.24157342528413292
0.5054919226901036	0.24961897962361043	0.2448890976862861
0.4967391668554545	0.26210532337205966	0.24115550977248595
0.49257087569940006	0.26081079925630557	0.24661832504429448
0.5030167662574337	0.252300294410592	0.24468293933197433
0.49301317005175294	0.26128609369382094	0.24570073625442623
0.4987074788992711	0.259882339547545	0.241410181553184
0.5056503984033432	0.24927504500664507	0.24507455659001176
0.49518872980791223	0.25923865421056963	0.24557261598151825
0.49745850247123763	0.25924024420156366	0.24330125332719876
0.49871690722651507	0.25307084270149915	0.2482122500719859
0.5054242579413589	0.2501975110580511	0.24437823100059003
0.4954635774777245	0.26311668172448555	0.24141974079779
0.49399370309235713	0.264201703482826	0.24180459342481692
0.5005452219903777	0.25828373857527526	0.24117103943434726
0.4926235750024234	0.26218272025124034	0.24519370474633634
0.5006186099294541	0.2527254894997998	0.24665590057074616
0.49934343216258414	0.2575787261391518	0.2430778416982642
0.5036400047349455	0.2519222348739206	0.24443776039113396
0.5000806225764074	0.2583683168578954	0.24155106056569725
0.5058780093439581	0.24784182007214456	0.24628017058389745
0.496488646358579	0.2558923363635276	0.24761901727789357
0.49872369412233974	0.2554465540500044	0.245829751827656
0.5066891316524968	0.24880569046085027	0.24450517788665294
0.5006041499929255	0.2519796121664428	0.24741623784063183
0.5004803097073358	0.2546756625228339	0.24484402776983036
0.5003681096733281	0.25568393586949933	0.24394795445717257
0.5042165872737208	0.24802389112117929	0.24775952160510006
0.5053910428653628	0.24829326025134368	0.24631569688329355
0.4951597159933406	0.260697991824733	0.2441422921819265
0.5057499645869501	0.24978252466135015	0.2444675107516998
0.5058042028539801	0.2522617628959024	0.2419340342501176
0.49309998359183305	0.2623825218795688	0.24451749452859822
0.4968630788540714	0.2592747651660885	0.2438621559798402
0.4963442505183161	0.257177575732371	0.24647817374931302
0.50346266822783	0.2502914618486971	0.24624586992347292
0.5021188714909213	0.25023230567482124	0.2476488228342576
0.5046017154116823	0.24988896909698435	0.24550931549133342
0.49523125014288005	0.25753576125485494	0.2472329886022651
0.49437057659039696	0.2617079098470795	0.24392151356252367
0.4943693775552695	0.26418982673769864	0.24144079570703197
0.49768737085356457	0.25697119681333014	0.2453414323331054
0.4979681804426139	0.25631116058106584	0.24572065897632034
0.5038458225137328	0.2538896988848578	0.24226447860140954
0.4936843249813099	0.26523730394995726	0.24107837106873292
0.5063372925125402	0.24934229276528214	0.24432041472217775
0.49883223500398144	0.2544879495349351	0.24667981546108356
0.4983052852225276	0.2585070458719719	0.24318766890550064
0.4956344689263492	0.25812349641822646	0.24624203465542444
0.5030235550070754	0.2525010379769403	0.24447540701598447
0.5009698192316271	0.25336169599455605	0.245668484773817
0.503716566730853	0.24882029824429336	0.2474631350248538
0.5066109601251156	0.24881873132878174	0.24457030854610282
0.5038790786151053	0.25495535128039637	0.24116557010449846
0.495303513876986	0.2567494165541274	0.24794706956888668
0.49963015441065417	0.25628126040848864	0.2440885851808573
0.5037818031444112	0.25416846125176384	0.2420497356038251
0.4981061984397878	0.25534395043217456	0.24654985112803773
0.4938579772675178	0.26024019022353184	0.24590183250895048
0.5014454206617767	0.2529276831619972	0.24562689617622613
0.4977218245114218	0.2607270202374458	0.24155115525113255
0.4933672996567451	0.26280838810243967	0.24382431224081536
0.4988870357586387	0.2531064889088716	0.24800647533248976
0.5068933294691729	0.24948515176442748	0.2436215187663998
0.49734458276165716	0.26077482655167594	0.241880590686667
0.4948870669337034	0.26062939056129425	0.24448354250500243
0.5007257458336363	0.2537950928542289	0.24547916131213499
0.49886845164739446	0.25332929491072953	0.24780225344187612
0.49555380297786056	0.26178150541299794	0.24266469160914161
0.4950016389452318	0.2583367635069644	0.2466615975478039
0.5045749982216137	0.24803407107138153	0.2473909307070049
0.4984490792057217	0.2559249077640759	0.24562601303020254
0.4971835939490731	0.26151447372207254	0.24130193232885452
0.4928517554301106	0.2589371183171837	0.2482111262527058
0.504049039073983	0.2493946438721335	0.24655631705388353
0.49763642714905465	0.2545064480054195	0.24785712484552594
0.4928093473196159	0.2625289308918741	0.24466172178851012
0.49333116517415593	0.26488882188895363	0.24178001293689055
0.49318899016606826	0.2593682284235584	0.24744278141037343
0.4974984002056265	0.25555167047309413	0.24694992932127943
0.497065522645267	0.2554516098706219	0.24748286748411127
0.5041360708097948	0.25120949801919507	0.2446544311710102
0.5006756100709593	0.2528150094977957	0.24650938043124523
0.5014176380745528	0.25629715729588937	0.24228520462955794
0.504360405484575	0.24942142347516763	0.24621817104025745
0.5001060579223136	0.25441744203366234	0.24547650004402424
0.49848355141952094	0.25396824690751074	0.24754820167296843
0.4942872317687308	0.25877023794181436	0.24694253028945495
0.500707090637388	0.2572359299003454	0.2420569794622667
0.5013206241589194	0.2524782627939688	0.2462011130471119
0.5065759416948323	0.25202140304335136	0.24140265526181642
0.5056468528773461	0.24656484891538646	0.24778829820726747
0.49897806965430636	0.2570918387825327	0.243930091563161
0.49630339755853314	0.2601864732510603	0.24351012919040668
0.49425871013979994	0.2629876972916493	0.24275359256855084
0.4930557989383157	0.2643860406430152	0.2425581604186692
0.49609941646411476	0.2582995643247153	0.24560101921117006
0.5022750444875699	0.2564002234432977	0.24132473206913244
0.4994693142892428	0.25555579703731557	0.24497488867344172
0.4979023310758963	0.2588095038601155	0.24328816506398832
0.5034243242339234	0.24872355510401642	0.24785212066206028
0.5014531036535609	0.2509366157331234	0.24761028061331575
0.5010549032844508	0.2540830372882867	0.24486205942726263
0.5007874043526432	0.2581432669589768	0.24106932868838
0.5018704930889402	0.25657482243946916	0.24155468447159079
0.49258060618270927	0.2604839156665162	0.24693547815077463
0.5063607165064257	0.24731215909595142	0.246327124397623
0.5014942856592666	0.25322422754191165	0.24528148679882195
0.5005482149620353	0.2531340429096697	0.24631774212829516
0.5038884450637577	0.2532631249158117	0.24284843002043058
0.5063445844729323	0.2454652291203811	0.2481901864066867
0.4943560044255603	0.25861289027225476	0.247031105302185
0.5063821398492958	0.2468633120431406	0.24675454810756373
0.505564883142366	0.25070804867154706	0.24372706818608691
0.5034486412065156	0.24852254387110323	0.2480288149223813
0.4967454782781011	0.25816268855498264	0.24509183316691635
0.495693799182911	0.26290268352611607	0.24140351729097298
0.5002588883122436	0.2579763868780986	0.24176472480965788
0.5049419205268156	0.24780673476960874	0.24725134470357574
0.496084011691896	0.26235156936558074	0.24156441894252334
0.5043730063206151	0.25168135997576746	0.2439456337036176
0.5058178538181077	0.2476296050014451	0.2465525411804472
0.494646363024669	0.262113979914142	0.24323965706118916
0.4940757557011407	0.2607774605576161	0.2451467837412433
0.5067005937882105	0.24967114189484874	0.24362826431694085
0.5038688162950923	0.2525486928273853	0.24358249087752254
0.5048547636648213	0.2523152465018972	0.24282998983328166
0.495114903305949	0.2595914544363172	0.2452936422577339
0.5018526555247299	0.2548330616790415	0.2433142827962287
0.49956701255161823	0.25559518600416076	0.24483780144422115
0.49516389700121166	0.25692119622061654	0.24791490677817185
0.5014378190520824	0.25314503922444603	0.24541714172347165
0.4955925110786251	0.2588703081849584	0.2455371807364166
0.5043174290142383	0.24986067671764514	0.24582189426811668
0.506183749241952	0.24771014790631363	0.24610610285173454
0.49846135382724266	0.25822409522616896	0.24331455094658855
0.4938063058400146	0.25859855089761075	0.24759514326237475
0.5057255280945707	0.2461133993004399	0.24816107260498954
0.5057333462192709	0.250063281818203	0.2442033719625262
0.49368385988262353	0.26062912032861496	0.24568701978876162
0.4969211427074228	0.26011058147565697	0.24296827581692032
0.5043197603903206	0.25055950990340914	0.2451207297062704
0.49721075221792904	0.2559628886942331	0.24682635908783793
0.4938891531679851	0.259887238363324	0.246223608468691
0.5021420343975579	0.2564566675349287	0.24140129806751348
0.49441430251076957	0.2620690260566231	0.24351667143260747
0.4982566357108449	0.25512692586571684	0.2466164384234384
0.5062388155598173	0.24610676215695135	0.24765442228323142
0.49509926077764893	0.2626617193943187	0.2422390198280325
0.4944472901584471	0.2599303509107535	0.2456223589307995
0.5012563769265289	0.25621866351095324	0.24252495956251802
0.5012484920478681	0.2527385549794057	0.24601295297272616
0.5051419815961593	0.25354091870378537	0.2413170997000554
0.4998039209846803	0.25230567277330246	0.2478904062420173
0.49897385301771563	0.2538649833842217	0.24716116359806278
0.49361381854680625	0.26035909156759834	0.2460270898855955
0.5054216125315938	0.24632668474803232	0.248251702720374
0.5057435474883023	0.25241572926085837	0.24184072325083947
0.49467319470338755	0.26255514155588544	0.24277166374072714
0.49496013421496265	0.260466335263705	0.24457353052133246
0.5011659774632536	0.2535259385095266	0.24530808402721982
0.497798492206251	0.25633660183821566	0.24586490595553345
0.5040763305491718	0.2493711792828906	0.2465524901679377
0.502068720637381	0.2518650819866079	0.2460661973760112
0.5008049868646935	0.25643444701496104	0.24276056612034547
0.500985194969474	0.2511328848308211	0.24788192019970498
0.5052802981641369	0.2527499915192418	0.24196971031662134
0.5066858931373053	0.24928100736180409	0.2440330995008907
0.4952701751856495	0.26222281146901166	0.24250701334533897
0.4947996703867868	0.2597513085835367	0.24544902102967664
0.4929659302056478	0.2588592675882778	0.24817480220607452
0.49723117437903397	0.25784577281854715	0.24492305280241902
0.5006344847504519	0.2579905982256061	0.2413749170239421
0.5052024837900396	0.2529246378372398	0.24187287837272073
0.5030954521209126	0.25434549373971116	0.24255905413937634
0.49913723292981194	0.2579004266319752	0.24296234043821296
0.5001223262192217	0.25481054523334407	0.2450671285474343
0.5034177189586116	0.2531655306608936	0.24341675038049487
0.500422976268733	0.2554444068718974	0.24413261685936968
0.5059888383002886	0.25175464714441625	0.24225651455529523
0.4980004857225472	0.2599552481815904	0.24204426609586258
0.5042320324197072	0.25007323000477855	0.2456947375755144
0.5004442581770491	0.2563213723967346	0.24323436942621646
0.500614874516497	0.25685129832755793	0.2425338271559452
0.4973027860536659	0.2588819668748634	0.2438152470714708
0.5047806525324561	0.2496969939194644	0.2455223535480796
0.5020710546888281	0.25455734552569387	0.24337159978547815
0.5038959854698228	0.2527597136058846	0.2433443009242926
0.5055741296806942	0.25012708881804147	0.2442987815012645
0.5011122843777096	0.257823092867273	0.24106462275501747
0.5011780751413434	0.2523480193767593	0.2464739054818974
0.4969396153061066	0.2573028694331405	0.245757515260753
0.49563602851468136	0.2567974635232148	0.24756650796210392
0.5044875799622379	0.25439517448195614	0.24111724555580608
0.4954547103648951	0.26151912594253546	0.24302616369256952
0.4951478526235404	0.257849131543023	0.24700301583343673
0.49283984936488756	0.2641993805409687	0.24296077009414382
0.4956266342231305	0.2590727537707802	0.24530061200608938
0.5048779266997379	0.24796094479588265	0.24716112850437966
0.49707259642833845	0.26133629771736355	0.2415911058542981
0.5052561382109901	0.248320422088677	0.24642343970033298
0.49560732502140736	0.25825571594494595	0.24613695903364677
0.5018001311091708	0.2521504012672387	0.24604946762359065
0.4953772829056273	0.26079347461516866	0.2438292424792041
0.4959860441056308	0.25834824030139253	0.24566571559297676
0.5052961002308349	0.24956785597419473	0.24513604379497045
0.5054738523191027	0.24844192001680412	0.24608422766409332
0.497010067427575	0.2609518255006852	0.24203810707173998
0.4975360911880703	0.26016377305620136	0.2423001357557284
0.4991641354347408	0.25836681131931766	0.24246905324594165
0.49788583467786374	0.25739379537286955	0.24472036994926677
0.5041969460292982	0.25272533990681034	0.2430777140638916
0.4959708707719211	0.2612704398909075	0.24275868933717154
0.5008365909529435	0.25298105352080813	0.2461823555262485
0.5063306629935677	0.25158153407548056	0.2420878029309519
0.4963622109710831	0.25792560820776567	0.24571218082115137
0.5011253629367314	0.2561814810658125	0.24269315599745622
0.4965265246191225	0.25778411685128444	0.24568935852959312
0.49979878534758415	0.25906902086648986	0.24113219378592607
0.4943501887169496	0.26413248749644064	0.2415173237866099
0.4963403035950341	0.2616563291774362	0.2420033672275298
0.5007182921329634	0.25439119053106973	0.24489051733596706
0.49984217754784177	0.2521815495184325	0.24797627293372584
0.5027794898832609	0.2507005861245023	0.24651992399223685
0.5045854421983802	0.2512974303038381	0.24411712749778186
0.5060711368159363	0.24569067861515664	0.2482381845689072
0.5047386043046382	0.25347840177172154	0.24178299392364028
0.5035956119408567	0.25033405023162203	0.2460703378275214
0.5033315837962871	0.25526948790770093	0.24139892829601217
0.5001579146943156	0.2519951376112637	0.24784694769442084
0.4970130294363221	0.25524393459209116	0.2477430359715868
0.5053790211318447	0.2528798845097221	0.2417410943584332
0.5032919188889304	0.24927966545699334	0.24742841565407633
0.5027545835548803	0.25340289640744057	0.24384252003767912
0.4947535862907814	0.2587280357394373	0.24651837796978135
0.4927190409248025	0.2607837950648317	0.24649716401036592
0.49974213717588045	0.25810212478746375	0.24215573803665588
0.4944408884826783	0.2616924661057266	0.2438666454115952
0.5009087743177645	0.2529608601795346	0.24613036550270095
0.5059069999104548	0.25245395830888295	0.2416390417806623
0.5022072943384601	0.25425786783600146	0.24353483782553847
0.5022685541065408	0.25431372164906413	0.24341772424439517
0.4998251666413393	0.2588465054091027	0.2413283279495581
0.5039321234670244	0.24792583426770753	0.24814204226526815
0.4969521450672604	0.2563966063211759	0.2466512486115638
0.5042425356178672	0.25298361981944417	0.24277384456268875
0.5058360163033884	0.24923530115496279	0.244928682541649
0.4955415472029298	0.25674697867921337	0.24771147411785693
0.4990632574463385	0.25710120400248376	0.24383553855117784
0.494899737295711	0.2630083728208288	0.24209188988346034
0.49702298105197346	0.25634616012125006	0.24663085882677654
0.5015761521975881	0.25457414415894974	0.2438497036434623
0.4972735120791556	0.25645374248999825	0.2462727454308462
0.49469857306554466	0.26195447114283427	0.24334695579162116
0.49875248819704243	0.25973901395824783	0.24150849784470987
0.5031480955648935	0.2545452484054212	0.24230665602968543
0.49981910934867935	0.2558866636711143	0.24429422698020642
0.5013872768941365	0.2512325612075824	0.2473801618982812
0.5023089015330253	0.25581055513943796	0.24188054332753686
0.4939490583171179	0.26358470378397303	0.2424662378989092
0.49533739791461434	0.2607796129091684	0.24388298917621737
0.49777835004640947	0.25804004407920383	0.24418160587438678
0.49909889597144996	0.2529553123208438	0.24794579170770634
0.5069801924238514	0.24964459620299645	0.24337521137315227
0.5016402761925016	0.25593698865475256	0.24242273515274587
0.5023331938041877	0.25381815337322533	0.24384865282258705
0.49731337551321064	0.2557113248206458	0.24697529966614368
0.5024217973760243	0.2537619775372896	0.2438162250866861
0.5047437575605482	0.24949450015628893	0.24576174228316292
0.5065587033619263	0.25179050420235116	0.24165079243572263
0.5025074026134105	0.25485390131433927	0.2426386960722503
0.5039170072205443	0.2546616218748476	0.24142137090460813
0.5001902664624097	0.25479408986355	0.24501564367404036
0.5013166948778884	0.2550557046055979	0.2436276005165138
0.5063105844508804	0.25124948643136574	0.24243992911775403
0.4959964413399166	0.2601436448866634	0.24385991377342012
0.5031364218516259	0.25049183694771926	0.24637174120065494
0.501490161334989	0.2544076765960127	0.24410216206899832
0.5004987140075615	0.2582748059449097	0.2412264800475289
0.49671842020586743	0.2586555625184517	0.24462601727568103
0.4966151666286409	0.2602143057663381	0.24317052760502111
0.49767462732859646	0.2550719683891963	0.24725340428220738
0.49389513361826115	0.25956486269727475	0.24654000368446422
0.5030321365968133	0.2517025491899024	0.2452653142132843
0.4951151108929229	0.2617655198245048	0.24311936928257244
0.5057703840802428	0.2520714270237162	0.24215818889604115
0.49799891500796645	0.2585691749848427	0.24343191000719092
0.4985145635391405	0.2583450144970244	0.2431404219638352
0.5025316052644203	0.2537258664775168	0.2437425282580629
0.5020669925727292	0.2523693992923901	0.24556360813488082
0.4972345862021067	0.2598144351086671	0.24295097868922633
0.5060769937855263	0.2495340588572828	0.24438894735719097
0.5008551324436062	0.25641781326514257	0.24272705429125124
0.49430375590479675	0.2580180428031157	0.24767820129208767
0.4986879024060433	0.25743343302215316	0.24387866457180363
0.5058475427174021	0.24832767982723183	0.24582477745536624
0.4961421889298133	0.25749550624501755	0.24636230482516924
0.5005676726870885	0.25714497552371723	0.24228735178919436
0.49878797624805987	0.2588785538869022	0.24233346986503806
0.4971866244450809	0.2557967525028889	0.24701662305203032
0.49776645669447706	0.2542085136047165	0.24802502970080648
0.4936751805630867	0.26433834791553695	0.24198647152137648
0.5009688972829116	0.25188215085994275	0.2471489518571457
0.5050172016468093	0.25124607008002475	0.243736728273166
0.5020745901587567	0.2529276379569455	0.24499777188429783
0.49637754176677407	0.2560418858813559	0.24758057235187017
0.5063326854552236	0.2501792269709744	0.24348808757380214
0.5021973568816127	0.2559717484247347	0.24183089469365274
0.49768272367009586	0.2608697291091226	0.24144754722078166
0.505198125181934	0.24693877429542202	0.24786310052264413
0.49387866614445897	0.2587842656352608	0.24733706822028034
0.506109122426713	0.24816735818714133	0.24572351938614578
0.49795141304340484	0.2541405888762054	0.24790799808038988
0.5058192104974837	0.2517462753667784	0.24243451413573797
0.5063413656129994	0.24850713799700008	0.24515149639000064
0.4985540148425526	0.2548971342297419	0.24654885092770557
0.4948779223761599	0.26148641913152515	0.243635658492315
0.5015651566179598	0.25697767239820524	0.24145717098383507
0.5049191728759701	0.2473200537576028	0.24776077336642718
0.49981211450674773	0.2520508534864472	0.24813703200680517
0.5020429900741465	0.25295845675163897	0.24499855317421457
0.5023913973510128	0.24987183100243382	0.24773677164655353
0.497397336685363	0.2552599883936536	0.24734267492098355
0.4963921135596818	0.2561018739740483	0.24750601246626996
0.49731775739032835	0.2612983004781448	0.24138394213152692
0.49328468428049294	0.26001037380954456	0.24670494190996262
0.49676494817476147	0.2597477761662763	0.24348727565896233
0.4999034130864364	0.2580730826250481	0.24202350428851568
0.5047763349106646	0.2517609670816888	0.2434626980076466
0.5019045459023344	0.251246239063426	0.2468492150342397
0.49446496827402986	0.25744463908705906	0.24809039263891117
0.5063515083499459	0.24989363963439237	0.24375485201566174
0.4984732430159116	0.253892853975758	0.2476339030083305
0.4986309594648834	0.2600886305429059	0.24128040999221084
0.49697430032439643	0.25555431629822534	0.24747138337737834
0.4932393181070228	0.2625354861055773	0.24422519578739998
0.49803244918502615	0.2550301812074263	0.24693736960754767
0.5023758642809628	0.254435395802058	0.24318873991697934
0.4936635075097501	0.2625757040172198	0.24376078847303023
0.49358659097255586	0.26391757068177424	0.24249583834566996
0.4957178984677687	0.2572708225537892	0.24701127897844216
0.498428421034612	0.25462005904348045	0.24695151992190767
0.5006042690801655	0.25183214644008334	0.24756358447975121
0.49883414152055394	0.2590293039223935	0.24213655455705269
0.5001239600291716	0.25690603607666923	0.2429700038941593
0.49425463031350547	0.26017954837065854	0.2455658213158361
0.49297857525603395	0.2658080615340959	0.24121336320987025
0.49532580458162734	0.26269389741670307	0.2419802980016697
0.5038564638564716	0.2528350502250357	0.24330848591849275
0.4926303607911582	0.26560765494114624	0.24176198426769563
0.5021483429130665	0.2519486632662059	0.24590299382072767
0.5051004795001126	0.25343829773509563	0.24146122276479196
0.501155094100125	0.2544459871238143	0.24439891877606074
0.4976970887804812	0.2572685429761037	0.24503436824341523
0.5013586619396384	0.2536149009584431	0.2450264371019186
0.5003281018935455	0.2545213777646103	0.24515052034184426
0.4980204519363222	0.2606352064585731	0.24134434160510482
0.5037187963158307	0.25400418981093925	0.24227701387323014
0.5048047104553235	0.2499851801835397	0.24521010936113696
0.49689041556243013	0.2570507171628136	0.2460588672747564
0.4946671670611517	0.257608615157817	0.24772421778103138
0.50323324968233	0.25303023947613323	0.24373651084153697
0.49488327106429286	0.26256044471919665	0.2425562842165106
0.49372464398169735	0.26490592368952803	0.24136943232877472
0.49295355497151533	0.2650029236198472	0.2420435214086376
