0.04774542570757546	0.11854304964340284	0.08349146544478667	0.03239655581731089	0.10767540139328174	0.19848723319113987	0.06859034800804258	0.02481567111447512	0.22614136535061025	0.09211348432937463
0.03988960740788937	0.11842349192572443	0.09884749802030791	0.036458065850915364	0.1272244869969687	0.1773751632816271	0.06046291041194926	0.024413951125852096	0.20759617065856928	0.1093086543201965
0.03942979015187363	0.10942836304806959	0.08688754506923897	0.026024296501921895	0.10446081891076321	0.21255017242197893	0.04561075633720741	0.015051792427124164	0.2482546585412015	0.11230180659062064
0.041230738687773806	0.10706435261505919	0.08275011805848695	0.04694838574668873	0.12519849485694445	0.17431532993484772	0.05988201493429229	0.02648130376172525	0.22286429287244053	0.11326496853174114
0.04213562747619552	0.11284322942671565	0.10074395864280546	0.03405257077308639	0.11648400409885283	0.22231860983659063	0.04673573990811585	0.014774297976252876	0.21014950787836706	0.09976245398301768
0.050251326974383344	0.10204267403719981	0.10801638965249892	0.03228696908267016	0.08669599845388751	0.1996262633082571	0.05627344124907334	0.020221936113312633	0.24452179900890486	0.10006320211981232
0.042562889126784034	0.11799147318587803	0.08072727611100605	0.03362485879735175	0.07923568928611979	0.19244388538699045	0.0644719305086196	0.020643145640632535	0.2624721884921396	0.10582666346447811
0.046046665781389155	0.12602035844142181	0.11252654843253936	0.026997113337162884	0.09251009146806075	0.17809142436890213	0.0701312093379647	0.02368259688414852	0.2387368242894375	0.08525716765897315
0.04919619158706294	0.11393039758399438	0.09740733991556474	0.032620705632862276	0.10121461299470641	0.19017762570730656	0.05935239869567169	0.017007783123830708	0.24669953968123387	0.09239340507776637
0.0497843939471766	0.11709693696867582	0.08945447311842089	0.03844601145687151	0.11930916613766351	0.1948821527627422	0.05198762787493632	0.017251148933169147	0.20741649773479393	0.11437159106555006
0.05076951416377296	0.10717134057921979	0.07746771981399492	0.03399974300323924	0.09524999042948154	0.19923537293627258	0.07729617431890512	0.013836681454737279	0.24723532040318819	0.09773814289718837
0.056839464473628684	0.12941313833443435	0.08494122412106254	0.03000572469434111	0.11932993938750111	0.18787342004190427	0.07679559908516455	0.023154797114426542	0.19937837159474736	0.09226832115278942
0.038941845520149225	0.1288958822626132	0.08999162887339383	0.035021214753211086	0.10385242045392586	0.1878483075290822	0.05303242944725106	0.014013989103051752	0.24831806505826953	0.10008421699905229
0.052570946587912025	0.10725094181471277	0.13226202306468335	0.02950975572830028	0.10983831521646825	0.18337609693541623	0.04736736187790531	0.014401556294336454	0.21811514357238657	0.10530785890787878
0.04361595553205774	0.12624366500315443	0.1082576286106728	0.03828050717761929	0.09476593900904293	0.18614944381807977	0.06977900926293559	0.019250460725876717	0.2188883053550284	0.09476908550553229
0.043304096990837246	0.10407711803804924	0.0818786466351577	0.038979291921302624	0.09945608378858599	0.21066850626651734	0.060305676729769206	0.013519579068050527	0.2483785566202114	0.0994324439415187
0.04168285568922899	0.12684996519186303	0.10094799847801345	0.025293639559054573	0.10407947783693815	0.17422149667709536	0.07210990103069148	0.022061409824009587	0.24891269226614643	0.08384056344695899
0.04473987534916331	0.1288826133921036	0.10743622308541355	0.03473075997143432	0.07731610257782545	0.19160381342390875	0.06222626332131541	0.01723067784642318	0.23311241756745216	0.10272125346496022
0.04959983297260129	0.12983565929890992	0.09880876388544405	0.04459421434799621	0.08180443094194527	0.1986877364750192	0.043455374973221786	0.02005828757374699	0.21562491672784642	0.1175307828032689
0.04969506881043473	0.1288819999420004	0.10135835103143426	0.04336369285889196	0.078092357744836	0.22364591270217532	0.040347324848826506	0.016957386324832874	0.22337196990652472	0.09428593583004324
0.05448155218752374	0.12442326584028995	0.08804185575595472	0.039556885980655446	0.10401466050952571	0.2082378298088048	0.04460672861450146	0.018115011576674125	0.23170482832535694	0.08681738140071313
0.05107836311080367	0.09853617425520685	0.09592429489474111	0.031486896053479624	0.09807097274824154	0.1863139757253135	0.062439992574094175	0.023404138520487117	0.23575259495493994	0.11699259716269247
0.04464503117847618	0.12397270463178367	0.10585120713103573	0.026601933611766146	0.09983903278999842	0.1781523498467187	0.07383514261434931	0.01966189593821782	0.2338580678554965	0.09358263440215751
0.0566125877724408	0.11377570994306671	0.08594690377771963	0.040801627521696596	0.1143101351074441	0.2004680908100407	0.056051144975840406	0.015074424347654936	0.20023505161727434	0.11672432412682177
0.05112526969810554	0.10127655756312164	0.11842802040183902	0.044841413088507774	0.11634169255289596	0.1921288516372821	0.04878958571493853	0.026300331850563255	0.20039664906361188	0.10037162842913427
0.04045485953658128	0.12962847960684373	0.10775405464105187	0.033021651856578044	0.09413605801987701	0.17767883175553867	0.046760189946927676	0.02692068294754385	0.25462642204401065	0.08901876964504733
0.04078689369963918	0.11995094854594684	0.07617066563264624	0.024901715543259748	0.07785585575065139	0.22330506285727375	0.0697882246333495	0.02387779343905974	0.2318215804266412	0.11154125947153236
0.048207276223807674	0.12543353124813633	0.10104048564466891	0.035086794953588255	0.1018650445552551	0.18701985720648218	0.056195050986273046	0.025984574184800588	0.22912423072286847	0.09004315427411942
0.042194237838736444	0.09792729475791379	0.07562521359057688	0.04788686823212931	0.12796306597648055	0.20873902848459375	0.05982901720686517	0.023565205362080135	0.20235230017383454	0.11391776837678945
0.05637560808265639	0.12004672830929376	0.08903719398225139	0.032911604663766886	0.11554220240800522	0.21962748517517555	0.0431308432311551	0.014277943439738039	0.218339163579791	0.09071122712816668
0.038852133637479636	0.12587368017979136	0.07858499397650574	0.048156820519240744	0.10029192672787107	0.18091361677632725	0.07235124595302184	0.02614783969317687	0.24451445347095846	0.08431328906562707
0.05320356621605022	0.12254139971468353	0.07320999199128461	0.03770818468737592	0.11195279037048378	0.18789324875630464	0.03957368030102334	0.01787809003216885	0.241719997078772	0.11431905085185308
0.049451635697454005	0.12455504741720898	0.1159337435860324	0.0334153961841365	0.09815802066663196	0.18820909566200072	0.06872708527243981	0.015069752027124655	0.2045004357292837	0.10197978775768729
0.052270031545069436	0.10073573563743599	0.08470347517672373	0.02523791081173285	0.11375909721414382	0.21829296957339575	0.06204034466044622	0.016355386689146337	0.23746378149616598	0.08914126719573989
0.039981938347304305	0.11310761278204648	0.08177937820782882	0.033351833917944856	0.1257700361350409	0.18242447695215885	0.058129035571394656	0.02136236521569422	0.2451075065979012	0.09898581627268571
0.04364004391588685	0.12075415264424845	0.07853247354207903	0.03727704233462792	0.10548711614171111	0.20116034098299065	0.05936513827785071	0.01952768840759775	0.24257131185530645	0.09168469189770106
0.054310733452440474	0.12924119667770995	0.08606113553027489	0.03364021713004024	0.11956209569069508	0.184281832279382	0.04856153351641669	0.023398475620381984	0.23469902467330994	0.08624375542934876
0.055538031211896086	0.12036497315016446	0.09881060903039851	0.03886022062882044	0.09251219998539678	0.1762525377166858	0.06964829854172026	0.017454741260972823	0.23663217606476417	0.09392621240918067
0.0555478165160563	0.11541760586031109	0.11827659459701277	0.02679131805553732	0.08096767404896163	0.18448823759888205	0.06417653759855504	0.025631126044826966	0.22767268727607354	0.10103040240378328
0.05316398487669269	0.12182892939824662	0.1381455483238421	0.026460522850842175	0.07650589057518951	0.1873048081175238	0.054870069062903745	0.020437705537452097	0.21635659283944234	0.1049259484178649
0.03878412974149254	0.10646868709672262	0.1371247032350849	0.02587179017596103	0.1253966305250121	0.1762230132012284	0.060707632374839185	0.020163132213962015	0.2114779118574313	0.09778236957826593
0.05573131448278431	0.12811621853103394	0.08164414799124703	0.03988159230077759	0.08969093846799668	0.22532859339736178	0.06590586256670375	0.01852135847420612	0.21172256044806304	0.08345741333982579
0.042336972194462225	0.1261352093953329	0.07938389272011964	0.031169908147782865	0.09028451086781396	0.20651412202372332	0.057365210152907034	0.014950123214097624	0.23502244732666167	0.11683760395709876
0.04656342328985521	0.12933446075553068	0.09521613279715285	0.04184111797862369	0.09665607280930334	0.19738958592846328	0.04127459173704652	0.014115362769881068	0.2303252191181407	0.10728403281600266
0.04081572440125757	0.11230141124244844	0.08394792708278145	0.03459067222766678	0.10740364647783798	0.20263363819526733	0.053459246573746025	0.016251770446946368	0.2548993564302008	0.0936966069218473
0.039770531264468924	0.09928202160578475	0.10151076465773737	0.043742773812038234	0.08624021399496624	0.2019596044343852	0.05601703023404659	0.025451828165778748	0.24051091733275148	0.10551431449804247
0.042897925927980876	0.1212393175816758	0.09838072561665628	0.03672133002517672	0.12182805173456412	0.19404760495302667	0.03921578739065336	0.014919113596240083	0.22890831948436313	0.10184182368966294
0.04556397075952878	0.10282000590675618	0.0786748359811073	0.02692023100524496	0.12749255185804187	0.17726237792584576	0.061199356432921216	0.02422292204535012	0.2620474417021388	0.09379630638306505
0.04520653793162062	0.12708053955237847	0.10209946547537568	0.03237086430174617	0.08994892137301792	0.17206570334539217	0.0704631422662871	0.019154189031946725	0.2539219358749313	0.08768870084730386
0.05013843824879217	0.09983497541249976	0.14099110589344635	0.02682825352590161	0.08893490519025826	0.20604037012735613	0.041382798779321696	0.020957190847912824	0.22478989664489674	0.10010206532961446
0.04939653994090552	0.12254942547565038	0.09879193842857557	0.02610971332169991	0.12317891008959284	0.19317910313960968	0.057412055152479206	0.025191210144750273	0.1981339308736782	0.10605717343305845
0.04900084219399144	0.10564125584295608	0.12520577462577698	0.03509077384030841	0.08424947343612757	0.21453965626740334	0.0627621189999445	0.017739082933041994	0.21476307297405478	0.09100794888639488
0.050082012292059316	0.11372952717341756	0.10198300481299857	0.04039251288036318	0.08523912515951305	0.22105348797175256	0.04355376716543918	0.015960995298472766	0.24210213497709382	0.08590343226889
0.03953475227049475	0.10695247162124462	0.13592885412838246	0.03654414733720342	0.11266389770125654	0.2002536443651971	0.04016580720604529	0.025611896666775172	0.21316243181843741	0.08918209688496326
0.0498727815374807	0.11594713258248016	0.13908173379448355	0.0255600843903937	0.07652497754493562	0.2155502535240395	0.05602290924455481	0.01816712485813353	0.21022023032138215	0.09305277220211633
0.04479519043379363	0.11412143333778133	0.08119732155197928	0.036965359355965635	0.09645217184969786	0.2261900674197817	0.052678303019363916	0.015383844570933364	0.22813231598433054	0.10408399247637279
0.0532416599649526	0.12402540131967968	0.12108426024987501	0.03364970398658679	0.10308518988843905	0.1983207779809002	0.0450479637611153	0.01981319553027662	0.2115052007550034	0.09022664656317135
0.05412151497829293	0.111781680124535	0.09716654670272476	0.02849162976432351	0.1050273640311253	0.19182833582675116	0.05889679346922788	0.02021644070585875	0.24607526186248807	0.08639443253467262
0.05593815764566364	0.11850374120553284	0.09187184871715576	0.03336243771740385	0.08855018198445853	0.2115829958985607	0.05679705290686564	0.023725458372199484	0.21998244554029237	0.0996856800118672
0.03942179085893924	0.12609138872770748	0.10187491026603937	0.030008295947260663	0.0825001210022335	0.19170748104648327	0.043528554544747196	0.022760221985947154	0.25966464778970316	0.10244258783093896
0.049555698820804656	0.11209745285862538	0.10756090735297334	0.035878017981096466	0.09090898940291431	0.21258469389691392	0.06610625489046953	0.020933876908752577	0.21732497503607517	0.08704913285137458
0.04862309501062763	0.1043251049701427	0.08839318527677474	0.036234200955821624	0.09302461081202722	0.21424018284030982	0.04702286743895126	0.025143400060995788	0.24869934002904187	0.09429401260530733
0.04904642010696981	0.11297988389288985	0.14187066724402558	0.028164379009827475	0.09441349080224606	0.17851320708426413	0.06386100025048441	0.01995176881948861	0.21128365344989744	0.09991552933990659
0.04375885138007804	0.10142438137145877	0.12673018071300354	0.03155066296884376	0.07965822899078426	0.21498867219990803	0.06514603422173036	0.018178693408464897	0.21232789376856676	0.10623640097716162
0.04354863324905813	0.11620248391213853	0.08015465697121245	0.02790871654802883	0.09199305577361411	0.21079598904204128	0.07678561392931971	0.018267356416205208	0.22226682545779664	0.11207666870058511
0.04671464803363983	0.10038533225252123	0.11731877609622055	0.04257933479564461	0.11698627486633781	0.18435683585611495	0.04873079777721134	0.021004507915327597	0.20309707504611316	0.11882641736086888
0.043338684520156885	0.11463625088175973	0.08268477690623645	0.035014522980270024	0.12297378090997262	0.19829668100057726	0.06721101029943416	0.019102379234093747	0.20283665238312693	0.11390526088437221
0.0428436085679215	0.12887295802233145	0.08879574313806102	0.026308106045105695	0.09529403371239085	0.19300394184818115	0.07733302671861889	0.01951118787649926	0.24461248941450908	0.08342490465638108
0.0388322661812915	0.10220422917197718	0.11906578756936509	0.03762506433131745	0.0766714884336713	0.18135029864485822	0.07581357421083845	0.019432725655870897	0.26091264299533357	0.08809192280547636
0.04263072829543152	0.1117813436132073	0.12404010345348204	0.028176537193190118	0.09890326088377818	0.18457902173543575	0.06768097702439552	0.020797423186558597	0.21410866890439423	0.10730193571012676
0.04056118585942402	0.10726756772076158	0.13364248927427236	0.043199036915640816	0.11738996204638183	0.17424421137320936	0.06157836651758126	0.015587739800113506	0.21633207715886232	0.09019736333375296
0.040811217957828466	0.0990728510108016	0.11408539687086107	0.04195161082786719	0.078974320288021	0.20016612161516828	0.06590551498439606	0.015018279851036417	0.24011172709418416	0.10390295949983577
0.054105078367715095	0.12053450653637188	0.09734863894467606	0.045527923297325884	0.1142832004480358	0.17312475971500557	0.04687852601522717	0.022258276221039888	0.233582032773001	0.09235705768160164
0.05115940047187104	0.09922621982588536	0.11211136314418549	0.030785299521642343	0.08993677452063534	0.19176427897787085	0.06895686051304217	0.023971090322297578	0.24141538885746888	0.09067332384510093
0.04112466953945463	0.11385301496261499	0.13694134750321896	0.03794078568494565	0.09985167885873661	0.1996309791003314	0.051875464222090446	0.020012046908260264	0.2043104184056848	0.09445959481466225
0.05529499123428455	0.10822183147784183	0.09489127018186601	0.025649515053703692	0.0803893685122196	0.1858555972250598	0.07480008729520854	0.024469662738264383	0.24638006047079775	0.10404761581075389
0.049993720997538973	0.10612838162819585	0.11886678461299234	0.030907832654765155	0.09873233513599239	0.2135344976502241	0.07492564076442079	0.01796810456674701	0.19928266924375726	0.0896600327453662
0.04531878525721573	0.11994485184492974	0.07347492790772964	0.04352580443347949	0.08124159562400796	0.22039615009693359	0.06079296129210056	0.014655279513392502	0.22378600907525975	0.116863634954951
0.0513559284504025	0.11568407228262263	0.1181373143011945	0.02744027209850082	0.11117354843337246	0.18628274314376936	0.07550744462680556	0.019948144746826282	0.20342040816164214	0.09105012375486371
0.052367906054717105	0.09987083409595912	0.1260688751087359	0.024487841027620097	0.1228791359365474	0.18123825097233695	0.04246419481393777	0.025528772744551315	0.22592198752852988	0.09917220171706442
0.052212279750566366	0.1115995965519485	0.10447531097390633	0.0373122774983239	0.11622879149991733	0.18918341607912087	0.060573270984533786	0.022580851097838556	0.21594231373703687	0.0898918918268075
0.053341114131551265	0.12995159352651253	0.12145660734848232	0.028860325702200915	0.09742056833719243	0.17964328908557883	0.03973423073814424	0.01861012058542859	0.2441731164826838	0.08680903406222512
0.03961225696275362	0.11654629331236285	0.11298603608128416	0.03646468456993798	0.10344010612716584	0.20711075793828587	0.03895134481812471	0.025023548581495192	0.20209128624425518	0.11777368536433461
0.049148107162552454	0.10857053789722806	0.08376951453774836	0.03774915073591361	0.08506707678908611	0.20492874499952624	0.06351546686521509	0.019180976965975052	0.23020938481499786	0.11786103923175723
0.04600425517406124	0.10889823395155315	0.08143415819964371	0.04558727567120047	0.0876842256596177	0.20603041720578208	0.059703098761059996	0.02070600691356246	0.25656803700191205	0.08738429146160714
0.04691925262916854	0.12152867295882734	0.11142185509944362	0.0418641977982695	0.09661067745217189	0.17834707706155065	0.058016815802131944	0.02471675934671233	0.229816868539853	0.09075782331187118
0.04838306366692365	0.11203021341046354	0.07973645257395216	0.03916169312444563	0.12794627872485417	0.19832332692881185	0.05335126788173914	0.014908821154594895	0.21120979844648824	0.11494908408772671
0.04443102844375819	0.10986072902371588	0.12765175971748113	0.025609347329154666	0.0954080590458495	0.20815633055504223	0.05189062052531845	0.023196397462080173	0.22979561133353577	0.084000116564064
0.0421017979859374	0.11998497430448285	0.11340426943067759	0.03673664316242996	0.0774495347869469	0.18086780375980954	0.06370859781701865	0.016510808406695943	0.25866010557458036	0.09057546477142077
0.054423550018358746	0.1009707899856379	0.13346510892713154	0.03238655994475864	0.07643160114777206	0.17419051975151117	0.07193741379945139	0.026401254030705756	0.22326113895746322	0.10653206343720957
0.04663500146033171	0.11321715203496388	0.11619790033103142	0.026006132079428854	0.10752637389560235	0.21730334674022922	0.05578389613999882	0.023032822388348667	0.20560704289100493	0.08869033203906014
0.055470918486504144	0.11493137494644683	0.09659075844672484	0.047357791055631954	0.09448548406211932	0.22216469117660037	0.04138870539843612	0.020529512377695014	0.2047976002876437	0.10228316376219772
0.05332644119557731	0.09858256947981278	0.10246876021639398	0.04222226783648163	0.10027352043134612	0.18990938240532562	0.0617489154060369	0.023661652976319947	0.211723490834276	0.1160829992184297
0.045116830556599805	0.11363134871991074	0.09211961157491916	0.03076728383110748	0.09418510064685028	0.18928282521354653	0.06406102819393009	0.02388275122105246	0.24125733589614146	0.10569588414594207
0.043334477142744174	0.10655394424282816	0.12819456709333918	0.03880631979882531	0.11322732020090918	0.19266141639340062	0.041580346095123226	0.013948187538970563	0.2050200560130058	0.11667336548085376
0.053317439231969556	0.10603371909880255	0.11108351912614498	0.04718622023003696	0.12172453727042007	0.17557462185874603	0.04195368665537049	0.023335992977710537	0.20996200497282314	0.1098282585779757
0.046089379315230924	0.1156031592446054	0.08561217207144098	0.035256221778676336	0.11198733715589296	0.19558205797848044	0.05884341653331166	0.013599066243304106	0.22474264956539444	0.11268454011366276
0.0509177516850784	0.1136820893389592	0.09814228874470426	0.04751133789924085	0.11006959620412263	0.19819340841095273	0.05340462236072799	0.014052631531271079	0.22900672918629933	0.08501954463864352
0.04563963947631457	0.12497238760990365	0.11814938587852922	0.04482590203864558	0.11670831019312172	0.18585610193288243	0.050173665302860306	0.016210401125120538	0.20348037615065026	0.09398383029197176
0.04347803963885735	0.11302437430307154	0.08066977937614131	0.044716407450484205	0.12507034914691545	0.2024947594910021	0.04138295116992364	0.02315428644586337	0.22887661368824136	0.09713243928949972
0.04643170292617483	0.10327956925214814	0.14063638039857218	0.03838028410368241	0.09755225326448977	0.1800795361673323	0.07403794940571179	0.018446386247582464	0.2143063312290368	0.08684960700526935
0.052567620417509744	0.1176263096042712	0.11112246449475681	0.04832217635910842	0.08111618534486373	0.21163482201502665	0.04449565481361413	0.015663974141677917	0.22218122220647102	0.09526957060270042
0.040285164085641326	0.1027011205032293	0.0860464790690091	0.03214229809000051	0.10878183069111663	0.19358844285772436	0.047080141714176724	0.020194683201476382	0.25622432619497815	0.11295551359264748
0.04556484363499942	0.13043422918698455	0.08505549767336594	0.03447824682066826	0.08142517570733832	0.2184359909005057	0.040275659795194	0.013791081678757297	0.26007352644289755	0.09046574815928898
0.03896037944353841	0.12408766853047228	0.0908536881351684	0.034832194512678896	0.11835348148134292	0.19135063845096822	0.05367703130510846	0.022647423405374192	0.2268394344588116	0.09839806027653664
0.05684267143063869	0.10545711571209515	0.10995111655522691	0.03240453499555343	0.11014848094524816	0.18191739535419055	0.06533097647547861	0.02645179391222302	0.20239000542633326	0.10910590919301226
0.05688590328266838	0.09790066975993221	0.0859524113031567	0.03246760299045498	0.08679317710107004	0.22430246330388082	0.05143880236600749	0.016117833483086125	0.25273204539904814	0.09540909101069511
0.04493115188615687	0.1173626256165374	0.13123070378366664	0.029689621242336997	0.08168809170925206	0.18057631035564892	0.05891622683465971	0.016479713523316647	0.25286046783902505	0.0862650872093997
0.04949143677955478	0.117037922235564	0.12361559636579242	0.03919725616924596	0.08651738176241167	0.18409148070103373	0.05939794185273392	0.020881173931014935	0.228069145950074	0.09170066425257462
0.055944353338763006	0.13052204655336863	0.09044910369134614	0.02918553746836461	0.1079602365918455	0.19526872905448708	0.07496282750640303	0.01895341763453512	0.2109315472708011	0.08582220089008577
0.049978697831966706	0.10379390583793324	0.0820003266898639	0.03556433469618507	0.09533225361313022	0.20745957483300348	0.04247623835402291	0.022222268816632654	0.25460354694900655	0.10656885237825525
0.042576921142890495	0.12804535187603605	0.08854047904564814	0.03130795641501659	0.08631604913814739	0.22161399703905846	0.04583875166200257	0.01816796063159966	0.24282205484239872	0.09477047820720196
0.043779703495944726	0.12517830221323617	0.08565653476933424	0.02568591852242598	0.08954494584485467	0.21007909954349163	0.04585914271702814	0.021086971735071985	0.23741866711132875	0.11571071404728372
0.046356147836433895	0.0990243934334036	0.1170495100710619	0.043962989088715904	0.09177449388990001	0.21370518129505295	0.05806553933726942	0.02490853477848759	0.19653999426305702	0.1086132160066177
0.055379800549449174	0.10688874061736542	0.07335147049603308	0.02566563510502519	0.08180328324985833	0.21564014737038403	0.05855016981747514	0.024040145177811292	0.2424022408897481	0.11627836672685023
0.043952483721013146	0.12877111533242286	0.09162536537455518	0.03052695042548853	0.11283754717352726	0.2209407910152233	0.04796666293326829	0.022480389174180687	0.21163807756516456	0.08926061728515619
0.04033442451027713	0.10913130791506798	0.1075265436811093	0.04820755469535062	0.0851027697649166	0.21130681416477926	0.06757490579494961	0.018738737384870793	0.21758511755803991	0.09449182453063885
0.04733717874309371	0.10675513306208972	0.110698393872076	0.029716767801496527	0.0887494528702057	0.20197299917273598	0.06050989470985815	0.016162126696405626	0.24368221066458717	0.09441584240745139
0.04030542538765422	0.11261039602237785	0.09810952193126592	0.026424160131823096	0.12523134018204635	0.187176675538584	0.04090390110904241	0.02538730571949263	0.22828167637380964	0.1155695976039039
0.050950985724472445	0.11013843159528833	0.14282748246362903	0.044257716704623605	0.11079982333872894	0.17362363955827567	0.04456419393241324	0.01392751018937069	0.22317667174384875	0.0857335447493493
0.046781445446530935	0.101247280370249	0.11331967047023508	0.029608116841969387	0.10326756208638388	0.22474987725216203	0.05083955996481731	0.025373090906908632	0.19961059465001224	0.10520280201073154
0.045392003790492165	0.10131094453458164	0.13592463117361964	0.033150326899176547	0.10535396594247368	0.18002188810185035	0.052959607087427106	0.02339288095841495	0.2229021518346567	0.09959159967730724
0.03890795361080414	0.10864822466502998	0.08874604738150832	0.024943738839642612	0.1063215970242644	0.22478579586439804	0.06719034231690564	0.017081095860890932	0.2278956502510721	0.0954795541854839
0.04509352455136301	0.1204448534879972	0.13335549363878374	0.04141789767642467	0.09790914983955477	0.17281506139860706	0.06423503202762777	0.016548869158230006	0.20840085376565062	0.0997792644557611
0.04227635454617162	0.12139390765886299	0.11230946307485541	0.03920531022553958	0.10402254007487935	0.17832517735519637	0.05501582575710656	0.02546437299820041	0.23639088219315318	0.08559616611603456
0.05502546669568524	0.0986097753109909	0.08048514987598845	0.038231454427167154	0.12704241557124385	0.2028939674909122	0.05489452864562729	0.017673151102479454	0.23580539648518767	0.0893386943947178
0.04929621837288649	0.10888704447675122	0.10233091692454413	0.031272955826768825	0.12293763112948845	0.20425317344679345	0.04345741924227329	0.023098686478156397	0.22869735815701525	0.08576859594532249
0.0561309637623091	0.1269959776576603	0.12650590641404014	0.027554901365410056	0.07892371384307645	0.18689656731057458	0.05543092352731539	0.017365459882671963	0.22817565128079315	0.09601993495614886
0.05012991372215569	0.11856942304492783	0.10447655605375832	0.048275367630417704	0.08912981784175475	0.17440438131371083	0.06053038347513316	0.014552487134442155	0.23294564587158922	0.1069860239121103
0.05359284278752865	0.11948261816101487	0.10527063215032074	0.03533796344692272	0.10041199084309872	0.18053503946097685	0.06864595083591671	0.021841256693557992	0.230694665021957	0.0841870405987058
0.05342033770435155	0.12886688891360365	0.10324211145026262	0.02853122003502881	0.09486462050811946	0.19773216429614845	0.0507795647718115	0.01816022086791884	0.2273635524508344	0.09703931900192075
0.056667432359663	0.10672376895240444	0.0881954968985542	0.03587095872016638	0.11726350958123205	0.17381091670810772	0.06173405499971861	0.01698112069364735	0.2282862287402781	0.11446651234622812
0.04180738566064564	0.12000619037081055	0.1041167053087881	0.027942752938882265	0.10827591315915179	0.19532578219608354	0.06090010834246813	0.019746396750483397	0.22713566439600713	0.09474310087667943
0.05135792222243821	0.11891536966439671	0.1225247075260652	0.037805861505348815	0.08070377133879253	0.1903830114327577	0.05933457183912898	0.024989914325067045	0.20945050379115204	0.10453436635485278
0.04856121801212865	0.09769923265389124	0.14392410561065214	0.025404981693737505	0.10652578096788907	0.19306630775309497	0.05067975595005602	0.022322381082383366	0.2176156200256792	0.09420061625048785
0.05475575383090903	0.12552400608913516	0.08639370110652216	0.024542714524078788	0.09313695603067822	0.2207904861714639	0.0617951839589376	0.016261571088112686	0.22847096484531315	0.08832866235484932
0.04871993455673578	0.11817245692546854	0.12545027164699676	0.03298478977956032	0.10363982686063422	0.20513632477449395	0.04390426670107522	0.02585705508450857	0.2009268509068572	0.09520822276366941
0.0447442044533945	0.09862960596828162	0.13869579576241534	0.04655858112894852	0.0862184098915136	0.19555212507059805	0.04845924580478353	0.0202378665797648	0.2044545757835946	0.11644958955670542
0.04418975885406266	0.110065581227318	0.12051631151768535	0.03640617800183252	0.0842126758538355	0.1955460123806725	0.044438486963352467	0.026239730258391297	0.22751106042512792	0.11087420451772174
0.05564817127080718	0.10154907622263229	0.10916888612473075	0.04451421317861329	0.08541531884011849	0.1949573943631066	0.07305545841880197	0.021512271433226315	0.19960327747801343	0.1145759326699497
0.04094484843680646	0.12321764097243275	0.08248101974144557	0.025227717078101175	0.12119479480823642	0.1811245736875962	0.06698497882849402	0.022092028534865027	0.21749242423116572	0.11923997368085662
0.04565495199176521	0.10857401863357233	0.11274067791852944	0.03025041946757691	0.10412640794498382	0.195254737538319	0.04209510969251782	0.02510584632108591	0.2501095088113653	0.08608832168028428
0.04262763017573542	0.11253482530827334	0.10676793148503237	0.04146227847302175	0.10100953727910807	0.18767423065291633	0.04909369984847524	0.014215063564367303	0.25179276972288056	0.09282203349018965
0.05216040942882397	0.10590953813622311	0.10034743558911749	0.029048631335791705	0.09413062196495045	0.22145183594595214	0.06433156710897447	0.019520320784618406	0.2268563881505462	0.08624325155500205
0.041556246757219674	0.12124829335647454	0.10793964350300508	0.04216631433799334	0.07911107949225811	0.18284479295178463	0.0701317182074203	0.025137243577474336	0.22759930640116377	0.10226536141520622
0.0477107237213585	0.128790580459869	0.09949406297034431	0.04071826428818001	0.10085062174260465	0.18042481365651453	0.044426401169183324	0.02401379086948846	0.2205038210625126	0.11306692005994462
0.04344705658304196	0.10159480647084664	0.0776733167883995	0.03330821607958054	0.12471176203628298	0.20495102235079243	0.07522085783368243	0.018053427500556135	0.2101334228384365	0.11090611151838088
0.052068431185290615	0.12100260817216715	0.10147911113949039	0.03738379444140623	0.10044848424793888	0.19494380336683878	0.05728815779984185	0.026220139493511374	0.20245876374102445	0.10670670641249025
0.039351158421889174	0.11093598930119294	0.1249113167630673	0.040509993200422034	0.1215959950110476	0.1806781353445257	0.039305212718190645	0.01868188463159827	0.20642651222484604	0.11760380238322027
0.04543078161512331	0.1074165673130036	0.118580223371759	0.030756716599473197	0.10880509829264903	0.1953735856071972	0.04194189875869276	0.018076069152262814	0.2247803724852495	0.10883868680458957
0.04291687056135885	0.10115470077277132	0.09405582201191554	0.047615818893613125	0.1233051070525176	0.21315086034603153	0.052738231805154405	0.020951286683453044	0.21743457511281275	0.08667672676037184
0.047260969595547195	0.10900936692595675	0.09761142411041732	0.03641936724432478	0.11634100560109104	0.18374619135738718	0.0645897093038135	0.026946650953794116	0.2237627508940891	0.09431256401357906
0.043231657937205084	0.11119767504743465	0.13115192467000258	0.03488376695468799	0.10501690857028609	0.1861938795469077	0.06535277339281945	0.01714977987434993	0.20826000261796734	0.0975616313883392
0.04106662311680379	0.1259845813965612	0.09937340541094275	0.03538130885366382	0.08553580816372207	0.20013462883376792	0.05854396911021883	0.016829346099048167	0.22196771626580636	0.11518261274946515
0.050037981278209465	0.11545527025206212	0.10674264744320457	0.030321323604320757	0.12503923689983137	0.18182204241289895	0.04913181617217879	0.026021784364603104	0.229798820957274	0.08562907661541681
0.04644323192103374	0.1205825108277271	0.09992261170769216	0.03168244747781189	0.09915167747194198	0.17480478402684096	0.04396206318273921	0.02702296986658073	0.2570851519810725	0.09934255153655971
0.042025019654373885	0.11128299161771488	0.07480894357497936	0.04025425584919749	0.12010719132195835	0.17378287810962045	0.06311339545536371	0.023804519995075518	0.2485648509806639	0.1022559534410525
0.04688546850808275	0.11595715865519103	0.11421475841133319	0.03357090411303483	0.08150882585688884	0.1879765022522944	0.04102226920708566	0.019359431844322122	0.24049267745556208	0.11901200369620514
0.04626312998264184	0.11128960414135838	0.09198782047336108	0.032029266348923835	0.1252320708011791	0.20272802712970142	0.057241397969219274	0.017519719480060023	0.2004433022363639	0.11526566143719112
0.0433255379523346	0.12076960153180036	0.09415423141636255	0.0400058890456099	0.11122478352998916	0.19840587801760748	0.07252182624288536	0.019579564140379244	0.2035164440726871	0.09649624405034424
0.053265845575413154	0.10316588688574183	0.09952967921867736	0.027160604836303642	0.09772175299701577	0.18127142251176853	0.05614399303344298	0.015008137929686707	0.2618720885392264	0.1048605884727236
0.0558310296946821	0.1269640657084507	0.0788431566291463	0.02500297775619735	0.12039601276720553	0.1990677148312986	0.07695413391711181	0.01871899879873612	0.21501877337909608	0.0832031365180754
0.054262402797643994	0.12431908436404736	0.11538486938481672	0.026957045913713062	0.09194346109975352	0.17898024226514123	0.06491801015721269	0.021324036420702255	0.20657395300390263	0.11533689459306656
0.05364793280195895	0.12129532727226933	0.09794814568638831	0.043326624756786926	0.09377736436700759	0.21706960085842955	0.04327203664954632	0.018466225772959602	0.20331310538998287	0.10788363644467053
0.04338441991177662	0.12484648390865985	0.11169171804411668	0.025549728743197567	0.10799595783222338	0.18271837615786451	0.051337705776365865	0.01556861293008964	0.23240983454531894	0.10449716215038696
0.05706212437365567	0.10652678571231715	0.11544555557825638	0.035752265683367715	0.08200929074228361	0.21171452137220542	0.050420855664667565	0.015872556556310757	0.20831661624259645	0.11687942807433929
0.053692219267492736	0.10829280789533904	0.0779005354830228	0.02502955474664506	0.11857221560872033	0.1737577319152932	0.06004131411754894	0.023611263431050244	0.24868902557484496	0.11041333196004263
0.04884577674497919	0.10775059089705284	0.10104061686535755	0.04719575610476071	0.07696742917224492	0.19058109763800463	0.04883191454120032	0.017866216201461255	0.2507617759806355	0.11015882585430314
0.040818422748885676	0.11120108343898641	0.08512581675199112	0.036342053818387246	0.11473930177866078	0.19134123744452536	0.0694434069818809	0.026436235776816905	0.2191777869655463	0.10537465429431932
0.044921294510442945	0.11386316644831473	0.12349021603298015	0.025879602733977686	0.09725744261838726	0.19795460702031092	0.0686920868628208	0.023326573571060216	0.21193326131328993	0.09268174888841539
0.054775542719712356	0.12026645176477684	0.1254286673156365	0.028605195404763598	0.0779066659665639	0.22175776541419834	0.05546823807348954	0.01922057789892051	0.2112594761394317	0.08531141930250667
0.041956747718626834	0.1066034862885364	0.12261819382318424	0.029056462107661635	0.12293853574741656	0.17726124774195723	0.04570114175811335	0.01517651012794105	0.2407373967386368	0.09795027794792592
0.0470343991329775	0.10685640848917098	0.08262096918108383	0.0351602973152174	0.11622944744864692	0.19787282116215715	0.06301070823510768	0.02268290388949651	0.2357428944416569	0.09278915070448508
0.055686621380649476	0.10276163935278333	0.11642279180724828	0.03532219060325055	0.11805371095568226	0.19938642278554386	0.05736327822683407	0.013999364066461947	0.20292113449630628	0.09808284632523998
0.05302868946815823	0.10208303517399295	0.12102624690698473	0.034600015318610816	0.10361501424193854	0.20119921398856117	0.04420246279582169	0.01654840726976145	0.23607983785417375	0.08761707698199664
0.0543721882335038	0.12373706991338823	0.1431359390371842	0.025305530300772358	0.08355414085679942	0.17205260007425943	0.06471812958925538	0.017869398888383334	0.22895879229075106	0.08629621081570282
0.04483589855587687	0.09844213991942995	0.11353701605941255	0.036505771874053364	0.1029632694044054	0.18242443616047832	0.04088827572653679	0.014260625718740039	0.25127608454546074	0.114866482035606
0.0470063820358551	0.09815309866845033	0.12067399410047251	0.027335400644259128	0.11156099540941215	0.17210528677096076	0.04452714529199966	0.017232868391799328	0.2599270935476029	0.10147773513918817
0.04142368167449756	0.11693419183462746	0.13662934224869136	0.030100748167169247	0.09119675789073164	0.18685525058607938	0.06633955766335028	0.01625601597557015	0.21798269145118715	0.09628176250809574
0.04670552511456817	0.1303056774427161	0.1185841798676875	0.028768303888293226	0.07726746694872336	0.1955949512719966	0.07263005264148784	0.01861193926626352	0.21568512788298932	0.0958467756752744
0.054909701863416774	0.10029345547047283	0.08485500796665413	0.042716542399666255	0.12426391481594691	0.17969150635567255	0.040218426491153515	0.026122141499930987	0.26126939363845036	0.08565990949863565
0.04920263022642367	0.11866601335738948	0.09226626657311468	0.04577154357050962	0.10331573059242237	0.21843994602726072	0.05700206057104266	0.017303303072825113	0.20291168964404493	0.09512081636496678
0.05135377743370262	0.11305302222530964	0.13920953057640068	0.029119558461170994	0.09376008031242146	0.17402040457966525	0.05994164323275204	0.013927050006598524	0.20657630932649018	0.11903862384548863
0.045114157648803194	0.10702749438028161	0.07969264046709826	0.031035788746963264	0.11905798508310934	0.20321979679667246	0.055058120792344296	0.023493046651480415	0.2204104733607157	0.11589049607253142
0.04071308605385573	0.1105867745888558	0.12345730896665569	0.045492794138890805	0.12145104414880559	0.19392039468868674	0.041743553539390306	0.014927485473079274	0.20060943160699637	0.1070981267947837
0.05577415226816028	0.10156030051768673	0.09286935281444157	0.03186739736846256	0.11380930589041954	0.19182107301429535	0.06694805782006902	0.026001718270848198	0.21074132937629703	0.10860731265931971
0.05490749537167812	0.11464771488013024	0.09009934516719327	0.03167160973488409	0.10299717711972654	0.19027234523644268	0.04048565802865737	0.0143898483040939	0.2480737231417553	0.11245508301543847
0.03931294614786887	0.12802266216219124	0.09898094649175666	0.028152722673038963	0.11883887624205368	0.1763431148702024	0.07203123079920046	0.015108530860525188	0.22764455921436172	0.0955644105388008
0.04757305884724151	0.10097664819694774	0.07979898963156803	0.03147513525486183	0.11542781531789029	0.21643350736342845	0.04069964459563961	0.01479489028521605	0.2454522889254152	0.10736802158179129
0.043909333272618215	0.1302315561055064	0.10189546012551895	0.025381086858446145	0.08969591306058682	0.2161111741506141	0.05624157455310671	0.025304447691849835	0.19711629949393983	0.11411315468781295
0.04058728824573449	0.13052524064371854	0.12237911265440114	0.04727155995608406	0.07835393574347224	0.17697186596339115	0.05450086490683236	0.02615964835550187	0.22202113701912912	0.1012293465117351
0.04125589731536725	0.10231884128195141	0.09507632598040205	0.02500477556342813	0.111402104220581	0.22057122107822552	0.0738198157577524	0.022122832066871836	0.2079291387134647	0.10049904802195571
0.04930590017707265	0.12791482940377083	0.10917988941588427	0.03551752923005899	0.09224236565884751	0.17758712726077777	0.043881260716105396	0.023462303720704486	0.22394136716090937	0.1169674272558687
0.041896984685389334	0.12458138373975305	0.14311876695388098	0.038998846769263844	0.07837553758370465	0.18332031557199235	0.07474044406419389	0.021491366335196813	0.2011414132888601	0.09233494100776499
0.04963533729439293	0.10279913499076865	0.08967013143131114	0.04810567230144025	0.08740205833237266	0.20638697850117374	0.0466333713737966	0.020005928187897412	0.2569626173786073	0.0923987702082393
0.044369798236518	0.10910290076283077	0.10880917247600565	0.03164177981359506	0.11118428627625354	0.18894568170186016	0.05213648730223722	0.02288921069962592	0.2442452505837882	0.08667543214728547
0.056609974031292185	0.10235762080948102	0.1265314018488202	0.027645636315818414	0.09844723465787761	0.18558523074628325	0.07664851230177738	0.016201253181072364	0.19956661209754684	0.11040652401003077
0.03993737736529173	0.125215232573746	0.10912611081502646	0.03565073021743734	0.08703652423633701	0.18928081184938866	0.07756380355994785	0.016783828905737513	0.22786292315397166	0.09154265732311574
0.054558008024189426	0.10566738614230754	0.10783100056103904	0.024519606652767173	0.11759142859466812	0.1987767088408786	0.042918477091682755	0.022760896346888437	0.21599891330110638	0.10937757444447249
