0.2373549498814055	0.1261133648177435	0.2020369702827891	0.26858258755167885	0.16591212746638276
0.23684019857477437	0.12893575685827663	0.20459113095536755	0.27068736372400337	0.15894554988757778
0.2271294294574836	0.13863278128036205	0.20520454424391898	0.2683196781955582	0.16071356682267693
0.23337661138423244	0.17430400220118542	0.1547525705587201	0.27524317009532784	0.162323645760534
0.2200540569700553	0.13948866184090122	0.19681815492580348	0.27155688901660285	0.1720822372466369
0.23180854207768778	0.14853926324989664	0.21011388303859266	0.25215601509747787	0.15738229653634478
0.22596309696346137	0.19989925166306644	0.14167006274158359	0.26824143980283466	0.16422614882905368
0.22836951635201352	0.15211368326019073	0.19519455528113167	0.25968040705023854	0.1646418380564253
0.23596340832429574	0.1529003362195961	0.19361017046519444	0.25206335275661357	0.16546273223429994
0.23346737532502881	0.13810260404229102	0.19544496529580763	0.27427786886062633	0.15870718647624593
0.22343222069846524	0.13944740369201736	0.19547303266658414	0.27152017173644816	0.1701271712064849
0.22001944229987508	0.14121776258108473	0.23025576636660194	0.2514139581801522	0.15709307057228578
0.22467726856594797	0.17933770426361673	0.1719221727603803	0.2526898773928057	0.1713729770172491
0.22939286469363115	0.17692323443831667	0.16317151938012026	0.27205596544155475	0.15845641604637692
0.23816827077773836	0.11791364733210967	0.21125660897974993	0.26764425657861113	0.16501721633179062
0.22192418317901724	0.18321777873290865	0.16404008625423244	0.26178698647138965	0.16903096536245174
0.22815598064648546	0.1762765697974905	0.17210711291587916	0.2539292380939848	0.1695310985461598
0.228136005482823	0.19603354661745725	0.14369175312541144	0.2690225154045145	0.16311617936979358
0.23415164489250523	0.17443525610433713	0.17567717813857445	0.25396908841969534	0.16176683244488765
0.22940992091583318	0.14177968015539372	0.1901472325798888	0.2712328618806693	0.1674303044682148
0.22281046585488648	0.1337498829757143	0.2097410125894743	0.26447137082943184	0.16922726775049282
0.228754861124265	0.14496147851188032	0.19197972334696065	0.2729898545870624	0.16131408242983142
0.22818643670279712	0.12530510932484712	0.2099554998685626	0.27080547166479507	0.16574748243899787
0.23981167225074132	0.1283678654325196	0.20658509413230483	0.254169787754689	0.171065580429745
0.23859514615891358	0.13775417503388473	0.18585511089050924	0.27140957824179174	0.16638598967490045
0.23937888401812868	0.12058973144280753	0.2167894420802661	0.26212450590419034	0.16111743655460706
0.2362410981213584	0.13497641434658703	0.21213880530983048	0.25174390960458415	0.16489977261763972
0.22953741181533796	0.1379703799569491	0.2030074458350079	0.2632057349908584	0.16627902740184636
0.23926160757664494	0.1452868319064221	0.1875181658040249	0.2681921484041748	0.159741246308733
0.2288213961527696	0.20188390751952495	0.1484793171590266	0.2600894176472134	0.16072596152146523
0.22154174337173582	0.1612409021303414	0.2040834923715087	0.2534631869202015	0.15967067520621234
0.22737094286043566	0.11847946980539749	0.22336129912318853	0.2734596682460385	0.15732861996493958
0.22381924304760636	0.21723104178140998	0.14357890098502696	0.25777950911520814	0.1575913050707483
0.22513151064726505	0.1793229933959041	0.16619635449127876	0.2697745270929332	0.15957461437261863
0.2390549801689581	0.16347530387858178	0.15612933384952413	0.2692962377925059	0.17204414431042983
0.23250164962964737	0.17451552880097906	0.17024161178934744	0.25844817184318564	0.16429303793684025
0.22607761015156647	0.1379832619703252	0.2114207597236409	0.2538795980933574	0.17063877006110975
0.23281657184492033	0.12097507247731923	0.21482151805548969	0.2678862976915236	0.16350053993074692
0.22636037014411964	0.13343408909105886	0.20643556303110283	0.2714206481996037	0.1623493295341148
0.23072053578251153	0.13840354664121624	0.19182686667773946	0.27083758168482785	0.16821146921370472
0.2335131989222038	0.153421326849241	0.19217358171684967	0.26388871792441543	0.15700317458728985
0.23007029469797147	0.14125003898098384	0.18405950775998697	0.2727062155484947	0.17191394301256271
0.22122020465635228	0.12539310628228661	0.2197024458430304	0.2626227459829078	0.17106149723542272
0.2397900312035869	0.11913679091318526	0.20161179588702402	0.2733689198422968	0.16609246215390677
0.22220367280003456	0.17252443829937272	0.16831005866992865	0.2682028723025208	0.16875895792814294
0.22553750270372172	0.14654635032141716	0.1900171789494045	0.27214336356076724	0.16575560446468915
0.22205649665833926	0.11720890019342743	0.23344394350224906	0.2693895265432162	0.15790113310276785
0.2305763124742048	0.16380608504425032	0.18939663469238244	0.2533880398247303	0.16283292796443194
0.23784376858004275	0.12427190709448513	0.21430327989464656	0.25551410401300423	0.16806694041782108
0.22361924541326034	0.13935898853572426	0.20572749901752593	0.27040687748542597	0.16088738954806325
0.2203244487574748	0.19314124146293538	0.14850951061325507	0.27143951150652623	0.16658528765980832
0.2236229418406807	0.1827961743674498	0.17589257240565065	0.25228933697501893	0.16539897441119966
0.22861529776503964	0.13457885455066818	0.22389663085934935	0.253915497444543	0.15899371938039958
0.2279278647686504	0.15110131078095657	0.19356651780655465	0.2657821763617607	0.16162213028207745
0.22662395064417798	0.11738172103922094	0.23104654629202626	0.2585704876755099	0.16637729434906467
0.22266058186349091	0.11971525435971535	0.2143695353932287	0.27306980873562714	0.1701848196479377
0.2209304465180802	0.15400976017128312	0.2034671613072427	0.2615508868222389	0.1600417451811548
0.22846478125957315	0.1867876876191557	0.15468535204770936	0.271423711868392	0.15863846720516953
0.2247819838013766	0.1262824225153181	0.20630919412663248	0.2725996169276322	0.1700267826290404
0.22700662094065596	0.12779019360789143	0.21149540271946277	0.2741935340323391	0.15951424869965053
0.22617007841354947	0.1426361514613284	0.21251087175479427	0.2544655322402276	0.1642173661301
0.22951392581799865	0.17764711965864277	0.162367274799846	0.2678722083460895	0.16259947137742287
0.22935009868527256	0.17880953014189377	0.1661525882814114	0.2610036501234609	0.16468413276796115
0.2222056193522282	0.19185569081133685	0.1503408057274035	0.2707018180288573	0.16489606608017388
0.23975019883544885	0.14471325234276963	0.1874606797197886	0.26447364641025745	0.16360222269173522
0.23154695131144296	0.1447964055715249	0.20539203122664268	0.2587575432964349	0.15950706859395433
0.23613289789633327	0.13796789038321441	0.18497939697854596	0.27474426782501477	0.16617554691689135
0.23301955742566374	0.15181344204926556	0.1832471964159857	0.27054121647424645	0.1613785876348383
0.23545606248796394	0.12565340619790605	0.21576485910702708	0.259137065949796	0.16398860625730666
0.23284843669871716	0.13054177137327777	0.2043096434517381	0.27222519257442235	0.16007495590184437
0.22773212016279853	0.1350920185265602	0.22820926980800976	0.25129409362554356	0.1576724978770877
0.22919708485333826	0.12015942883595342	0.21025173664072852	0.2704924581755554	0.16989929149442418
0.231541733552732	0.14139819748558763	0.19251918873305812	0.26798232522716203	0.16655855500145997
0.22997009985089384	0.12262681622134354	0.22715761021219175	0.2607165837053408	0.15952889001022985
0.2202992251931084	0.12834710353280793	0.23292708595421607	0.25971834594673837	0.15870823937312897
0.22357972341581062	0.1475247198697704	0.19071410318244833	0.26648908692148754	0.17169236661048287
0.23083953111655456	0.171090623341149	0.18489135409064883	0.25531997883476365	0.15785851261688372
0.23770632181326729	0.1206215127956849	0.2090743783320876	0.26414424042520296	0.168453546633757
0.22785390310913917	0.12877198410667007	0.2200232604606278	0.26169363310339416	0.1616572192201685
0.23335260602233854	0.16154879196007058	0.18510159539417154	0.2602321561275589	0.1597648504958602
0.23481015485358786	0.1187117519488151	0.23197300756613284	0.25590075722988825	0.1586043284015757
0.23490927957974472	0.16517818874101417	0.16215131124992815	0.2709265294713351	0.1668346909579776
0.23517122759064119	0.13554736562823771	0.19769635580804018	0.2660148113083998	0.16557023966468082
0.22944292186323534	0.1892438800285033	0.1449037856848191	0.2676638057034435	0.1687456067199985
0.22660903147395747	0.20302781994213562	0.15807916634722943	0.25416738543330347	0.15811659680337375
0.23132221780045212	0.17550574516798068	0.16152272021111977	0.27056554923638254	0.16108376758406465
0.22682909851475064	0.1908703192102006	0.15703449444523893	0.26598198738286755	0.15928410044694208
0.23928230907685533	0.1895592867564963	0.1567838556772372	0.25361993766047225	0.16075461082893866
0.2328232707478149	0.14340089309582493	0.18800099893119526	0.2649015255639784	0.1708733116611863
0.23648276954408054	0.14538495599944315	0.20511013612849174	0.25498158671750326	0.15804055161048103
0.22271408261886802	0.2139236589139963	0.14284376967621293	0.2567742433342747	0.1637442454566478
0.222444732356794	0.12373295465806662	0.22259896765620585	0.2723681232370584	0.15885522209187494
0.22421799557962135	0.1488085441213967	0.19433201836360484	0.2614188711813614	0.17122257075401548
0.22848027334025373	0.11680596237656064	0.2205951799951766	0.2702878968135028	0.163830687474506
0.23720096686432343	0.13630267571015517	0.19098761444455054	0.2661179863144259	0.16939075666654474
0.23507400602862677	0.11910261775063631	0.21247108342604257	0.2627831512552945	0.17056914153939962
0.23610041325935002	0.1621151518089672	0.18259903607634503	0.25675167133301824	0.16243372752231927
0.2330575946989712	0.1291529807639833	0.19981310079380865	0.27123321650289695	0.1667431072403397
0.24010856196520602	0.14231880038355216	0.1904996015448014	0.2616122818313011	0.1654607542751391
0.2328506333629456	0.11700323876028106	0.21423856250646978	0.2731840400228477	0.16272352534745563
0.22578088949374486	0.170737993760023	0.17846095696067765	0.25358358249809143	0.17143657728746284
0.23657720868738707	0.19416572194979834	0.14582406751341231	0.2521861383730377	0.17124686347636428
0.22369190837863898	0.16952223501620092	0.17275783171994274	0.2749733524340694	0.1590546724511477
0.23335589191647155	0.16621043649393302	0.1807260642512869	0.2587477991733437	0.16095980816496458
0.22940543305748323	0.14607780917810997	0.19308163383319873	0.2646804455019765	0.1667546784292313
0.2219269436871829	0.12873819292383615	0.21220486867026978	0.26538176773992583	0.17174822697878508
0.2233624033657638	0.1333933916427776	0.20984731533828252	0.27317985697222763	0.16021703268094817
0.22547479431525866	0.1892372397436131	0.17252447386014239	0.2555684904781066	0.15719500160287908
0.23752689719575443	0.12876710893181523	0.21021682721471197	0.265469686396129	0.15801948026158913
0.24025600898330882	0.1276251828578724	0.20070967846061313	0.2695271456945054	0.16188198400369996
0.22287882790888403	0.14264987780170946	0.19817950339807963	0.27004399196902196	0.1662477989223047
0.23208004945916227	0.11693670517388517	0.21705741448539087	0.2730410799981984	0.16088475088336307
0.23804787143075606	0.13622235815649497	0.2059506425631059	0.2533082643475639	0.1664708635020789
0.22814824670537726	0.1543365329435667	0.20301555730147444	0.25260055294920225	0.1618991101003791
0.22984396068821972	0.15260265413078888	0.1847016347687337	0.2709130537160129	0.16193869669624458
0.23127345795278959	0.1865777069939391	0.15189372754715347	0.2665568515997875	0.1636982559063301
0.22893274174660808	0.1592723179365588	0.17236971518981886	0.2722579399313075	0.16716728519570656
0.23658337733017779	0.13227950585286244	0.2047386984666629	0.26656193748827617	0.15983648086202046
0.2277657298117426	0.12848357615421852	0.22659453884534553	0.2597630078346558	0.1573931473540373
0.2215671270169506	0.15284332593438282	0.20235052197880804	0.2555477802284688	0.1676912448413895
0.23570620845219908	0.14206830081952954	0.1975399887484434	0.2598332695933812	0.1648522323864465
0.2317307497930689	0.13253310662774287	0.20189503708372672	0.26708269138350366	0.1667584151119576
0.23716399623515294	0.18244282199412046	0.15146964325593715	0.27193432950736657	0.1569892090074227
0.22016896022667265	0.19338323058574686	0.15332669044440145	0.2678372534730151	0.16528386527016373
0.2312739074884844	0.19543227306505126	0.14645070008030706	0.2560364730677794	0.17080664629837766
0.23850462129475128	0.15168560509171708	0.1815465928537436	0.2655633745640799	0.16269980619570784
0.22664404683616862	0.13313244318100584	0.2066995237981061	0.2673010242060374	0.1662229619786818
0.2253089324343168	0.21195232420052962	0.1451579261743087	0.2591584741809318	0.15842234300991287
0.2256279821839634	0.19739001006229734	0.1427476051389178	0.2627902919417505	0.1714441106730707
0.22308770993431914	0.16900905084780235	0.18962022318867816	0.25254946060042405	0.16573355542877605
0.23897583971638864	0.12923956531422637	0.21831246663739756	0.2546706747342209	0.1588014535977663
0.22606575521896446	0.16628149341262466	0.1795459376638895	0.2605085700825419	0.16759824362197923
0.229896704132119	0.19763795262179726	0.14120365083282077	0.273763375808636	0.1574983166046267
0.22609038152482194	0.18320645101838637	0.15907218943625118	0.26129144566710577	0.1703395323534345
0.22144211570309416	0.1755193787180941	0.17711618506638163	0.2600038664062873	0.16591845410614253
0.2344094859182171	0.15231950919209097	0.20225835569289638	0.2510049308903446	0.16000771830645075
0.234187411727909	0.15022552986059234	0.18697615762049613	0.259562610197017	0.1690482905939853
0.23418989873486634	0.13243905973557135	0.19230696596995878	0.27445764360110614	0.16660643195849714
0.23498556781859353	0.14556587533573556	0.18261813690011583	0.2745443564682672	0.16228606347728763
0.22389398511408234	0.15002230641307188	0.18680467020995967	0.26752999111454634	0.17174904714833955
0.22886181124819913	0.17109356382867594	0.17037485301414854	0.26639343461382425	0.1632763372951519
0.22385020927308363	0.2153636227358819	0.1419903769651051	0.2549065603796949	0.16388923064623426
0.22627013846193228	0.21329455862078656	0.14194863566222893	0.2556417596359921	0.1628449076190599
0.2252931844313239	0.14039183346380046	0.21193158489362568	0.262429253593055	0.15995414361819468
0.22366713748111938	0.1225286810762232	0.21332022416113616	0.27213643487691563	0.16834752240460543
0.23697494460615945	0.11793581432046044	0.209919825402322	0.26641697355023564	0.16875244212082222
0.23767469351954784	0.16733820424818863	0.16848407966791887	0.2692894506696717	0.15721357189467272
0.24007176475967937	0.1854077537703036	0.14784029650679653	0.267737919663808	0.15894226529941224
0.22696783866229078	0.20359814589545305	0.15041260898455341	0.257148816366228	0.16187259009147453
0.2265831005563133	0.15048084605662282	0.1952929299254696	0.26771287819674666	0.15993024526484736
0.22377539797391474	0.1358036491835508	0.21530851541928717	0.2614363740385158	0.16367606338473129
0.22163983348838037	0.17806051365170458	0.16513154095809085	0.2722363474772759	0.16293176442454807
0.22265937094246893	0.17503951868841822	0.1914327908213603	0.2531878284498483	0.15768049109790405
0.2304388607855721	0.19094026391645322	0.14328566610713417	0.2697154074044649	0.1656198017863753
0.22416913231526306	0.1212483269938639	0.23595880723197155	0.2612659009832395	0.1573578324756618
0.2312934501339931	0.16078479904921228	0.16455985072520468	0.2754131018674002	0.1679487982241895
0.22102583149966526	0.18737861224679705	0.1578462126670901	0.27219195784780476	0.16155738573864264
0.22006455372290673	0.15833309019083852	0.1959408693093382	0.26688934491254573	0.15877214186437058
0.2342659223627904	0.1525779716587096	0.19774587628362886	0.25133760934559957	0.16407262034927134
0.23935447946954175	0.1533167798418766	0.19419562797721449	0.25473137938767376	0.15840173332369314
0.23307322324033747	0.12892447813681845	0.2158692709423547	0.25686576220292945	0.16526726547755968
0.23571647321596212	0.16172624740119046	0.17400260603201084	0.25842607085745106	0.1701286024933853
0.22116994295581718	0.21149257107855685	0.154256183582563	0.25272970279101337	0.1603515995920493
0.23233562766840035	0.15171526612008246	0.19622988611392164	0.25922269378697527	0.16049652631062006
0.23428495256931106	0.12152508122172158	0.21870618079671544	0.26720793567874085	0.15827584973351083
0.22492074811517276	0.13603110465885054	0.22068546307645087	0.25132266907433504	0.16704001507519056
0.23076349134629137	0.17313183213444097	0.17915488052812195	0.2581779314341429	0.15877186455700254
0.23898154768649377	0.14547295149052059	0.19702198939141677	0.255369257425888	0.16315425400568062
0.22019929158248158	0.20414138218200079	0.15025055982848592	0.2578964603148318	0.16751230609219964
0.23340532352532958	0.18565220825793177	0.1687258728770013	0.2553407974550366	0.15687579788470046
0.22817617265028184	0.19143496737973514	0.15855944215734918	0.25867859442074465	0.16315082339188894
0.23546741690002804	0.18890522945570373	0.1477564333790607	0.26327565241636114	0.16459526784884615
0.23215432867205826	0.1984076397359228	0.14571693454941137	0.25426393071522924	0.1694571663273781
0.23176905922233806	0.16608318384440351	0.18508881005856082	0.252897405836637	0.16416154103806038
0.23205497701998906	0.14876646159003923	0.19083298687561298	0.2673047863905226	0.1610407881238359
0.23578922968926858	0.14069210881032412	0.18525685986642934	0.26877235260984267	0.1694894490241351
0.23706578011264823	0.11999279755279375	0.2107012671215234	0.27038332870713605	0.16185682650589833
0.2271138625650199	0.11747533990536839	0.22259832416934	0.27017583123773503	0.16263664212253645
0.22614277398467889	0.14962336017370828	0.19282911449104578	0.2671024410800937	0.16430231027047315
0.22434084150057632	0.21352080372654342	0.14536178461797075	0.2588419964714566	0.15793457368345265
0.23664143512929958	0.1996980381526792	0.1451931806841053	0.2589764208825902	0.15949092515132549
0.22607382031212134	0.20727880512186234	0.14673233381063744	0.25389347706563015	0.16602156368974852
0.22306250600019575	0.17255862477054432	0.1710565085770443	0.2677248723922741	0.16559748825994125
0.23013170955405263	0.13604322956007975	0.22022132907668437	0.2513364801367078	0.16226725167247524
0.22805641079508762	0.12957729315199024	0.2073846670316158	0.2724299761218584	0.16255165289944778
0.22042203549503744	0.16833013922458817	0.17232839880264297	0.26745144345067506	0.17146798302705618
0.23476941360402162	0.1791756958784293	0.16416769913354048	0.2615922175790615	0.1602949738049469
0.23316932593003603	0.21543884460627435	0.1409370784877953	0.2514521990012942	0.1590025519745999
0.2226822249781619	0.17618208756890358	0.19025954818636975	0.2510022889004385	0.15987385036612603
0.22457939252874193	0.20955587630946954	0.14566117772532325	0.26131079836877086	0.1588927550676942
0.23328480672642443	0.14014337263487775	0.19524739965184143	0.2608694012286093	0.17045501975824684
0.22179585257516932	0.15427569187997928	0.1980410599838924	0.2670946020788826	0.1587927934820762
0.23064000980308696	0.18231773210628247	0.1632936453096811	0.25416237732360875	0.16958623545734045
0.2271195337733581	0.1708007939820554	0.17150213265468456	0.26451482250753816	0.1660627170823636
0.22154685988671427	0.18840157349258518	0.14701897358167784	0.2709479889748877	0.1720846040641348
0.22714574649455294	0.16797960864283093	0.18723830023079738	0.25614694154385675	0.16148940308796178
0.23096999367453844	0.16807898526757753	0.1811995896603053	0.2580266646379972	0.16172476675958125
0.22006992342637807	0.15741171436270568	0.18798442643011287	0.27141828746400837	0.16311564831679481
0.23246390892919105	0.1303206194439398	0.19865299594008415	0.27203025643378664	0.1665322192529981
0.2343055093644726	0.12452211591202023	0.21749462880527634	0.264767048923182	0.15891069699504862
0.22461968166130358	0.15930563681435195	0.18737668231677568	0.25909697250761693	0.16960102669995164
0.2323961372060736	0.1229654692261753	0.21553549516456605	0.2580446901634778	0.17105820823970697
0.22846801680333198	0.16572792207010345	0.17971406304910334	0.2630328647868616	0.1630571332905994
0.21988148426292156	0.19710399712034365	0.1541944211680445	0.2624578981426202	0.16636219930606982
0.2199721728150133	0.1615134011439076	0.1819159288399302	0.27317324005170346	0.1634252571494452
0.2380564431902146	0.1216116505770772	0.22199222660134993	0.2509774347041106	0.16736224492724744
0.23363881189787544	0.13470234690991473	0.21011580748510084	0.25132180100163715	0.1702212327054716
0.23795624001611793	0.15659293024455123	0.1700615010030679	0.2735606002908402	0.16182872844542256
0.22990758564045005	0.16286075973803393	0.17552714260023183	0.2629644107471069	0.16874010127417705
0.23730239369022832	0.1610880536469996	0.16154187759342545	0.2733512152671439	0.1667164598022025
0.2380563394210073	0.16948833759797866	0.16677464275544532	0.2686363795833855	0.157044300642183
0.2256648680087364	0.13547107186575297	0.20248421738567732	0.2742768835091753	0.16210295923065782
0.22673762913886772	0.1381872798329505	0.19386800589240247	0.27036224087854355	0.1708448442572355
0.222826539254203	0.11930265369232868	0.23507767504580407	0.25261796952599525	0.17017516248166875
0.24054380807117148	0.1171608878179427	0.23137056142125706	0.2535263079382285	0.15739843475139995
0.231866670335232	0.11950556693653368	0.23742403610606283	0.2537795216558461	0.15742420496632517
0.2320528447437144	0.1374546410088499	0.20511342054626996	0.26386066730644037	0.16151842639472508
0.22771377708639243	0.16180141233943368	0.18711034618987973	0.2584643082991688	0.16491015608512521
0.2286211356278803	0.18154116457586061	0.1638854535928328	0.2550117458283888	0.17094050037503722
0.22713906482935625	0.17951465617988885	0.14972047151458667	0.2735987528862792	0.1700270545898888
0.22709850347922225	0.18232871440583187	0.17505084756009492	0.2534273853394598	0.16209454921539093
0.22409758272589533	0.15015628372734002	0.21217671342947805	0.25395805573594066	0.1596113643813457
0.24013131657141742	0.17185247012360666	0.16361257421580905	0.26673692360524576	0.15766671548392086
0.2342802192284734	0.13522017602381364	0.192856176500013	0.2707789628015306	0.16686446544616915
0.23276914954127365	0.15950161917654673	0.1855733772864001	0.26493975666509817	0.15721609733068112
0.220994970921937	0.19587478293791633	0.15478208597707369	0.2605550732433115	0.16779308691976125
0.2198907808532405	0.1530717025905922	0.19302001434513505	0.2638738395399337	0.17014366267109832
0.2358789413373038	0.12885176227884054	0.2115738913261708	0.2630923332699778	0.16060307178770683
0.22041162615461063	0.11661103099059841	0.22131978708622507	0.27254075324896837	0.16911680251959732
0.22933704764545937	0.1407120572231753	0.19659547531849475	0.27447083412258394	0.15888458569028638
0.22954450262090678	0.1773882627805688	0.16939659241895588	0.2544663732375481	0.16920426894202023
0.23006954910436345	0.1841733379077491	0.14973446623404996	0.2653830749392111	0.1706395718146262
0.22391243859809684	0.17107625496515086	0.1689529664084991	0.274600089085234	0.16145825094301897
0.22760121795057706	0.20633880980739627	0.14474833482330285	0.2633749625203232	0.15793667489840035
0.22019574142279782	0.16118816691105464	0.20358703155127222	0.2520893324919499	0.16293972762292513
0.2352473653972702	0.17533890549772907	0.15291874766243838	0.2662343085665812	0.17026067287598096
0.2274340500496421	0.19438887790189682	0.14737360464271965	0.2642716674585784	0.1665317999471628
0.23795580123400073	0.17745904856892483	0.16679608532699897	0.25597528632952243	0.1618137785405528
0.2336770829057119	0.1426689174219663	0.20052264647506446	0.26009750600003684	0.16303384719722025
0.22758313845503883	0.1372514397365371	0.20538734303194903	0.2661040721436154	0.16367400663285936
0.23515405337060352	0.13964899151871193	0.20450770347692906	0.260894779596206	0.1597944720375492
0.22593206093993964	0.14073015659725535	0.22253665704869097	0.25098102413943046	0.15982010127468327
0.23514618313729269	0.12469882016256939	0.2038819786867647	0.26424190384522106	0.17203111416815195
0.22338731612422127	0.15955925758119172	0.18237031045107457	0.2651694425122811	0.1695136733312311
0.23161123973680942	0.118461955405308	0.22084554005264984	0.2713925590814729	0.15768870572375956
0.2253157947985377	0.1840429149184978	0.16423892157916647	0.26558692417367824	0.1608154445301195
0.2223863443838078	0.19862666378523547	0.14731073816604826	0.26578333359722006	0.16589292006768822
0.22921896578459428	0.1927104898796828	0.14801488358199982	0.2645649198450002	0.16549074090872265
0.2357027440821765	0.16414148795809003	0.171085916801851	0.2704283351674227	0.1586415159904595
0.22035571928537245	0.18939912358069058	0.15885327276958244	0.2631816686573178	0.16821021570703648
0.22458515877574806	0.17813042282905128	0.17950475999219467	0.25998349421416045	0.1577961641888453
0.2254578621760745	0.18322140023084332	0.1708307501555335	0.25665760337896243	0.16383238405858602
0.22963747126494016	0.15228115953116816	0.18625510109626373	0.2730604073673817	0.15876586074024596
0.2355890483271595	0.15839562169010096	0.17103242945852423	0.2644484097594591	0.170534490764756
0.2394484021611663	0.1861945712555913	0.14149036468833398	0.2688209171450528	0.16404574474985537
0.22650626735497753	0.18515776130984438	0.14827703695583366	0.2693401174399719	0.17071881693937227
0.23174943792673752	0.1943449143604418	0.15101073763237105	0.2617571016230954	0.161137808457354
0.22252339653113085	0.18579752877241168	0.15211932401641728	0.2712697836885902	0.16828996699144977
0.2355881381357863	0.1516788809025328	0.18680632312218112	0.26806960670610736	0.1578570511333922
0.22245966669534364	0.17641792263058734	0.18085847672543695	0.25562780307071037	0.16463613087792148
0.22668287747646038	0.16802004622958533	0.19401718577019747	0.25199011911603525	0.15928977140772133
0.23687210545127646	0.17645527702329156	0.16572465554859997	0.25141057601222416	0.16953738596460763
0.2358763593834989	0.1274800139312457	0.20783906670268942	0.26846771191875995	0.16033684806380577
0.22754306184951809	0.1542900767927839	0.20158657790248274	0.2536931145891114	0.1628871688661036
0.22344412148955306	0.13992432838929936	0.20942485815457654	0.2599276457696114	0.16727904619695938
0.23830818452698585	0.13131279581748379	0.19122361060514723	0.27393933822302946	0.1652160708273534
0.22367157473959692	0.14348839792223134	0.2216779927329423	0.25268986279828065	0.15847217180694856
0.22279023403940149	0.1826986919045377	0.1761185875089696	0.25885689602700473	0.15953559052008623
0.2245040693939977	0.19305737809377793	0.15546444424541755	0.2615107416834055	0.16546336658340108
0.2391984972506516	0.1713925667522534	0.16069903613814168	0.2681074263559129	0.16060247350304016
0.23753538797809337	0.16564893066493733	0.16659438115153669	0.26510256032274215	0.16511873988269027
0.22348221374757224	0.17419480268574034	0.16387936849298942	0.2669723717153826	0.17147124335831523
0.23161482504799544	0.16802952047454267	0.1813598174941553	0.25221419810672896	0.16678163887657743
0.22980915258443155	0.1941585065895279	0.1470553135546011	0.26010209712576177	0.16887493014567742
0.22479620553757915	0.18241073848358802	0.181579859272425	0.25165178014381706	0.15956141656259049
0.23902387203711678	0.17302798357630017	0.16119679993731098	0.25974882861858906	0.16700251583068282
0.22341373761573582	0.19984729136816243	0.14858662735324693	0.26747318060869485	0.16067916305415977
0.22572339199812838	0.14160732450854382	0.19264078133884724	0.271738992699667	0.16828950945481333
0.23148791653080492	0.14908590431323263	0.18831150847634348	0.2641348760689426	0.1669797946106762
0.22854403811318738	0.14319981625889405	0.18158486474840266	0.2754415339812436	0.17122974689827208
0.22345553100258972	0.11860052748018364	0.22999597694818472	0.2604475806978675	0.16750038387117422
0.2359198999944736	0.15847687119576476	0.16804494985060506	0.2721590142348654	0.16539926472429092
0.2387338335068639	0.15579871085531372	0.18274469392480466	0.26066445703210683	0.16205830468091068
0.23327396375976833	0.1477806189771195	0.20185980425887431	0.25377548116818327	0.1633101318360543
0.2381112979758782	0.1509585238575753	0.17680793937834738	0.26263613034255695	0.17148610844564194
0.22784257830738788	0.21286657732581774	0.14771895460814505	0.252687050531116	0.1588848392275331
0.2368574701720651	0.15816096253326184	0.16798769616797288	0.2682565857743443	0.1687372853523557
0.22089432321609448	0.12211574165071803	0.2269706920657679	0.2697531140760857	0.16026612899133363
0.2239327757317421	0.11646203304494902	0.23433794619340811	0.2565286873785519	0.1687385576513486
0.23059639272896965	0.1294129881987357	0.22232400970366709	0.260587471959428	0.15707913740919932
0.23501705495114095	0.11801854392753998	0.23493893974698943	0.25351577903630895	0.15850968233802043
0.23633861445497525	0.11957477076836034	0.22524093722582048	0.2584936781396371	0.16035199941120662
0.2400618658175112	0.14488282746849732	0.19979927249769033	0.2529865680194631	0.1622694661968378
0.22510480708976677	0.16906142216063216	0.1817651369261122	0.26380361018482673	0.16026502363866188
0.22523537391164727	0.18176889434324311	0.16008813828042573	0.2751370180219824	0.15777057544270118
0.22491824922068845	0.1964912720864763	0.15933715418403094	0.2521148124340805	0.16713851207472358
0.23897735924363392	0.17971159629904832	0.14347783901263877	0.27370272541502666	0.1641304800296521
0.2234527463289206	0.18120034884490915	0.16875476150412563	0.2637319332205591	0.16286021010148527
0.23098902439856991	0.19297315968259726	0.15801850495501735	0.25211001326933097	0.16590929769448426
0.23672045387430893	0.1631965237213565	0.16718423553959325	0.27186704513712384	0.16103174172761722
0.23811020264800836	0.16367731620005427	0.17386008410622264	0.2621103895995381	0.1622420074461764
0.23712583524300895	0.20817310637141248	0.14391387790538196	0.25206018915972134	0.15872699132047502
0.22141278016554408	0.20174421001122883	0.15968410700781482	0.2536751730656108	0.16348372974980124
0.2342156721862518	0.19458258317443636	0.14939435839506696	0.2576701001310028	0.16413728611324188
0.22372320452860908	0.19168088244517	0.14504465036698316	0.2742143098567651	0.16533695280247246
0.22630302491585993	0.11761619669309879	0.21897283574640694	0.2699154607407491	0.16719248190388503
0.23863959064863405	0.18368841803339167	0.14348452785483104	0.27052907617781924	0.16365838728532378
0.23725354535130572	0.1280621114928123	0.20658923967964815	0.26070453302860047	0.1673905704476331
0.23393901569943154	0.13540807785436873	0.20512977043826536	0.2585451878609723	0.1669779481469618
0.22854412522585504	0.143660229550998	0.1924628288001814	0.2688891168688785	0.16644369955408683
0.23835190196966888	0.14970405556126476	0.18078858896659464	0.2680451233835353	0.16311033011893616
0.22436479006427598	0.1270095434242865	0.21523122145676138	0.2622476313941189	0.17114681366055698
0.24031498859823858	0.1572578905097435	0.1712824733328257	0.2709347290878185	0.16020991847137345
0.237137503845749	0.17421467070126243	0.16152011971576324	0.26117101694624956	0.1659566887909755
0.23750251192926586	0.19254557159288663	0.14888454565025652	0.26235352807416695	0.15871384275342382
0.23858677865948935	0.17502774526930556	0.16537199382290235	0.26258317216791466	0.1584303100803878
0.22138041438552614	0.13429264729322943	0.21539964599239658	0.257506947446848	0.17142034488199964
0.23536529047641752	0.15928512512700416	0.18350077492469058	0.2621986928925305	0.15965011657935696
0.23885681288805702	0.19663633093012178	0.14121194917845054	0.2512154235292482	0.17207948347412222
0.22545398880329162	0.16626547071644085	0.1719549928377442	0.27254517638772213	0.16378037125480094
0.22896620204623438	0.178901115254531	0.1552912654667258	0.2681279122867474	0.16871350494576115
0.23845083095569994	0.11738075730540816	0.21843388234743932	0.2643533933307497	0.16138113606070265
0.22882853249204455	0.16616692027299068	0.18935455942456086	0.2568800349563165	0.15876995285408718
0.22394292223954462	0.11997668650589775	0.233962972662706	0.25182792080283584	0.1702894977890156
0.22263374170079628	0.12245385857221856	0.228630998533974	0.2668034098177213	0.15947799137528956
0.23866694659571275	0.17323052601151254	0.1487711779903028	0.2751733628031327	0.16415798659933895
0.23676697783829298	0.19146038140875588	0.14578517400982888	0.2584906275904898	0.1674968391526322
0.23809807292557159	0.15358293943601553	0.19338965617508236	0.25362767638128636	0.16130165508204394
0.2392678755392137	0.16862728647647154	0.1655438736156321	0.2672494636415809	0.1593115007271015
0.2203230506352386	0.16472341585437905	0.18648612885153104	0.2583766204473747	0.17009078421147636
0.2386747175545429	0.1667627391276652	0.16470694201980654	0.26302081218365425	0.1668347891143309
0.22312409870332628	0.1591292618224584	0.1927494638489355	0.26314446416308646	0.1618527114621931
0.22219653617581628	0.17112049940856489	0.18433436106554038	0.25885077655699884	0.1634978267930794
0.23151743452844287	0.19968147632716424	0.14811548430641447	0.2586376366613455	0.16204796817663272
0.2205473440025773	0.19481641161980764	0.14160474819929758	0.2749830451737919	0.16804845100452537
0.22578005475080598	0.20137251720149135	0.14298086857047942	0.26343494098725356	0.16643161848996946
0.2273236807164611	0.17570892245283948	0.16209334433038836	0.2709476859673142	0.1639263665329966
0.22392299797578508	0.17169690588714176	0.18284028143431452	0.2576855386306751	0.16385427607208325
0.23760078521709982	0.15792563647991628	0.18762623291982378	0.25509635501272604	0.16175099037043383
0.22256700085201409	0.1602129728291184	0.18851916886025197	0.26935793658310536	0.15934292087550994
0.24043621609684074	0.18340355123901494	0.16104043082976666	0.2544731297672992	0.16064667206707822
0.22925930827020793	0.14994201489307443	0.1962051092449674	0.25576652293233015	0.1688270446594198
0.23379754749641435	0.1339387275602114	0.2137499856833349	0.2515940604341049	0.16691967882593417
0.22317229740016722	0.13784737629345095	0.20251400261742797	0.2664889787511613	0.16997734493779235
0.23402621603742607	0.14099690020947658	0.1933269356408719	0.2673244282895335	0.1643255198226917
0.23863210431540127	0.17088034792456147	0.1512505560550701	0.2722549709560371	0.16698202074892984
0.23272752231600868	0.16893883873923965	0.18589044047016018	0.25160057916541895	0.1608426193091723
0.22753627154366618	0.13796691913651765	0.1931328354659505	0.27214424961382716	0.16921972424003828
0.23310477434992505	0.13386926874135935	0.20301695123747	0.261192793855796	0.1688162118154493
0.23886068212838676	0.13405141522046363	0.21720612572488968	0.2514157105590899	0.1584660663671698
0.233854571865345	0.19482120979952477	0.15262867253983883	0.2579152695418887	0.16078027625340244
0.2301431707253231	0.19582605831280686	0.14404527344490758	0.2664383260471384	0.1635471714698238
0.22331916105862284	0.18457124813384512	0.16905944319298008	0.26599195016170657	0.15705819745284516
0.23510985886764793	0.165216880958096	0.17408187964088082	0.2597003017944808	0.1658910787388942
0.2295714386186224	0.1865855693887859	0.14728740488364217	0.26513941794456464	0.17141616916438468
0.2336356932694586	0.17136511644475985	0.17024433964334124	0.26167495099666643	0.16307989964577368
0.23195570274085575	0.12369017379227681	0.2151755913008762	0.2691096986792981	0.16006883348669282
0.2245016651335451	0.16344180588672866	0.18379461648533238	0.25669258611637497	0.17156932637801864
0.22285396141787273	0.19039940127769814	0.1555973550111563	0.26535097436962846	0.16579830792364414
0.2337418252610258	0.17399311974202333	0.1747060765201261	0.25670256123913426	0.16085641723769026
0.22016769868590752	0.1687252426977596	0.1903785589865162	0.25731428268291756	0.16341421694689892
0.22376871486006494	0.19247087878421726	0.1628486720015644	0.2583427623330847	0.1625689720210685
0.2281158837993137	0.14545941947457086	0.19506751666595892	0.2735312167971182	0.1578259632630381
0.230730988793524	0.16121173537751976	0.17399863341597266	0.27003556635949777	0.1640230760534856
0.23584389487277932	0.15837168641996233	0.1717441870921539	0.27489931815989943	0.15914091345520476
0.22292737920467112	0.12402499620486682	0.22127251796941763	0.2717676000030704	0.16000750661797383
0.2370307946929159	0.16891809384171755	0.16735265937861424	0.2686068087319093	0.15809164335484277
0.22333510352991287	0.16210178062962988	0.18578957000797974	0.2692210076665149	0.15955253816596235
0.2348158492817829	0.16760326511937043	0.1728175152751913	0.2605698254485792	0.16419354487507598
0.23188182345874314	0.16026532062933876	0.19518176242020446	0.2538263781979854	0.15884471529372798
0.23513063065305698	0.14191957053666465	0.20857348833714887	0.2513737295566618	0.16300258091646747
0.22286316524110272	0.12398345570624966	0.229628118160855	0.26545795842139613	0.15806730247039624
0.2297000272645064	0.13291834782707795	0.21268339572177414	0.2630466106812616	0.1616516185053797
0.22592927747157454	0.14943627892984593	0.19446335000425768	0.26986475876693294	0.16030633482738865
0.22578631775705027	0.1531245052196484	0.18796803746239218	0.2660258620376126	0.16709527752329634
0.2330929371399906	0.18514458291933414	0.1492256247649476	0.2753646561837976	0.1571721989919298
0.2345289382560925	0.141946042117136	0.20266177523162715	0.2563760659795088	0.16448717841563534
0.23703955413180233	0.15444101959954268	0.17942511276595619	0.2703590164222319	0.1587352970804666
0.24051256393891968	0.16288381439751842	0.15064906732445796	0.2741357988068185	0.17181875553228515
0.22844352095809914	0.18348050674913968	0.17520608232891555	0.2539946690432534	0.15887522092059203
0.23855118387328006	0.16110871246316388	0.1629907425274091	0.2671055315335824	0.17024382960256426
0.2241555409366319	0.18649735018901434	0.16127166575558097	0.2679498360853592	0.1601256070334133
0.22891249057664997	0.19434401585823177	0.14707878671535307	0.2672977055523543	0.1623670012974106
0.2212259415149519	0.20013674345478744	0.155942051957207	0.2657519556965609	0.15694330737649254
0.2396464306306179	0.1786990031468803	0.15323759847986684	0.25665622602770455	0.1717607417149302
0.23486199652081408	0.20920661482139138	0.145552642412755	0.2517284626591255	0.15865028358591374
0.23551310505624073	0.1708355435103922	0.17274008945161823	0.2620076887331919	0.15890357324855667
0.23071832941855125	0.1554038997716166	0.18467497466548582	0.26934023420146885	0.15986256194287723
0.23648990636433592	0.14467434462105694	0.18705163548803455	0.26873792305389843	0.1630461904726739
0.22727816553432295	0.132845814380014	0.2146062049450463	0.2547349185537442	0.17053489658687232
0.2223662330492199	0.13472073292092535	0.20795870823456206	0.27471202941661144	0.160242296378681
0.23831555654376366	0.15443521655366227	0.18366402609437366	0.26385813116562995	0.15972706964257022
0.22472654866483463	0.16559937192165164	0.1823808234608363	0.26026715367187114	0.16702610228080603
0.23349241017316946	0.1368604716896132	0.20784939920699264	0.2534145032863294	0.16838321564389505
0.2305127283046355	0.19178059956744334	0.15520164185048113	0.2561233309478854	0.16638169932955432
0.2378066155487505	0.1441208261588356	0.19220092652225285	0.2601617284955174	0.16570990327464347
0.24016574303982938	0.12104976695043695	0.20680249970733908	0.2725942471895945	0.15938774311279977
0.23414249578930568	0.1166049856338425	0.21188293318177046	0.26889341767204883	0.16847616772303226
0.22869868647874667	0.15440811678207228	0.18393342907237167	0.2742719356614166	0.15868783200539258
0.22409535509852005	0.1313585211010438	0.22441806770425834	0.2562406392440651	0.1638874168521125
0.2218837397663199	0.14378841965290073	0.21441535903258707	0.2536544165058557	0.16625806504233637
0.21995462305500604	0.14797648317761405	0.20941918083917566	0.2544714181196291	0.16817829480857494
0.23982343627983896	0.12388011524262824	0.21275938498327363	0.2600653151833039	0.16347174831095504
0.23646433683893586	0.18084352993414143	0.1565451493063047	0.26057904738509813	0.1655679365355196
0.2385629476764024	0.18344576691879094	0.1565841648131398	0.2557919271178555	0.1656151934738111
0.23175876797379713	0.18917423646523054	0.15128707010632902	0.25804791539575517	0.16973201005888788
0.22104233841986246	0.19979281807964885	0.1473438510733533	0.2679407261728749	0.16388026625426028
