0.1399061893988271	0.07150500602948337	0.08001379607185191	0.16233027101547912	0.07088641220319764	0.07609562159014667	0.24099479919779065	0.15826790449322325
0.188331915798989	0.0715327919470968	0.03972861550163828	0.19052319288837005	0.03126784367868449	0.08924075518841143	0.22863940240777497	0.16073548258903475
0.1860704703719538	0.04990177704746741	0.16078568887440364	0.11538425235984334	0.021789671942883254	0.09979718095466542	0.2284235575637468	0.1378474008850361
0.16605632038114698	0.0647733413778602	0.20637932530114686	0.12638335487021443	0.07138687372796987	0.07668556916456752	0.18797338849435452	0.10036182668273941
0.1699540203750865	0.04904043326475585	0.25414913833596076	0.109100810115702	0.02483687711282742	0.08962243324445657	0.190460215157086	0.11283607239412465
0.1341855186110861	0.05880182190271646	0.10982772521325429	0.15786858211445665	0.06402014237289212	0.08679026510483914	0.22086061360696002	0.16764533107379503
0.14841034630300465	0.06412692228894956	0.1400456253002277	0.1831280568118419	0.043428774974663034	0.09874841003690082	0.19523766445289278	0.1268741998315193
0.15340556777805905	0.05251692710868493	0.19001901303197874	0.10599593257580911	0.06811485519561998	0.09424166805307306	0.23531276781773924	0.10039326843903562
0.13723778159556183	0.07666497497453086	0.25663090045787595	0.12652482842554044	0.020196975194499228	0.0821770265983448	0.19871513537766317	0.10185237737598352
0.20249657270802118	0.0679314322185173	0.06836369251757043	0.13236651433241173	0.04374200841831227	0.07431035972773581	0.2824207493681469	0.12836867070928418
0.19479564394137205	0.04694129221185489	0.1618266422752279	0.12577863119633445	0.03970806854550557	0.09128298568253929	0.1739042591798164	0.16576247696734922
0.16995410439101122	0.0774719450372517	0.11075017367382255	0.19397566413802275	0.050138797810663896	0.08499569426862671	0.20032729435888885	0.11238632632171208
0.17626290941455475	0.07246775662090832	0.15256462499320475	0.1151923573679276	0.04245427215235022	0.07603587937948167	0.2264203582490054	0.13860184182256707
0.14826070084558193	0.05329546384638717	0.1793691058650786	0.1373444955718358	0.06007355028423628	0.08616805931963453	0.2315900948283937	0.10389852943885175
0.13550621024009252	0.06508750991130353	0.11220611317801137	0.15583622896421223	0.012541826671279024	0.07624221009439128	0.27014306012026706	0.17243684082044272
0.17470395738105526	0.06935020401072245	0.13049388276391535	0.1243002305573713	0.08227817471338869	0.09453475914815226	0.21160888789809296	0.11272990352730156
0.13755027093781655	0.052090396523428714	0.05120922495101153	0.19312746901587663	0.0426219828041738	0.10487163203867456	0.26036033352985266	0.15816869019916535
0.16169935182886222	0.06351848650874414	0.08522524824917847	0.151893371399466	0.026380073801033688	0.07378763139839523	0.26867484535845826	0.16882099145586177
0.14569711228318155	0.043594179773180544	0.1850806474587226	0.1327018492621318	0.04195513812804401	0.10294992590368078	0.21031605513301488	0.13770509205804365
0.1772183004714261	0.06752885740600123	0.07539036414545998	0.13082615249350907	0.032814335273862336	0.07291605718439802	0.2729807984295437	0.17032513459579934
0.20062290605825672	0.06679836977698525	0.11720172743323654	0.1779416094777384	0.017784496400386512	0.08322084131453925	0.23246855101561242	0.10396149852324467
0.14655927383633582	0.07390367199279581	0.1886513647773765	0.13610521198891182	0.053298990279818007	0.0733892995680419	0.22514781223907585	0.10294437531764408
0.14875407140972982	0.06228017385177695	0.1897766557748495	0.1216929454829053	0.07315167968984534	0.09332205026657489	0.1941392371768403	0.11688318634747769
0.15835290744751684	0.07799176396683918	0.07605874326649731	0.18717722462571787	0.07195970274484992	0.09328990256950045	0.20483786089819953	0.13033189448087867
0.1417326834727197	0.053061616279931015	0.18995772473959877	0.11783788461008862	0.003624650566610016	0.0716475447680946	0.25870631201392835	0.16343158354902876
0.20238069318516116	0.0637868162057503	0.015552032266471866	0.17496473708354193	0.0687135494628829	0.08583603302561738	0.27788335679921444	0.1108827819713597
0.20025401955371513	0.06799353914144546	0.16015710727411156	0.1471457790160876	0.011031311240533928	0.07602496474916431	0.17714494249300722	0.16024833653193454
0.18587046628436157	0.07597093802470185	0.14294405869195287	0.1382923877418946	0.03702166570018749	0.1011012902991324	0.18284180598124716	0.13595738727652182
0.15052023958198585	0.07631821237309129	0.06540946465063485	0.1924807614179322	0.05413212629321072	0.08644717243473307	0.2685024778259977	0.10618954542241421
0.15959282772991434	0.059222201209144676	0.128142354915706	0.15923007481734291	0.07653344964465761	0.09092603082116846	0.19341540626077652	0.13293765460128928
0.1844206346824906	0.053512888080576915	0.02440043837388378	0.13677704956887332	0.07235521802357056	0.09602665131252244	0.2770452678874284	0.15546185207065372
0.15378511226757405	0.05635849524907789	0.17852676608612597	0.14065482948517566	0.03312273456170724	0.08334014156958694	0.1923223535346135	0.1618895672461385
0.20013737564146253	0.05967051473498659	0.01972603421641196	0.19379036916942227	0.05817261022311168	0.09472536847668947	0.2710516990844493	0.10272602845346593
0.18809419398088859	0.05494987808622187	0.19933672587737286	0.13536327693618527	0.05329217171724618	0.07682540340096868	0.18673409526299511	0.1054042547381212
0.1818093930423767	0.06271216746965112	0.11140400658720301	0.14795695357148198	0.08208449828226203	0.09329360074378044	0.20532988575104713	0.11540949455219737
0.13633647356140566	0.07493907224820177	0.08754521625411146	0.13018136982502246	0.028063890715814402	0.1001439053790063	0.28755046302138376	0.15523960899505398
0.17556591556428502	0.05166161712069374	0.10101684980562656	0.17298444344348748	0.05613894342227371	0.09463980864199659	0.23648939891354717	0.11150302308808947
0.1478779319466329	0.0689333274573889	0.02169143393682496	0.16582057852481147	0.06487319211177589	0.0778988666217271	0.28068525070289846	0.1722194186979401
0.17412994636369494	0.06192365514691173	0.11509007487318712	0.1581667681458031	0.030153730395528613	0.07435422314500671	0.2700396810758985	0.11614192085396902
0.15743475010620556	0.07421881732564165	0.11783549347206129	0.12489602317477867	0.047350670095363465	0.10092236720801884	0.22668074611507832	0.15066113250285199
0.13606449094260045	0.05763339677211392	0.19766491506266798	0.18528593721129927	0.014062989201803974	0.09913539553157519	0.19785681459203397	0.112296060685905
0.18333492726661893	0.06560392855061933	0.06260204369405084	0.1840113634476036	0.012433187132093654	0.09619370858957253	0.28366437412942014	0.1121564671900207
0.20223178295553287	0.04853313692327228	0.1016373557059673	0.15262179312355534	0.011975241827395108	0.07733320550937234	0.27327983388778154	0.13238765006712302
0.1895016197238779	0.051042000355211836	0.10544440178244587	0.19016970633801736	0.03806231572229295	0.06952033917363734	0.1992655876659521	0.15699402923856443
0.19620965538596713	0.06480675538149326	0.19113229042952481	0.12648058071582022	0.019715894409261372	0.09240527598064692	0.1840430874858078	0.12520646021147822
0.14587509434095913	0.07764853112226927	0.14816125409986755	0.15661077081376173	0.021415175955102353	0.08739431195083154	0.21822306910488504	0.14467179261232316
0.19986061777599773	0.07683233272828985	0.07692290229317394	0.18013506026537393	0.03493283368537675	0.0891510962533467	0.17822835997533837	0.16393679702310243
0.18081210229902495	0.05606390736151316	0.10193693930850733	0.16639174531612627	0.05685093002857888	0.07433076821472799	0.20517462307137685	0.1584389844001443
0.1779064710275218	0.047235863780416304	0.20732607791010468	0.11646243124552515	0.07799620004080987	0.08485752232876115	0.1897169046470939	0.09849852901976694
0.19070629586626614	0.04946609680153635	0.029386513512011617	0.17424888908884995	0.0672576476023266	0.08720601070284559	0.277791173833613	0.12393737259255048
0.16711549805018555	0.07117495279621906	0.17336421252300416	0.18967391305165598	0.005787935954082307	0.07403219765015413	0.20124018102045607	0.11761110895424248
0.13429945156888104	0.07015286446497773	0.10591634732539613	0.14644113775892903	0.07893693817976152	0.09698097473567388	0.21882078580483272	0.14845150016154773
0.15890452374747915	0.05632353233644995	0.1772335093430505	0.1369938080207158	0.004471558518849686	0.07647074568348283	0.27874329330238423	0.11085902904758768
0.17192129154357422	0.05718867432794823	0.1271333526424532	0.14907477923875564	0.07600940892437398	0.07274057031284602	0.20480986237238236	0.14112206063766614
0.1608590898792083	0.04842818723693795	0.1419326191304574	0.15847203101017743	0.0709765401886937	0.09915427466907524	0.2169495099313091	0.10322774795414061
0.1558190136906402	0.0692910126966558	0.09229107601587459	0.13824184106430248	0.062286934669716396	0.09133057372851357	0.2713990633610717	0.11934048477322501
0.17342243333953583	0.04779110098731075	0.07585620975720522	0.1780314461391154	0.02828698991221014	0.08836505039270022	0.23507392866790422	0.17317284080401796
0.16692769185916484	0.047871161702710135	0.08682646845973059	0.19081014101145616	0.05687713993405959	0.07887951221688833	0.24316893354178987	0.12863895127420027
0.18342696446275641	0.06897576553638636	0.05438384346085105	0.1821437766235312	0.059518853584087344	0.09681206964978015	0.23542532798696247	0.11931339869564477
0.13537233665037116	0.05953324359642917	0.2515380449154691	0.11673122836661429	0.02405148698821398	0.09965206171269632	0.17312878626673367	0.1399928115034721
0.1357379160888209	0.06747079999082467	0.0772591305809904	0.17792959870354108	0.0824353513829612	0.0817618245523189	0.2229571550159608	0.1544482236845818
0.19106266750115622	0.049234152144187304	0.13967633755063152	0.13341264110256834	0.015795389880618127	0.09699054038733798	0.2511368901762838	0.12269138125721644
0.14484899108479138	0.07568736821072368	0.14253000370524818	0.1285408103898516	0.04070079259067656	0.09678983177287226	0.25254628946502533	0.11835591278081076
0.19147871528111987	0.07021105003143636	0.142854497819084	0.16340015546385034	0.03112938188927994	0.07168006991657959	0.21936808359589027	0.10987804600275942
0.13400703398560354	0.06292591715018625	0.14682048895202285	0.11848529396519886	0.02573159607022689	0.1033474064576769	0.2625258879562926	0.1461563754627919
0.18619919762231196	0.046503989290685346	0.06623715523512426	0.13297042824706679	0.07115362775669604	0.07288004451611259	0.2821066588791832	0.1419488984528196
0.19797746578089265	0.04418006322690478	0.04288851966611161	0.16452261763301512	0.025891317627603577	0.10485060114701658	0.2754258971619642	0.14426351775649127
0.1540030847935745	0.07056335672191065	0.08892590214177268	0.19255204000967652	0.08000252758204855	0.09337636172519503	0.18298649766604272	0.1375902293597791
0.14474550539497158	0.06187739951351616	0.08629897733849867	0.18093352888564787	0.03635569829294687	0.07654162987199961	0.2869672816475862	0.1262799790548328
0.18621083511769426	0.07205365430648805	0.03697047250681955	0.1758945377309072	0.004906419350863944	0.08967266785968853	0.2743937265249781	0.15989768660256007
0.2037877523697837	0.07550465709092094	0.160517057373173	0.11724142991206303	0.03789558825569281	0.0929403571806134	0.1999405330496336	0.11217262476811926
0.18544967257764647	0.06096124967659375	0.12944125849650653	0.11033053008797977	0.03525796632882744	0.07914843004306654	0.22925378002507596	0.17015711276430334
0.20346235844411426	0.0759207516390827	0.09874982257993889	0.14300054154435876	0.08180756647350977	0.07739641896710778	0.19046473903598907	0.12919780131589853
0.16041074490136698	0.07775970722466544	0.09304640575837589	0.18121471820764046	0.06277082626355841	0.0734635785137148	0.19211439685710124	0.1592196222735766
0.1855056557322116	0.05545500872569541	0.06706968211919113	0.14467732004636372	0.06894539580607947	0.09072440793192336	0.24925805359706457	0.13836447604147048
0.14014521409657346	0.0711417154055862	0.15932094994746596	0.14475212621360137	0.02916570630249124	0.09804255190103166	0.20998640206643363	0.14744533406681629
0.158778049894784	0.05856022241325552	0.14267123516686714	0.1390587702581965	0.060601941101419074	0.08098016188825248	0.252786660356179	0.10656295892104597
0.17720497414424727	0.07400514573669092	0.07347942303266464	0.1592293844740995	0.07710391264482423	0.08881761452870027	0.18282735369484007	0.16733219174393282
0.16939185619202807	0.056059181997607135	0.18875707259520363	0.18891161532291084	0.013652449790094445	0.073832193709675	0.1752719244613363	0.13412370593114428
0.13379011835721616	0.054712331698421574	0.23113337719471075	0.17481336714746945	0.005121126607858434	0.08974647834892781	0.19648054132776271	0.1142026593176329
0.15050952778248972	0.05334683376786384	0.19302585761266738	0.12839552168908386	0.06075963928124206	0.0875938736284264	0.21984071542219671	0.10652803081602985
0.1524861140917885	0.05814890752885418	0.1854367432397843	0.1699018855517242	0.03257020231844596	0.07070714132424924	0.1783322381357305	0.15241676780942293
0.1750221112417041	0.06971853619060735	0.0937848948304786	0.17328212684976377	0.04259412428752263	0.07168614772882627	0.27527364805756227	0.0986384108135348
0.19609033744893173	0.07587911326380337	0.06463251172838823	0.1728227654364137	0.005555217462921605	0.08236380277371672	0.285834721086451	0.11682153079937337
0.1661453280215404	0.06550562266292198	0.22564569816423774	0.10954528003800179	0.02712936249571002	0.08320937007532138	0.20142189694270002	0.12139744159956642
0.20393640240484834	0.06189928388521568	0.11760797883391284	0.12559184725867376	0.036902527109318475	0.09745463697795406	0.23415070340195296	0.12245662012812367
0.146618076816254	0.058082785683396254	0.1688993005072672	0.15695119172852182	0.01712979073724348	0.08685487628988889	0.22972279466912826	0.1357411835682999
0.13891043342609177	0.05544950796052474	0.12129249394090155	0.17395203763617256	0.012657710651886284	0.08286881104547743	0.26816318143634416	0.14670582390260128
0.16386511538305004	0.04776638019112604	0.07191232446450814	0.1585474385079437	0.06364014426703617	0.10088712851744558	0.2442763087594143	0.1491051599094758
0.18237826247213546	0.07139062398800047	0.1647577254121702	0.10819466113633949	0.017831547221883126	0.0789439513979005	0.2620325635009308	0.11447066487063966
0.15353709460436335	0.04554514983109645	0.09904579522538158	0.18702510505344846	0.07915692121696699	0.09914762880010648	0.17714221233871033	0.1594000929299261
0.16105505746048315	0.04923269919670116	0.16473336890941742	0.12862512247873145	0.06697303429415581	0.08582104274832932	0.17722328305752133	0.16633639185466012
0.16916471202305655	0.061241768470165686	0.16373318684820123	0.10607186880237462	0.009086057342488338	0.09754495384144915	0.26867247183301346	0.12448498083925076
0.14851510592640088	0.06869990118178411	0.10573075319421543	0.13008541132755747	0.08152810691610012	0.0832728715428219	0.2734353335558837	0.1087325163552362
0.14703817271565778	0.06118168875349274	0.17867897709161584	0.11382601724715191	0.02993841052619442	0.08268395828222086	0.2448340386218783	0.14181873676178794
0.1406167618373259	0.05649692613741304	0.08149894612558842	0.15363320424348675	0.05718052668567991	0.07162684500765677	0.2851268561117205	0.15381993385112844
0.17452402835457892	0.07583665241145071	0.12260188256632369	0.1566234504326905	0.0813408688792546	0.1033544758421483	0.17813051303470706	0.10758812847884601
0.14727012261556482	0.07336611529635796	0.120262548778934	0.177254436438812	0.07891458085017337	0.07246915368851894	0.1770080056452715	0.15345503668636717
0.1782758332052762	0.06826110463565471	0.1704241033682844	0.12930306226439284	0.040782571558598324	0.07319862296374972	0.1936277577798231	0.14612694422422048
0.19651777097132458	0.04363214017753424	0.13151084036971525	0.11303131819276885	0.08406284027124489	0.08787620537157582	0.18995180166865194	0.15341708297718418
0.16821697511497688	0.06629551824332207	0.026073485563251814	0.1476573377042248	0.07795563151232175	0.08236138526017855	0.2824941138229963	0.14894555277872762
0.1828158412507214	0.062044363053131366	0.1062093129829158	0.1833290558031849	0.026731637588497767	0.07087202537890731	0.21862291372027204	0.14937485022236918
0.19052321826959284	0.05875278934063154	0.012445002930413493	0.19350028421569299	0.0805979113569679	0.0794801948550567	0.2145931521779551	0.17010744685368923
0.14541525813616143	0.06479618803260144	0.15680684992611224	0.11420356887328514	0.010655195080506552	0.08086963447423971	0.27846533257436756	0.14878797290272572
0.16916215573081447	0.04703623351232725	0.23474291729281627	0.11261556332116741	0.008871650673425699	0.07619319368806127	0.18818526647596312	0.1631930193054243
0.16764490600189894	0.055389487869328805	0.11702531367685455	0.1869762603002944	0.06492073863585698	0.10288482043761679	0.18781970675667164	0.11733876632147765
0.17424292718477585	0.058998480101214834	0.14243869521449795	0.11705298230173637	0.058837182971261115	0.08757969339576699	0.23304693321706157	0.12780310561368508
0.17069170623069888	0.049797895398816586	0.1801218347349749	0.11178890656238613	0.03346252733774496	0.08114820053934826	0.23255865663123523	0.1404302725647948
0.17029380964626784	0.05077770291244581	0.18345847042945068	0.1144556890317444	0.05020364764570959	0.07598186893305432	0.2509905312236951	0.10383828017763201
0.15008067636811945	0.05775660477195067	0.1293797189946044	0.1358726104102993	0.03345945778296455	0.07047572701142743	0.25629413207844515	0.1666810725821888
0.16180489440405205	0.05858248685055166	0.13371419413314892	0.13451844020787962	0.04660378386676621	0.08252786580883076	0.24215852253289816	0.1400898121958724
0.17851728518029586	0.043628237257183594	0.12530043287579998	0.11270809175608945	0.00663530848948668	0.08153456870738152	0.2903603358971065	0.1613157398366562
0.15368380008032428	0.05799226533621042	0.1313005802936852	0.1285258270307412	0.04898355464492721	0.10206402086819567	0.2301502298266045	0.14729972191931132
0.17177897872975928	0.06672452136035098	0.11151645170739508	0.1583170208200463	0.006223822624747771	0.08527004405558229	0.26242369919134023	0.13774546151077788
0.1586655372519847	0.06945138309557072	0.14334402747777433	0.14851032673957057	0.007310993194108079	0.10404119598797473	0.20661159867046247	0.16206493758255414
0.1686500526042318	0.06919134008951136	0.10170934828172862	0.1829050486503465	0.05798791021532593	0.08310656198659612	0.22649072531582617	0.10995901285643327
0.19484402512764185	0.06412418491333882	0.12426658760021403	0.14349375772374037	0.0177380409354871	0.10235244529498444	0.20301291484513684	0.1501680435594563
0.1541451105295257	0.05642932532008002	0.17485709391364823	0.11303920843735991	0.0102905312181137	0.0923512714115738	0.28343805726018945	0.11544940190950893
0.2004121426743338	0.04774348818141112	0.15126498204022062	0.1793949839897281	0.004502886056058614	0.0729357022712496	0.2355405907450412	0.10820522404195668
0.15377412719797146	0.046508494160275124	0.17931677351391068	0.14849870291606942	0.06590499768994351	0.10450580925742992	0.19571245893262035	0.10577863633177936
0.20087417414028952	0.07720556732399399	0.04176068950374788	0.19227131735279468	0.0066794700826039305	0.07018286349901236	0.26207436566026276	0.14895155243729463
0.13440242996618476	0.07731694828848297	0.20752501488421227	0.12777708406270155	0.049068580471316195	0.08589969903151136	0.18415147222163852	0.13385877107395217
0.1652287078704179	0.060045884685943546	0.17442742502940045	0.12150835473794384	0.08338376198001834	0.09524987277418005	0.1736537222623301	0.12650227065976552
0.16201418628357267	0.05266566606448175	0.10671813701747904	0.1775692281891044	0.01841783284092588	0.0984647032927349	0.27736766135972535	0.10678258495197583
0.1806511676675992	0.07769484805214061	0.15708052269277575	0.12533272951671434	0.051285927178062435	0.0758957144977134	0.18841352070292172	0.14364556969207232
0.16599771831909327	0.0656623437622473	0.16950131371319682	0.15885160358830433	0.02557905936589447	0.07375855293520509	0.17690130978208468	0.1637480985339738
0.13362374961909962	0.048348752058778366	0.18646552064848787	0.18251648672964726	0.0145070425561738	0.08787127084059755	0.23570569700566749	0.11096148054154781
0.1825050204096853	0.04803776846802871	0.11008834026116097	0.16203694170988037	0.08094507152257255	0.10264169001822274	0.19960956690609896	0.11413560070435017
0.15194834179903405	0.07580020202361143	0.020354566573632563	0.19315444572454327	0.052975638182577486	0.08914906418126667	0.27131478128865416	0.14530296022668016
0.1454200044520735	0.055234851898054646	0.14045517311616326	0.1375274988698453	0.024223194353638067	0.0793348466631873	0.25286006168857333	0.16494436895846432
0.18983564316301893	0.05000396243275321	0.1415446992898483	0.12056826597825561	0.04805232761551706	0.09592822235970605	0.2261013938046127	0.1279654853562879
0.19574389220658117	0.049424636386053614	0.060937591666880286	0.18390172643366784	0.02133301588088861	0.08215252753293185	0.25546604229443626	0.15104056759856008
0.20291407261790834	0.06894332756851582	0.08898509341040572	0.1719654816339093	0.015815409798340688	0.07386764827914852	0.23000150632366004	0.14750746036811135
0.1623515542351084	0.06023045413229093	0.05302217945945728	0.18438991078553946	0.07673347841256228	0.0923862202646018	0.2153217648736832	0.15556443783675641
0.17618535520328246	0.06254112612040835	0.1779624245811221	0.11217207706478757	0.04720810256477809	0.08602687989370347	0.17109939654617987	0.16680463802573786
0.1936804350122564	0.049244705379817316	0.08905565296201608	0.15633877219147518	0.06446023834672616	0.08309000159314157	0.19859649397846024	0.16553370053610678
0.15771030109850637	0.04869825407109635	0.12258707257794475	0.15693017597458808	0.05793606673652445	0.06987525978737125	0.24279210476393517	0.1434707649900334
0.14498990822929803	0.0739753673855048	0.1641694450937536	0.15085141856738737	0.014230640621646612	0.07581218515578936	0.253171719133052	0.12279931581356804
0.16186702411448506	0.04605707249489677	0.16884505109478712	0.18378838718013818	0.020624979533197293	0.09706505993629523	0.19319746070011923	0.12855496494608087
0.1682411659723628	0.057699308184121306	0.07154568816143278	0.1379695336325296	0.0467629843239573	0.09651918380853602	0.26824967051711407	0.15301246539994587
0.15178915306535573	0.05298518682022954	0.20212197089837505	0.11447108586057714	0.03593935587265011	0.0935078318679726	0.21362700715861252	0.13555840845622705
0.1383397436154893	0.04514979989681572	0.1939744187854394	0.1411795676560113	0.013224347477760245	0.09705334891884078	0.26577400156678366	0.10530477208285935
0.1814408628165378	0.051082883009934216	0.18984184583691255	0.10828868265495296	0.017381621615508214	0.08409993136624565	0.24314049243382663	0.12472368026608174
0.16596110402627456	0.049251884113441155	0.0635750247649755	0.12080724049180544	0.0728826883646824	0.10464394465171442	0.2891425008534575	0.13373561273364876
0.14043507545123587	0.06971004356850279	0.23149138782274542	0.11409170495152567	0.04973466345869122	0.09970969065838503	0.18959402390474278	0.105233410184171
0.18060189267962604	0.061076945547496514	0.16410673819242264	0.11889670543065314	0.009375030090028214	0.07587934118113494	0.21583611575946096	0.17422723111917732
0.1844404215650566	0.06516167110879194	0.14797457348121043	0.11885426185551602	0.06800667099982899	0.09918371544275587	0.21429437734692452	0.10208430819991539
0.14550440938540893	0.04401662255044397	0.12946740265469991	0.19064097343629277	0.05163481329717684	0.08335060679574616	0.22547189745143126	0.12991327442879996
0.19137249051946614	0.05347028082445429	0.13309568009988265	0.12415644229770446	0.013692492619233984	0.08869462319531876	0.22917830919793553	0.16633968124600396
0.1745024316103469	0.06197957364484391	0.1250956080663463	0.14082284917841856	0.013568490662610552	0.09207866748458546	0.2730042502054335	0.1189481291474146
0.19303648358295428	0.0473457244689864	0.08773985127747001	0.1734768480979379	0.057086836459696144	0.1044086457103455	0.21179693861671856	0.12510867178589097
0.1431560388555494	0.06326535713139073	0.06595147306645473	0.19041676928082954	0.07207220941390749	0.10026683804793352	0.2648860456111791	0.09998526859275526
0.1662935104816246	0.06147629953691569	0.20616292447296442	0.13031374325186904	0.04821459454473932	0.09984989118770972	0.17310925258810483	0.11457978393607214
0.18121367615447967	0.04760157286948358	0.11184855752171756	0.13355527057093058	0.05509031770249652	0.08602103232874547	0.24606539181440729	0.13860418103773905
0.1779120806837543	0.07496136489234025	0.1373328830709648	0.19313569336826647	0.007274634484624301	0.07026214088452434	0.21683369997979368	0.12228750263573163
0.14877766081693555	0.07308238840233854	0.15112075261072636	0.12910033864030507	0.07119303692652267	0.07761951477645854	0.23610045879441738	0.11300584903229566
0.20184352030538277	0.07137548616910135	0.012139010358783342	0.19375616882626542	0.04611803515849913	0.07902484163580964	0.25443641219278534	0.14130652535337274
0.1533056661357949	0.07161042124059745	0.1710590489601533	0.11993285539760291	0.03334061771528546	0.09944886809828213	0.22880135173332208	0.12250117071896152
0.17592308497953474	0.0720666318954645	0.04362224948667029	0.16046936215945765	0.0647362110504745	0.09396787421722373	0.2492645478691345	0.13995003834203987
0.14773914232990915	0.057222098746583835	0.1503075472889954	0.19419595692818126	0.006635189282038767	0.07019461379312317	0.24592968526671666	0.12777576636445157
0.18983183555975566	0.07001030205770631	0.16039400861622222	0.11220734925565969	0.06927317141072567	0.07015789046419443	0.21177360253559696	0.11635184010013885
0.18815418333752715	0.0704362473434221	0.06692775739945367	0.16608699245633082	0.060784932058227645	0.09329354231430004	0.21735733990871914	0.13695900518201914
0.18929592031582015	0.06866703779137776	0.13712000372325872	0.15242488597449655	0.02523607718257538	0.09488713820420483	0.22985524719304548	0.10251368961522092
0.1550935082719594	0.04416907102339801	0.07720437856689571	0.17757433013303145	0.010032044490233066	0.0867773713500333	0.2744527020430985	0.1746965941213503
0.18655418870485804	0.06826110979845285	0.04919487277204651	0.13459660358222786	0.07292635513708531	0.06981014867393445	0.2633536960740268	0.15530302525736797
0.13410372427709383	0.050500884375071414	0.16274246850447346	0.1461221428965401	0.012626273271829233	0.07638405629816689	0.2568153772744307	0.16070507310239412
0.1657648228465982	0.04956701757680897	0.10567520987514392	0.1506488844852923	0.0067742349547514485	0.09936300950896854	0.24937442271221283	0.17283239804022354
0.18966127028469743	0.05956152627886556	0.07123257557402621	0.19429186327104064	0.08133690079952094	0.09081266257348794	0.2137006256382699	0.09940257558009119
0.14457015841588527	0.04501358498078395	0.11660360356208638	0.12023321341308224	0.06931743655030169	0.1026868475710245	0.2538351756558491	0.14773997985098658
0.1418432081402479	0.06924844044660884	0.1361588109531518	0.17557571088552631	0.08316351116076873	0.0844515353255338	0.19572680933547792	0.11383197375268445
0.1518959306492046	0.07262827698525437	0.07109428379972968	0.17607141527930528	0.07607564955048599	0.09366385001100898	0.2321598707037653	0.12641072302124556
0.15376104941422228	0.06929450466709322	0.12042319453610095	0.13375387666455818	0.0028535378287325996	0.07661574410562799	0.2756312974955517	0.16766679528811285
0.16354482937931236	0.04709824159150111	0.13348983438679018	0.14788943050161352	0.05451997888455819	0.10056522020436948	0.24662369469753512	0.10626877035431984
0.15838622005000277	0.05123807282942003	0.21804728947867424	0.11977897660793917	0.010440789165123116	0.08956366305757288	0.2160967279443231	0.13644826086694437
0.13344379960600514	0.05365761672205534	0.22469936705010557	0.1080732697901727	0.05411550010630267	0.09972252616907971	0.17667802030931049	0.14960990024696813
0.20354681877820618	0.06272770094905859	0.16224911225952393	0.11995594098980131	0.024546340251122664	0.07073434683640875	0.24008670987085617	0.1161530300650222
0.16829585630784455	0.07786538535338622	0.08910357925534472	0.17048028647201774	0.016371211076238915	0.07205844014986229	0.23963703083029486	0.16618821055501046
0.13688802435820166	0.07714890022310028	0.1346873558512474	0.16916521932245798	0.08351930497017823	0.07863583524804313	0.20587072066356954	0.11408463936320158
0.1442986918162671	0.04487085214986318	0.20241921528956952	0.12876662510079606	0.04603338934161608	0.10283254764333653	0.20894469489683054	0.12183398376172082
0.18458629247022973	0.0703751182972569	0.13212019559108756	0.18967402285874796	0.03668066933400427	0.07750911665916925	0.21044312034241633	0.09861146444708774
0.16847838243785987	0.06723912198031198	0.04440865213738232	0.1465626653982668	0.04653810350802283	0.09595697396095179	0.2648945129924207	0.16592158758478345
0.16463889875614285	0.05608799174642033	0.12307338303164002	0.18736685972932038	0.009985952633367087	0.07860254584187343	0.26984108015570196	0.11040328810553371
0.20101613172256796	0.06867366043829412	0.09462724673633928	0.16867598403163486	0.02070383203144255	0.07404196887854955	0.24668780104947816	0.12557337511169325
0.14667474569356345	0.07797690901860685	0.1241446397333932	0.13931964502591135	0.025804061598952988	0.10381812198643015	0.2273259143874063	0.15493596255573552
0.15198127900048208	0.07682383887425896	0.14952650988955413	0.14870592545158356	0.06374102699763648	0.0818034405186733	0.2249415170195247	0.10247646224828655
0.16686185609425358	0.06819094510181126	0.17162057922515014	0.1187082408559756	0.07037731409953712	0.08135158205167434	0.17267274327906665	0.15021673929253104
0.20312343481167255	0.05091814303810381	0.11571563724209433	0.17328400648826195	0.07492281989724561	0.083771990292899	0.1707321994512075	0.12753176877851502
0.15148575851188498	0.06811153316283404	0.05660254501483733	0.1786599823333882	0.07101347544950579	0.07128529841302841	0.2708797548742031	0.13196165224031786
0.13867071259345407	0.06411800749323154	0.21770074256631372	0.16726717500322738	0.03450760583342298	0.08885974728061369	0.1822447643488303	0.10663124488090611
0.19204814274330753	0.06026551012685161	0.09025247391070645	0.13150189366344484	0.009960280504252156	0.09299570062965593	0.2526200723666243	0.1703559260551569
0.1379762499313165	0.04456644728001544	0.1572735355168172	0.11578183996145541	0.08239652526685778	0.09616016207865982	0.2384197988729319	0.12742544109194567
0.13550458142033064	0.07731368857570442	0.20367430242458884	0.10702559429646413	0.0649392485361579	0.07776585584344956	0.21359966386443402	0.12017706503887028
0.18022286708576696	0.05574368175909125	0.15603078063901968	0.1669312418276902	0.06682954408631844	0.07773192140560349	0.17434427963798435	0.12216568355852538
0.14978656173421254	0.0704405204624872	0.07799270525132408	0.17678302290621617	0.032796275837530225	0.08432997161656283	0.2692844887852357	0.13858645340643108
0.17690143622444687	0.06692517655383987	0.02496927572325912	0.18502903442156896	0.06645939632026218	0.08519361161414796	0.23434226791677598	0.16017980122569891
0.20471307060960858	0.051524317277633944	0.05991117593471976	0.1624995537779755	0.040850466881667505	0.07711584659536949	0.24249849502506915	0.16088707389795576
0.1906431884914062	0.06364117338616179	0.07725603124729935	0.15300836018183328	0.07338975281645882	0.09763625877103183	0.23724772999252883	0.10717750511327966
0.1793133356286174	0.07373470169890861	0.0939898863716589	0.14550572752809346	0.011964127415787215	0.07481515551476026	0.2666049373132565	0.15407212852891747
0.1705739874750815	0.0667172519124505	0.18831940601475905	0.11291217054836714	0.03781554937066259	0.07023798961787008	0.18463634865104755	0.16878729640976134
0.13479391210555883	0.060514778229890195	0.17236979855281281	0.10931317339043498	0.06558508632694429	0.08396641599955848	0.22865834102194849	0.1447984943728517
0.14585843528416284	0.07484351651440316	0.14025959925172163	0.15408780797392846	0.08238768100183827	0.07741706436100748	0.21317360815933134	0.11197228745360661
0.15379657690630233	0.06978051038149655	0.04599242100704523	0.19203215644247898	0.03386053199325759	0.08921852596856972	0.2835450742626771	0.13177420303817228
0.13569411718035623	0.07295229941826303	0.13717804295172586	0.17428150301542522	0.06922981480036035	0.10243064448052394	0.17805509417022414	0.13017848398312099
0.1725911749926381	0.0603774826680734	0.07813654160697109	0.16480310984189867	0.08226247947382326	0.08080547236421748	0.21768144957904256	0.14334228947333522
0.17275817510092706	0.05730042986880543	0.157044740205936	0.12806473592768966	0.015084572302788937	0.09707434356887476	0.20018281641033542	0.1724901866146425
0.17927587986586924	0.04916356781795671	0.1050241826965478	0.18469665959625947	0.033606169325302956	0.08686730182298757	0.20654838502079034	0.15481785385428562
0.13913806338485213	0.07095414962934019	0.08940562326410761	0.1835077644881401	0.04729371324461712	0.07115208168982133	0.24968760831508477	0.14886099598403651
0.15408299128325975	0.06576440975979164	0.16610400432133277	0.1404846481460615	0.04587719571254302	0.0765677319717202	0.24077775089790188	0.11034126790738902
0.18398556792810278	0.07795680176686332	0.16638845204920868	0.17954885499497505	0.0072950025703925475	0.0775343688125374	0.209926718601268	0.09736423327665195
0.18868397800748238	0.052520321259756864	0.22501122448066274	0.12011867550446409	0.0054287898129311285	0.08574686427760947	0.21428446082251343	0.10820568583457964
0.1892455784454473	0.07489360639816253	0.0749371545820186	0.19346330001375278	0.07148804621311813	0.10361701537514183	0.1872712502278848	0.10508404874447379
0.1378415888861429	0.043700891165825026	0.16542394487440462	0.15520948534830165	0.07422317693262055	0.09848324380225813	0.18423804818539252	0.14087962080505437
0.14936564199677388	0.04404795937739092	0.10039832942424955	0.1556353304060455	0.03818615059551558	0.09479374747450234	0.2769617583622438	0.14061108236327827
0.18393852986753315	0.05010985438047991	0.17990502339092374	0.12944363342362028	0.04263050350540595	0.09566293967175432	0.2010508771804056	0.11725863857987684
0.15240908478657736	0.04690377334862991	0.12017637041501417	0.16479240600998823	0.0632254643680487	0.08799035234967044	0.24229419580748351	0.12220835291458747
0.15635214201790426	0.07242031825876036	0.10272104837368533	0.16668833440118494	0.06946555492149704	0.08364930657166153	0.22470255955035967	0.12400073590494663
0.15979568055315346	0.06212809799483386	0.11735084547246938	0.1464439383062502	0.060065771231286466	0.07817796622330107	0.27725505822910257	0.0987826419896028
0.1566149418490515	0.05896263946710034	0.20030296645775403	0.17169025254234105	0.00601404343126799	0.07802059285952502	0.17758766850492846	0.1508068948880314
0.15798930576630044	0.06591994822021305	0.12335059633631418	0.1942695993244722	0.04271591215847233	0.06994418363814628	0.21741117400815846	0.12839928054792282
0.17992375926740586	0.059910144188101394	0.11994960007126601	0.1432037613293251	0.006773059672800161	0.10004658244720034	0.2892567070788622	0.10093638594503872
0.1496527347577938	0.057215573019557056	0.08944113713041754	0.11792439758093863	0.05868793849017799	0.09188217923188517	0.2679537974688635	0.1672422423203661
0.18431764223087194	0.056560287780827126	0.12852003748688035	0.1681900297200418	0.032913253674713705	0.08204769185855629	0.19777060842511923	0.14968044882298936
0.1994848548788507	0.05195799019771419	0.11177091660284354	0.12065597421595593	0.07061700560218552	0.09368541523431981	0.21290822907884466	0.13891961418928545
0.18194343494865722	0.06892680737821955	0.07247994164388984	0.14290060089448506	0.06757264494412865	0.08927044688459701	0.26319195699051484	0.1137141663155076
0.16162256538912861	0.060481499308764786	0.20956260981460884	0.11165265039150431	0.07744395399200699	0.08586337024950227	0.19396871434982232	0.09940463650466166
0.20248788904128062	0.05856316757767856	0.07347610607317755	0.14962333767496228	0.03588107120339912	0.09333479805648742	0.21781416117376207	0.16881946919925214
0.14760198119510695	0.07810171065380161	0.08307769947679693	0.14014036556623374	0.08320688396902781	0.07080816398800932	0.28719711579935747	0.10986607935166598
0.15422839647540726	0.06337404702850952	0.10561345833299042	0.10816755874697448	0.0731822296388149	0.08310254658912256	0.2500524638904859	0.16227929929769472
0.18171115725374606	0.07497376077523243	0.02440198353432875	0.14302356879096817	0.07412614270046924	0.08375393488439362	0.26431016244373307	0.15369928961712842
0.1607841506937378	0.044093682647388846	0.176032497409931	0.11162553372823891	0.05810742777057616	0.09957508215640964	0.23669189159487536	0.11308973399884206
0.16944707337625262	0.04466590992001865	0.0840187991431135	0.17524987681751678	0.06383084643735007	0.07512645444432695	0.24897619894183343	0.13868484091958785
0.16106725956866277	0.07029453233514345	0.16776190241976763	0.18477016976671423	0.006095675383034141	0.09237796974447576	0.17817992322689216	0.13945256755530955
0.14778006694449042	0.07266369037089543	0.12245972104320639	0.18920323866305785	0.015375737683772026	0.07041854248124262	0.27021514145395864	0.11188386135937645
0.2009590725597334	0.06305508400069093	0.09826911159220264	0.16107980089248583	0.03676567969570435	0.08175805940287018	0.25163469423685375	0.10647849761945874
0.17375550563850606	0.05453197415496877	0.23721008447070882	0.13411366917283876	0.0021250936347843308	0.07680355820938517	0.18683990794596209	0.13462020677284575
0.1481921041591705	0.04824930585937037	0.19412459184749412	0.14451176407696403	0.0066405308317225575	0.10389805300124304	0.2341755564335935	0.12020809379044162
0.14880205568653654	0.07151113561526097	0.2251368578532423	0.13845470673070756	0.009232329559766134	0.08637099294446395	0.20991377012277168	0.11057815148725061
0.13306213578230663	0.07764594700840713	0.07797467329380164	0.18436905415108293	0.055932350848538426	0.08142863751344279	0.258600637156957	0.13098656424546318
0.15210922567853852	0.05467512453649144	0.07630799946733208	0.1875365431440369	0.07844023917352883	0.07399720060559853	0.2728931488267444	0.10404051856772906
0.15996788661152286	0.05934289003804778	0.1507660926725475	0.15518307390566718	0.047532545253864994	0.07529172758294278	0.227306042691597	0.12460974124380966
0.14446271503683156	0.06684223456095895	0.08663070853913003	0.12287864277560029	0.03714085279117277	0.09849959767195259	0.28064921468931525	0.16289603393503832
0.19524844704704974	0.05936011056224859	0.14009314954433624	0.12481323117133436	0.05155429418811398	0.10004440835171759	0.18105388586890217	0.14783247326629706
0.17436733880302308	0.07003586871881137	0.14153292784569685	0.13354275466406168	0.010976608380661876	0.06961369102934317	0.2751137137353593	0.12481709682304241
0.17014304122377044	0.057152388479196445	0.10103767050614022	0.16074758191876173	0.030361858966692745	0.09607192344000395	0.277411415633654	0.10707411983178024
0.18402916796055252	0.05754480950843831	0.15034345816502814	0.11922808721580348	0.04271717616209485	0.09769110342440565	0.180084031403537	0.16836216616013983
0.16629566575869925	0.07562944526467558	0.10854932250614796	0.18363668888394982	0.0025714912507933674	0.09844424912463406	0.26098009188126553	0.1038930453298342
0.17441795036546676	0.045186121999923334	0.15829266827012362	0.17363448390113345	0.022128538634585707	0.07950435579646692	0.19556911802623322	0.15126676300606678
0.1456404584364194	0.0770063080482904	0.1543861265940863	0.17517854626330945	0.02855378357462153	0.10038646166766112	0.19820069272100455	0.12064762269460706
0.14870271945233476	0.0682404683284595	0.1519447524682912	0.17122932610056663	0.049983059813094644	0.07178525656912585	0.1939539636063854	0.1441604536617418
0.14069705953699607	0.04926557386821118	0.1878755601013357	0.18229852458970658	0.03137987049604862	0.0816949875664384	0.2100805540863771	0.11670786975488615
0.1980028341400441	0.05140764250774449	0.15950457023990017	0.13333038694556432	0.02109812927142643	0.10186934677497304	0.19198391427979006	0.14280317584055718
