0.31736830864976623	0.3431809140382044	0.3394507773120295
0.31736988911737807	0.34317986015253815	0.3394502507300839
0.3173686831819389	0.34317968901481555	0.33945162780324567
0.3173674908987731	0.3431819669765284	0.3394505421246986
0.3173692072676044	0.3431798501375219	0.3394509425948738
0.3173675956009669	0.34318141142554015	0.33945099297349307
0.31736962720651807	0.3431801580854996	0.3394502147079824
0.3173678328601316	0.343180805533856	0.33945136160601247
0.31736772941540015	0.34318100760492276	0.3394512629796772
0.31736955833467584	0.3431798117454401	0.3394506299198842
0.31736982084069537	0.343180033525676	0.33945014563362874
0.31736745856894716	0.34318186790751404	0.3394506735235389
0.31736773444662103	0.3431807775126734	0.3394514880407057
0.31736804030934185	0.3431813648513102	0.3394505948393481
0.3173682422397031	0.3431798401561287	0.33945191760416826
0.31736859731791645	0.343180291042141	0.3394511116399427
0.31736935592917775	0.3431802740258407	0.3394503700449817
0.3173679381811604	0.34318100697310316	0.33945105484573657
0.317367458061613	0.34318148911903196	0.33945105281935517
0.3173695125846162	0.3431803046031885	0.3394501828121954
0.31736858329874656	0.34317949798213443	0.3394519187191191
0.31736873872354676	0.34318041001803345	0.3394508512584199
0.3173671287254954	0.34318190582560715	0.3394509654488976
0.3173671916277647	0.3431826895841659	0.33945011878806947
0.317368377842436	0.3431801328518798	0.33945148930568436
0.31736777658476023	0.3431813583145661	0.3394508651006738
0.3173693144132671	0.34318039001268574	0.3394502955740472
0.31736848522587824	0.34318129965717764	0.33945021511694423
0.3173697437284143	0.34317995984585553	0.3394502964257302
0.31736783428491233	0.3431819815304788	0.339450184184609
0.3173694032997689	0.3431802003767057	0.33945039632352547
0.31736919789815304	0.34318055627342964	0.33945024582841743
0.3173671320404657	0.34318219412679174	0.3394506738327427
0.3173674364445805	0.343181667877801	0.33945089567761866
0.31736817948152146	0.34318120352731635	0.3394506169911623
0.3173688286674244	0.3431809024430448	0.33945026888953095
0.31736736552193445	0.3431826254508122	0.33945000902725353
0.31736828503383974	0.3431798599543518	0.33945185501180863
0.31736850631812136	0.3431800755663701	0.33945141811550866
0.317368779494883	0.34317966172736275	0.3394515587777544
0.3173692686092255	0.34318049098159525	0.33945024040917937
0.31736877433289684	0.3431799671153311	0.33945125855177216
0.31736845312132245	0.34318082453916676	0.3394507223395109
0.31736830322595827	0.34318137135928933	0.3394503254147525
0.31736839769732705	0.3431809568596661	0.33945064544300696
0.3173676105134657	0.3431816081177681	0.3394507813687664
0.3173675997388715	0.34318111845100774	0.33945128181012085
0.3173698204166263	0.34317996712891063	0.33945021245446316
0.3173672698156919	0.3431811174504333	0.339451612733875
0.3173673855415322	0.3431809259233834	0.3394516885350845
0.31736912852030824	0.34318018828445307	0.3394506831952388
0.3173689883585857	0.3431801441334479	0.33945086750796655
0.31736906099259765	0.3431791354096402	0.3394518035977623
0.3173674211049095	0.34318167431570196	0.33945090457938865
0.31736770811495585	0.34318183344689074	0.3394504584381535
0.31736965616741314	0.3431790258853215	0.3394513179472655
0.3173687661095206	0.34318041007689254	0.33945082381358693
0.31736858684207675	0.34318040124750504	0.3394510119104183
0.3173672384704534	0.3431818003303576	0.3394509611991891
0.31736718262619873	0.3431814595069655	0.3394513578668359
0.31736801757286404	0.3431807368649978	0.33945124556213835
0.3173678727349325	0.3431809482433923	0.33945117902167526
0.31736950072725983	0.3431803128037571	0.3394501864689832
0.3173686562430196	0.3431795127889788	0.33945183096800174
0.31736828131684247	0.34318035993083773	0.33945135875231985
0.31736766478334094	0.3431821458557704	0.3394501893608888
0.3173681422228901	0.34318076482962795	0.33945109294748205
0.3173681718785396	0.3431808247556513	0.33945100336580925
0.3173698216955634	0.3431800615601715	0.33945011674426523
0.31736929483202353	0.3431804219589783	0.3394502832089983
0.3173670622140705	0.3431824809867492	0.33945045679918034
0.31736735260572	0.34318080034214765	0.3394518470521325
0.3173675808156943	0.34318186595188055	0.3394505532324253
0.3173679604147437	0.34318014621926024	0.3394518933659962
0.31736845772672495	0.3431803848590501	0.33945115741422505
0.3173685746446576	0.34318084667811166	0.33945057867723083
0.3173676862435488	0.34318070510623006	0.3394516086502213
0.31736796543421675	0.3431817175655065	0.33945031700027684
0.31736853129131787	0.34318086897592215	0.3394505997327601
0.3173687779070038	0.3431794093730783	0.33945181271991803
0.3173672281785691	0.3431823642226723	0.3394504075987588
0.3173677766696857	0.34318153692769565	0.3394506864026188
0.3173677219744565	0.3431816231862885	0.33945065483925513
0.31736918914426393	0.34318051600012023	0.33945029485561595
0.31736829109758574	0.3431804316360062	0.3394512772664081
0.31736969543450977	0.34317944644914633	0.339450858116344
0.3173673994094347	0.34318217745414026	0.33945042313642515
0.3173686325090168	0.3431802731053907	0.3394510943855926
0.31736745846261	0.34318094614098243	0.3394515953964077
0.31736913753857116	0.34318077633879746	0.3394500861226315
0.3173699731653377	0.3431791486060749	0.3394508782285875
0.31736784286724545	0.34318035127851887	0.3394518058542358
0.31736941457907836	0.34318014402026975	0.339450441400652
0.31736725958889117	0.3431817924575202	0.3394509479535888
0.3173671579090833	0.34318181421856886	0.33945102787234793
0.31736797277357875	0.3431817681278516	0.33945025909856974
0.3173673024244925	0.3431818451323687	0.3394508524431389
0.3173686156195683	0.34318028481346463	0.33945109956696723
0.31736997868784245	0.3431793192054199	0.3394507021067378
0.31736806058364364	0.3431819044944248	0.33945003492193165
0.3173677769613848	0.34318123792042154	0.3394509851181938
0.3173691348566021	0.34318049760056535	0.3394503675428327
0.3173689037867657	0.3431802529136745	0.33945084329955993
0.3173690066061689	0.34317970857988606	0.33945128481394515
0.3173688364443315	0.34317987589571497	0.33945128765995364
0.3173679143442519	0.3431811544532484	0.33945093120249986
0.31736778617830813	0.3431804361740217	0.33945177764767026
0.31736867964701126	0.34317933073420237	0.3394519896187865
0.3173670530137459	0.343182844015545	0.33945010297070927
0.31736911366008336	0.34318051308363057	0.3394503732562862
0.3173678927485399	0.34318087167739797	0.33945123557406226
0.3173690290065203	0.34318003699299643	0.3394509340004834
0.31736725492831663	0.3431818664966974	0.3394508785749861
0.3173677632955109	0.3431815356919795	0.3394507010125097
0.31736953953516517	0.3431798932394349	0.33945056722540007
0.3173689770675216	0.3431809280457006	0.3394500948867779
0.31736842855827624	0.34317966304865777	0.3394519083930661
0.31736842655283637	0.3431814770217699	0.3394500964253939
0.31736803612072173	0.34318055470347797	0.33945140917580036
0.3173679389774436	0.34318166042059856	0.339450400601958
0.317368175025796	0.34318153752108904	0.33945028745311506
0.31736762709821964	0.3431816877419833	0.3394506851597971
0.3173674904321138	0.34318198690141716	0.33945052266646913
0.31736966379247916	0.3431793225218796	0.33945101368564135
0.3173693914373321	0.3431795421421956	0.33945106642047246
0.31736825812075414	0.34318098880116876	0.3394507530780772
0.31736743669910733	0.3431821970301763	0.3394503662707165
0.3173688171835982	0.34317980013496047	0.3394513826814414
0.3173684772192461	0.34318095485612615	0.33945056792462786
0.3173684139226903	0.3431800961204152	0.3394514899568946
0.31736930137372665	0.34317985806746854	0.3394508405588049
0.31736763138371743	0.34318163891813125	0.3394507296981515
0.31736824788597584	0.3431807786325585	0.33945097348146575
0.31736935416098766	0.3431792921221297	0.33945135371688273
0.31736726442023355	0.34318138265594156	0.33945135292382506
0.31736723681424983	0.34318239283422713	0.33945037035152315
0.3173685323882742	0.34318087171951495	0.33945059589221094
0.3173685354677953	0.34318008503113334	0.33945137950107146
0.3173673654286694	0.3431818654678438	0.33945076910348687
0.31736824002715736	0.3431817094683194	0.33945005050452337
0.3173687302793949	0.3431806056676912	0.339450664052914
0.3173675212305562	0.34318140882381276	0.33945106994563107
0.3173697683023622	0.34317903046451065	0.3394512012331273
0.31736980332312364	0.3431798500463816	0.3394503466304949
0.3173691276690416	0.34318031135145544	0.3394505609795031
0.31736928127672565	0.3431804369155879	0.33945028180768655
0.31736804155953785	0.34318060645160187	0.3394513519888604
0.3173690733861854	0.3431807017988257	0.339450224814989
0.31736742838699517	0.3431816637415924	0.3394509078714125
0.31736786418028773	0.3431810664430393	0.3394510693766731
0.31736897554065835	0.34318014965155125	0.3394508748077905
0.3173683373233313	0.34318057386483286	0.33945108881183594
0.3173690056744405	0.3431798217441578	0.33945117258140184
0.31736834462340857	0.34317966531734123	0.3394519900592503
0.31736961394509167	0.3431793236330987	0.3394510624218097
0.31736911771516635	0.3431800887309006	0.33945079355393315
0.317367966895452	0.3431818648002046	0.33945016830434355
0.31736758009100297	0.3431822541373161	0.339450165771681
0.3173684789850998	0.3431802113334417	0.3394513096814587
0.3173698303858018	0.34317918145602216	0.33945098815817615
0.3173691720994339	0.34318004734443003	0.3394507805561362
0.3173693931572576	0.34317977255137344	0.3394508342913691
0.31736949558861377	0.34317909654445694	0.3394514078669294
0.31736731519279937	0.34318130646900014	0.3394513783382006
0.3173671634159483	0.3431815166808079	0.33945131990324395
0.3173670914124894	0.3431816455785343	0.3394512630089764
0.31736784114988353	0.3431812278671959	0.3394509309829207
0.317368973862315	0.3431800190191865	0.3394510071184986
0.31736840252804227	0.3431803369064294	0.33945126056552843
0.3173693686588473	0.3431802894085801	0.33945034193257273
0.31736929909932426	0.3431796360604877	0.33945106484018817
0.31736732818443375	0.34318238235734777	0.3394502894582186
0.31736823922944873	0.34318030613978273	0.33945145463076865
0.3173682045122699	0.34318067608955805	0.3394511193981722
0.3173675257650914	0.3431807173263886	0.3394517569085201
0.31736907879580256	0.34317955963786834	0.3394513615663292
0.31736719850147166	0.3431826677579727	0.33945013374055577
0.3173674619180961	0.3431805901709333	0.3394519479109707
0.3173689001894397	0.34317997364823555	0.3394511261623248
0.31736932769059767	0.3431791183035509	0.3394515540058516
0.3173698884297547	0.3431798958902943	0.3394502156799511
0.3173697404706446	0.34317941762621823	0.3394508419031373
0.31736815107694283	0.34318062540923805	0.33945122351381923
0.31736809931667254	0.3431802454620395	0.33945165522128806
0.31736837369008	0.3431802745987528	0.33945135171116736
0.317368754636854	0.343180235450846	0.3394510099123001
0.31736782217107296	0.3431807581639072	0.33945141966501996
0.3173676757159928	0.3431812780768474	0.33945104620715993
0.31736819116278236	0.34318061978583025	0.3394511890513875
0.31736912321534194	0.34318003049417917	0.33945084629047895
0.3173694690703509	0.34317932200192347	0.33945120892772573
0.317367840555267	0.343180221845563	0.3394519375991701
0.31736819929921695	0.3431802068643013	0.3394515938364819
0.31736889923136213	0.3431809103630899	0.33945019040554814
0.31736821990058733	0.3431808276416296	0.33945095245778323
0.3173691867435797	0.3431791090105412	0.33945170424587917
0.31736951212213	0.3431794880898043	0.3394509997880658
0.31736843258258823	0.34317966755661045	0.33945189986080143
0.3173674569166048	0.34318145670581307	0.33945108637758226
0.31736875748784543	0.3431797793575175	0.33945146315463715
0.317368469086386	0.3431814080665219	0.3394501228470922
0.3173687575853222	0.3431810393958454	0.33945020301883255
0.3173683085966019	0.34318028934089495	0.33945140206250324
0.3173673262772653	0.34318161252671053	0.33945106119602425
0.3173695346684585	0.3431802466058837	0.33945021872565784
0.317368655639273	0.3431795966267627	0.33945174773396436
0.31736984642625865	0.3431794443163997	0.3394507092573418
0.3173690159357021	0.3431795889197787	0.33945139514451933
0.3173688626310985	0.3431794547397854	0.3394516826291163
0.31736894255735326	0.3431791087811057	0.33945194866154116
0.3173674117340101	0.3431821672289978	0.3394504210369922
0.3173693406145955	0.343180110428547	0.3394505489568576
0.3173695663032386	0.3431798109580708	0.3394506227386907
0.3173689092515535	0.34317977529031113	0.3394513154581355
0.31736860701882963	0.3431802012425504	0.3394511917386201
0.31736946228683693	0.34317917227498457	0.3394513654381786
0.3173683573353836	0.3431808027747739	0.33945083988984265
0.31736762785944866	0.3431820049722506	0.33945036716830085
0.31736736292430023	0.34318169032551876	0.3394509467501811
0.31736756766572366	0.34318059405152485	0.3394518382827516
0.3173680299080142	0.343180022457068	0.33945194763491787
0.31736780772284723	0.34318176286626123	0.33945042941089165
0.3173670460772802	0.3431818346343806	0.33945111928833926
0.3173685721323052	0.3431801940550543	0.3394512338126407
0.3173689337755955	0.3431803187664112	0.3394507474579934
0.3173672586846571	0.3431814199158769	0.3394513213994661
0.31736856816666825	0.34318010175582025	0.33945133007751155
0.31736985657086153	0.3431798495047621	0.3394502939243765
0.3173675476564901	0.3431812231194716	0.3394512292240385
0.31736965357256636	0.3431795761867966	0.33945077024063713
0.3173691655424269	0.3431807270994084	0.33945010735816483
0.31736833190804464	0.343181052611773	0.33945061548018246
0.31736802115037993	0.34318069610617674	0.3394512827434435
0.31736708938387276	0.3431817260165568	0.3394511845995706
0.317368238706642	0.3431804932944037	0.3394512679989545
0.3173688385286627	0.34318060381847576	0.33945055765286164
0.3173691708895253	0.3431803505332999	0.33945047857717486
0.31736837961296127	0.34318104596476423	0.3394505744222746
0.3173679813618097	0.3431817471123953	0.3394502715257951
0.31736923101831993	0.34318036341651165	0.33945040556516853
0.317368861355674	0.3431797941982013	0.3394513444461248
0.3173677852482412	0.3431810366286907	0.3394511781230682
0.31736814254703616	0.3431799175415962	0.3394519399113677
0.317368260903779	0.3431813603742245	0.33945037872199657
0.31736776899165703	0.34318079128671936	0.3394514397216237
0.31736931148116826	0.3431796158960657	0.33945107262276614
0.31736959566323486	0.3431795952646883	0.339450809072077
0.31736796958867	0.3431808099566002	0.3394512204547299
0.3173689254036529	0.34318002403104525	0.33945105056530195
0.3173688595918828	0.34318001443513285	0.3394511259729845
0.3173672864833673	0.3431823552077905	0.3394503583088423
0.3173670376673815	0.3431812397357533	0.33945172259686535
0.3173691220674396	0.3431797164007377	0.33945116153182275
0.31736762047785444	0.34318182055016755	0.3394505589719781
0.31736804760116827	0.3431801446223653	0.33945180777646655
0.3173674377085382	0.3431820804578434	0.33945048183361853
0.31736705158650225	0.3431820247704553	0.33945092364304263
0.31736739359056887	0.3431807424730363	0.3394518639363949
0.3173680021450673	0.34318105210291416	0.33945094575201873
0.31736784430274223	0.3431812828154929	0.339450872881765
0.31736762503280785	0.3431811658882062	0.33945120907898607
0.3173692516188195	0.34318031684840156	0.33945043153277904
0.3173674964574877	0.34318055171231504	0.33945195183019744
0.3173692520991589	0.3431804811502296	0.33945026675061163
0.3173698285837206	0.34317932101773274	0.3394508503985468
0.31736759521980584	0.3431822218465167	0.33945018293367757
0.31736951458073254	0.3431793920158785	0.3394510934033891
0.3173697772936252	0.34317962362518645	0.3394505990811885
0.31736750761749677	0.34318232740897636	0.339450164973527
0.31736889503879234	0.34317919358642013	0.33945191137478764
0.31736702099017017	0.343181426798427	0.33945155221140294
0.3173680321874426	0.3431805588367308	0.3394514089758267
0.3173691727092543	0.3431791321839786	0.3394516951067672
0.3173681221657296	0.3431808266013192	0.3394510512329512
0.31736737706046164	0.3431817394596519	0.33945088347988656
0.317367965388231	0.34318153300689475	0.33945050160487444
0.31736830270511324	0.3431811735702709	0.3394505237246159
0.3173674300530589	0.34318130913073963	0.3394512608162016
0.31736727208193655	0.34318263229144663	0.33945009562661693
0.31736981101029915	0.3431790555064281	0.3394511334832729
0.31736955851512516	0.3431794731604282	0.33945096832444677
0.31736725381806435	0.3431821241468691	0.33945062203506665
0.3173694602272069	0.34317922960781233	0.33945131016498087
0.31736840855097526	0.3431809396914947	0.33945065175753014
0.3173688083530517	0.34318114544495426	0.3394500462019942
0.31736770698718003	0.3431816083736357	0.33945068463918443
0.3173678991398357	0.34318091878093376	0.3394511820792307
0.3173676668293172	0.34318070741748163	0.33945162575320126
0.31736762037260846	0.3431814712803447	0.33945090834704694
0.31736720597159185	0.3431813768273602	0.33945141720104804
0.31736839372659875	0.34318157924394527	0.33945002702945615
0.3173694428899689	0.34317901862242856	0.3394515384876027
0.3173688981383475	0.34317992652450147	0.33945117533715113
0.3173671864021611	0.343182299213932	0.339450514383907
0.31736849075169027	0.3431806837223498	0.33945082552596006
0.3173684233146306	0.3431808298520219	0.33945074683334764
0.3173672268104315	0.3431820217139933	0.3394507514755753
0.31736833851710844	0.34318133713715765	0.339450324345734
0.3173694329415048	0.34318016747059615	0.33945039958789913
0.31736947478081273	0.34318046084908677	0.3394500643701006
0.31736957466361965	0.34317995875900287	0.3394504665773776
0.3173675864411172	0.3431820366927005	0.33945037686618246
0.3173671584756005	0.34318108687394766	0.33945175465045196
0.3173679518709046	0.34318035111914835	0.33945169700994715
0.3173696727863759	0.34318029585955573	0.3394500313540685
0.3173692769603048	0.3431799234166133	0.33945079962308206
0.31736711093004044	0.34318252655985704	0.33945036251010263
0.3173679120313212	0.34318047533896867	0.3394516126297103
0.31736799447040287	0.34318036092629606	0.33945164460330124
0.3173683108590013	0.34317993593389884	0.33945175320709997
0.3173677095883907	0.34318075313663615	0.3394515372749732
0.31736818214300005	0.3431815476562247	0.33945027020077534
0.31736789183250536	0.34318039804043826	0.3394517101270565
0.3173692060503989	0.34317919574754374	0.3394515982020575
0.3173689599138299	0.34318087117119084	0.3394501689149793
0.3173684757105591	0.3431800709446578	0.3394514533447832
0.3173681935307844	0.3431806158705917	0.33945119059862405
0.3173686189859846	0.34317987492906943	0.33945150608494606
0.317368482587453	0.343180214485654	0.33945130292689313
0.317369017686366	0.34318006467654355	0.33945091763709057
0.3173678117731487	0.3431811832121953	0.339451005014656
0.3173691946712402	0.3431791853415406	0.3394516199872193
0.3173690974868427	0.34317911825206715	0.33945178426109024
0.317367181258493	0.3431809799109584	0.3394518388305487
0.3173681522520332	0.34318153578871524	0.3394503119592517
0.31736867027092114	0.3431804454089015	0.33945088432017745
0.31736915860460924	0.34318018044071497	0.33945066095467585
0.3173695770987937	0.34317917671294107	0.33945124618826533
0.3173673576906698	0.34318128852179425	0.33945135378753605
0.31736748847802004	0.34318127042639823	0.33945124109558183
0.3173680226694013	0.34318150016297966	0.33945047716761917
0.31736820075477135	0.3431808575107626	0.33945094173446616
0.3173673382682654	0.3431823218534617	0.339450339878273
0.3173690987296437	0.3431795881595304	0.33945131311082594
0.31736834052305757	0.34318026865616014	0.33945139082078235
0.31736792073150405	0.34318129140637005	0.339450787862126
0.31736770674162074	0.343181485833656	0.3394508074247234
0.31736708019031307	0.3431816650214985	0.33945125478818855
0.31736869706567356	0.3431795801457895	0.3394517227885371
0.31736832255225944	0.3431807410368783	0.3394509364108623
0.31736815935525475	0.3431818096666307	0.33945003097811466
0.3173673653095773	0.34318115116234965	0.33945148352807314
0.31736876025864746	0.34318074299062257	0.3394504967507301
0.31736977315829334	0.34317963322007855	0.33945059362162816
0.31736772466347146	0.3431803821121089	0.33945189322441977
0.3173687776138009	0.3431797538007575	0.33945146858544173
0.31736868221462866	0.34318055009270754	0.33945076769266397
0.31736824934224006	0.3431807249516966	0.33945102570606345
0.31736934757298196	0.3431790462837511	0.339451606143267
0.31736962942772545	0.34317959912152524	0.33945077145074937
0.31736985206751295	0.3431790516258702	0.33945109630661696
0.3173679177662751	0.3431801812654693	0.3394519009682557
0.3173671947614334	0.34318261469573813	0.3394501905428286
0.31736845746114517	0.34318067164914773	0.3394508708897072
0.31736786120908816	0.3431808131615227	0.33945132562938923
0.3173681667337778	0.3431809694229194	0.33945086384330286
0.3173691757854454	0.3431798752433188	0.33945094897123596
0.3173694845586353	0.34317941403863483	0.33945110140273
0.3173693654172875	0.3431796165148618	0.33945101806785083
0.3173675133437845	0.34318117571961876	0.33945131093659686
0.317368045506001	0.3431813529642655	0.3394506015297336
0.317368154421904	0.3431816455100902	0.33945020006800586
0.31736806536654133	0.3431810535985206	0.3394508810349382
0.3173683864160053	0.34318035883875175	0.33945125474524307
0.3173671229173375	0.34318267569910543	0.3394502013835572
0.31736890177551735	0.343179259053811	0.3394518391706717
0.31736795114356214	0.3431808021383343	0.33945124671810367
0.3173686848324161	0.3431811559868807	0.3394501591807033
0.3173673216241222	0.34318117297031986	0.33945150540555813
0.31736824954092613	0.34317986000354084	0.33945189045553315
0.31736886449736657	0.34318053592451797	0.3394505995781155
0.3173680458852944	0.3431807516700172	0.3394512024446885
0.3173689085801169	0.3431803391451077	0.3394507522747755
0.3173676704740547	0.34318056903073374	0.3394517604952117
0.3173693727061913	0.3431796885002996	0.3394509387935092
0.317367476970793	0.34318201923346536	0.33945050379574176
0.31736980177852847	0.3431791115571218	0.33945108666434987
0.31736924763676383	0.3431800248861522	0.3394507274770841
0.3173674930960211	0.34318159940038345	0.3394509075035956
0.317369265033979	0.3431802907922238	0.3394504441737973
0.3173695376470519	0.3431796741599978	0.33945078819295044
0.31736773236281324	0.3431810241712363	0.33945124346595057
0.31736804239925304	0.34318133079698854	0.33945062680375854
0.3173690254629646	0.34317974382560784	0.33945123071142763
0.3173698849752119	0.3431791443295848	0.3394509706952034
0.317369451701949	0.34317987219897694	0.33945067609907414
0.31736934140863216	0.34318010714089464	0.3394505514504733
0.3173684326805275	0.3431805682402196	0.339450999079253
0.3173691111413403	0.34318042593922105	0.33945046291943876
0.3173688439918512	0.343179243895847	0.33945191211230186
0.3173693751266277	0.34317981884846493	0.3394508060249075
0.31736739281119347	0.3431807034972706	0.33945190369153605
0.31736862275608524	0.3431797672357625	0.3394516100081524
0.3173676957706411	0.3431810531347441	0.3394512510946148
0.3173671920164754	0.3431813969245708	0.33945141105895393
0.3173696767294413	0.34317925402774796	0.3394510692428109
0.3173674795137861	0.3431812023083515	0.33945131817786256
0.31736717272255993	0.3431827162729476	0.33945011100449257
0.31736708108334577	0.3431824245980481	0.3394504943186062
0.3173682091666662	0.34318123152415303	0.3394505593091809
0.3173686759476958	0.3431795254700184	0.3394517985822859
0.31736709426165827	0.3431814385992946	0.3394514671390472
0.31736779359183265	0.34318044324220065	0.3394517631659668
0.31736932122617695	0.3431804494532618	0.33945022932056135
0.31736991895472666	0.3431798867356898	0.3394501943095837
0.3173672699216342	0.3431821562520824	0.33945057382628346
0.31736872146640244	0.3431801058451103	0.33945117268848746
0.3173678132127994	0.3431804058268851	0.3394517809603156
0.31736778102416924	0.34318118936818864	0.33945102960764223
0.31736890966799636	0.3431794550731191	0.33945163525888467
0.3173684569689084	0.34318047157989595	0.33945107145119574
0.31736836961085896	0.34318008875247136	0.3394515416366698
0.3173672540136965	0.3431819525813296	0.339450793404974
0.3173674750230684	0.34318094395519355	0.3394515810217381
0.31736759061956954	0.3431811991187525	0.33945121026167807
0.31736884213109334	0.3431796227336676	0.3394515351352392
0.31736783880386205	0.34318084698755885	0.3394513142085792
0.3173699957189552	0.34317901950610447	0.33945098477494046
0.31736703301003794	0.3431828620725969	0.3394501049173653
0.31736892478027356	0.3431794081241812	0.33945166709554536
0.3173670306871824	0.3431820233474117	0.339450945965406
0.3173678175499289	0.3431817146570382	0.33945046779303306
0.31736807621414365	0.34318191357403993	0.33945001021181653
0.3173682188207456	0.343180707061054	0.33945107411820047
0.317367745248047	0.34318214257023355	0.33945011218171955
0.31736852228534457	0.34318101009179114	0.33945046762286446
0.31736762006416375	0.34318188178463527	0.3394504981512011
0.3173687669910129	0.34317989853194636	0.33945133447704084
0.3173684117260257	0.34318018361968433	0.3394514046542901
0.3173680585732936	0.3431802516108228	0.3394516898158838
0.3173680999849596	0.34318113852796095	0.3394507614870796
0.31736955760584873	0.34317999373719055	0.33945044865696083
0.31736861682796286	0.34318030020465917	0.3394510829673781
0.3173692266433231	0.34318066901946076	0.33945010433721623
0.3173672351751291	0.343182290001866	0.33945047482300506
0.31736898197542374	0.3431790380307757	0.3394519799938006
0.3173686398710847	0.3431796286698858	0.3394517314590296
0.3173676114948306	0.34318063736259696	0.33945175114257253
0.3173690678924048	0.3431792193729344	0.33945171273466085
0.317368765286454	0.34318090010964764	0.33945033460389845
0.31736721154600345	0.34318233043200025	0.3394504580219964
0.31736866495136157	0.34318028807623824	0.3394510469724003
0.3173677129266644	0.34318041535608235	0.33945187171725344
0.3173696368957303	0.3431795101790772	0.3394508529251926
0.317369238755512	0.34318041330357696	0.3394503479409112
0.317367373310076	0.3431818577996916	0.3394507688902325
0.31736804524331236	0.34318187029736885	0.3394500844593189
0.3173677040481949	0.3431817379362707	0.3394505580155344
0.31736801605994014	0.3431817065292409	0.339450277410819
0.3173671540026593	0.34318235209778264	0.33945049389955817
0.31736898177227196	0.3431799718929722	0.3394510463347559
0.3173675348923189	0.34318053806896565	0.3394519270387155
0.3173695594517911	0.3431793120995997	0.33945112844860936
0.3173681926136389	0.34318076895786476	0.33945103842849644
0.31736838111732246	0.34318039489174473	0.3394512239909329
0.3173676317823239	0.343181747906695	0.33945062031098117
0.3173686709970228	0.3431805757265083	0.339450753276469
0.31736724001691546	0.34318208627012586	0.3394506737129588
0.31736948300514684	0.34317932157558045	0.3394511954192728
0.31736930983224587	0.34317997057523314	0.33945071959252104
0.3173696940425411	0.34318016413009333	0.33945014182736566
0.31736787064217	0.34318158550838934	0.3394505438494408
0.3173679190772691	0.34318110772221805	0.33945097320051293
0.3173679800314494	0.34318014340359315	0.33945187656495757
0.31736760697621724	0.34318105060217363	0.33945134242160924
0.3173694168014991	0.34317908510906003	0.339451498089441
0.3173691641506122	0.34318030649877956	0.33945052935060827
0.3173687461994192	0.3431797380450298	0.3394515157555511
0.31736825064214863	0.34318043366880363	0.33945131568904785
0.3173683230665587	0.34318000977480945	0.33945166715863195
0.31736890638104076	0.3431791296468022	0.33945196397215716
0.31736773012870323	0.3431810331786577	0.3394512366926392
0.31736844615933985	0.34317973102076305	0.3394518228198972
0.3173695656118697	0.3431792933464819	0.33945114104164853
0.31736851887341366	0.3431808339989824	0.33945064712760403
0.3173676308251191	0.3431804400585573	0.3394519291163237
0.31736875009678445	0.3431805169776464	0.33945073292556927
0.3173699295757926	0.34317918878172543	0.33945088164248205
0.31736886333636816	0.3431807202086339	0.33945041645499807
0.3173672155111485	0.34318185713156135	0.3394509273572903
0.3173697047293438	0.34317944620226465	0.3394508490683917
0.3173680218932625	0.3431810296870601	0.3394509484196775
0.3173674160906997	0.3431818903560558	0.33945069355324464
0.317368202896476	0.3431800222048287	0.3394517748986955
0.31736953646402744	0.3431790062831589	0.3394514572528138
0.31736721559250214	0.34318257512485484	0.33945020928264313
0.3173689953804693	0.34318055150264	0.3394504531168908
0.317367824441852	0.34318037350430264	0.33945180205384545
0.3173675332079273	0.3431822086167047	0.3394502581753681
0.31736976797393956	0.34317984224495757	0.339450389781103
0.3173677080913358	0.34318225086413096	0.33945004104453336
0.3173684294233904	0.3431797973013616	0.3394517732752481
0.31736719259076224	0.3431823584655504	0.3394504489436875
0.31736835970667804	0.3431814282332135	0.33945021206010856
0.3173678245434866	0.343180912773347	0.33945126268316655
0.31736858326872647	0.3431806880589231	0.33945072867235054
0.3173684521911675	0.3431805794444468	0.3394509683643858
0.31736753325224243	0.34318207539556517	0.3394503913521925
0.3173686941080444	0.34318059807621387	0.3394507078157418
0.31736973722115436	0.34317946445402625	0.33945079832481945
0.31736973234806054	0.3431798592825841	0.33945040836935547
0.3173677587819428	0.343180638550598	0.33945160266745933
0.31736958423422545	0.3431799725544117	0.339450443211363
0.3173677113065394	0.3431818985972793	0.33945039009618144
0.31736844594028246	0.3431803321782959	0.33945122188142174
0.3173679788108368	0.3431810971064062	0.33945092408275707
0.3173696990973074	0.3431791666926157	0.339451134210077
0.31736980133127124	0.3431798870805161	0.33945031158821276
0.317369008028213	0.343179443562986	0.3394515484088011
0.3173691995340375	0.34318049980072446	0.3394503006652381
0.31736807612679896	0.3431808730064745	0.33945105086672667
0.31736852649123554	0.34318134413189394	0.33945012937687064
0.3173674603942324	0.3431814491147045	0.3394510904910632
0.3173671440010703	0.3431822055579839	0.3394506504409459
0.3173673686676459	0.343180660070607	0.3394519712617472
0.31736791337368886	0.34318143910808063	0.3394506475182306
0.3173692704255312	0.3431805495542389	0.33945018002023003
0.3173681168315959	0.34318180630302736	0.33945007686537687
0.3173681749845554	0.3431816791185573	0.33945014589688743
0.31736822651803215	0.34318145970637925	0.3394503137755887
0.31736802229932043	0.34318102237083614	0.3394509553298435
0.31736751362976684	0.34318189196930055	0.3394505944009327
0.3173684244885541	0.3431805936076573	0.33945098190378875
0.3173681061823444	0.343180286690714	0.3394516071269417
0.31736806320523114	0.3431805506417862	0.33945138615298276
0.3173675886048703	0.34318059716549365	0.33945181422963616
0.3173691193502185	0.3431802874418756	0.339450593207906
0.31736973972237653	0.3431802210557398	0.33945003922188377
0.3173692118195087	0.3431801152540412	0.3394506729264502
0.31736745050507303	0.3431818189890151	0.33945073050591196
0.31736928730057606	0.3431797841713133	0.33945092852811076
0.31736817635047454	0.3431798981759052	0.33945192547362035
0.31736725404293065	0.3431824522565651	0.3394502937005044
0.31736751664401924	0.34318073407404664	0.3394517492819342
0.31736951222821513	0.34318042612755356	0.33945006164423136
0.3173698247399684	0.3431794544408563	0.33945072081917543
0.3173673463701984	0.3431821446202424	0.3394505090095593
0.317367729763095	0.34318146762333146	0.33945080261357363
0.31736808451290205	0.34318112637285114	0.3394507891142469
0.31736867199786495	0.3431799148471081	0.339451413155027
0.31736764979897275	0.34318116172376284	0.3394511884772645
0.3173671007663399	0.34318150696738653	0.3394513922662737
0.3173695257993317	0.3431797955614914	0.33945067863917694
0.31736746547375144	0.34318144759995944	0.3394510869262893
0.31736900823384623	0.34318031865785276	0.3394506731083011
0.3173699226262971	0.34317978974858954	0.3394502876251135
0.31736799115417574	0.3431806159441555	0.33945139290166887
0.3173675351376434	0.3431818640741739	0.3394506007881828
0.3173678373606723	0.3431819034794869	0.3394502591598409
0.3173671859083603	0.34318254164611656	0.3394502724455232
0.3173675487755424	0.34318140598513946	0.33945104523931824
0.3173684628130532	0.3431803309269288	0.3394512062600181
0.3173694715095394	0.3431804399239914	0.3394500885664693
0.31736985704391446	0.34317952369073335	0.3394506192653523
0.31736929579413586	0.3431796310403689	0.33945107316549533
0.3173685501920967	0.3431806809058821	0.3394507689020213
0.31736856914786027	0.343180033950428	0.3394513969017119
0.31736843100938394	0.34318100167142956	0.33945056731918666
0.31736823272609355	0.34317989176500824	0.3394518755088983
0.3173696316485051	0.3431796661791209	0.3394507021723741
0.31736915309947267	0.34318069143914065	0.33945015546138685
0.3173693501183339	0.34318022059811376	0.33945042928355246
0.31736808828793944	0.34318021447255004	0.3394516972395106
0.31736804339610164	0.34318100384991335	0.33945095275398507
0.3173675570271207	0.3431821514600023	0.33945029151287714
0.3173670373151148	0.3431810251065843	0.339451937578301
0.3173690431045153	0.3431806447480332	0.3394503121474516
0.3173684407501039	0.34318124595591754	0.3394503132939787
0.3173680156444495	0.3431804520926464	0.3394515322629042
0.31736887982971834	0.34318006887912433	0.33945105129115744
0.31736744181635107	0.3431823589894039	0.3394501991942451
0.31736879454317	0.3431804966849555	0.3394507087718746
0.31736916624807526	0.34318027990561956	0.3394505538463053
0.3173671619035968	0.34318163679403546	0.33945120130236783
0.3173681379536848	0.34318049374595083	0.3394513683003645
0.3173672068289924	0.3431822633599671	0.3394505298110406
0.3173671081675445	0.34318257738628793	0.33945031444616774
0.3173676111291326	0.3431815459109065	0.33945084295996103
0.31736802160700905	0.34318015058233137	0.33945182781065975
0.31736816637702797	0.34318093581074355	0.3394508978122286
0.3173672763544891	0.34318178372863056	0.33945093991688047
0.317369541630808	0.34317981152745836	0.33945064684173376
0.3173685724741725	0.34318142511015187	0.33945000241567574
0.31736789120488956	0.34318089233344096	0.3394512164616696
0.31736820186826564	0.3431805336322827	0.3394512644994518
0.3173674631776882	0.34318076407505405	0.33945177274725785
0.3173672980384758	0.3431814886335827	0.3394512133279416
0.3173678802032227	0.3431808018409453	0.3394513179558321
0.31736973541101166	0.3431794782460966	0.33945078634289183
0.31736834778300554	0.3431803585974581	0.33945129361953646
0.3173684048040276	0.3431805710465011	0.3394510241494714
0.31736747213170113	0.34318175077884056	0.33945077708945837
0.31736738653656205	0.34318161698712935	0.33945099647630866
0.31736712799073175	0.34318272775557085	0.33945014425369746
0.31736855631272043	0.34318012943263887	0.3394513142546408
0.3173685582232904	0.343180330245411	0.3394511115312987
0.31736700240484267	0.3431816836201296	0.33945131397502787
0.31736823231152694	0.34318027263411693	0.33945149505435623
0.3173689260144467	0.34318076474497533	0.33945030924057806
0.31736744674955975	0.34318067228025495	0.3394518809701854
0.3173697516831109	0.3431799907827157	0.33945025753417357
0.31736856665548935	0.3431798447579274	0.33945158858658336
0.31736712114693233	0.3431825121229973	0.3394503667300705
0.31736945941977945	0.3431797747049588	0.33945076587526185
0.3173691509406034	0.3431802289030247	0.339450620156372
0.317369343146071	0.34318034025185057	0.33945031660207853
0.31736942768876697	0.34317901249602084	0.3394515598152123
0.31736713976696457	0.34318167482650663	0.3394511854065289
0.31736736720216485	0.3431810403796416	0.3394515924181936
0.31736839562456187	0.3431812126970505	0.33945039167838775
0.3173686686152728	0.3431802525228442	0.33945107886188314
0.3173671155707575	0.34318094805886135	0.33945193637038135
0.3173683778942127	0.34318090579663924	0.3394507163091482
0.31736880727159433	0.3431800523796851	0.33945114034872076
0.317368180466252	0.3431808124448481	0.3394510070889
0.3173698435148875	0.34317997736318745	0.33945017912192516
0.3173683256463404	0.3431799990202539	0.3394516753334058
0.3173692158552503	0.3431793516418415	0.3394514325029083
0.3173690856132085	0.343179725195916	0.3394511891908757
0.3173684061024904	0.3431799165084586	0.3394516773890511
0.31736850362636965	0.343181446549556	0.33945004982407445
0.31736860584684246	0.3431805538054483	0.33945084034770934
0.31736876862892655	0.34317948881296173	0.33945174255811184
0.3173692536258761	0.3431795859175561	0.33945116045656787
0.317368278383686	0.3431806882834202	0.339451033332894
0.3173674147784183	0.34318090251165256	0.3394516827099293
0.31736999935272303	0.3431799463171338	0.3394500543301433
0.31736807079520823	0.34318179512460506	0.3394501340801868
0.3173682185835215	0.3431809784034921	0.3394508030129866
0.3173686169366056	0.34318096865814063	0.33945041440525386
0.31736905634113444	0.34317915069930116	0.33945179295956457
0.31736948084516714	0.3431797091503518	0.3394508100044812
0.31736715243768243	0.34318247719770983	0.3394503703646078
0.31736817122952626	0.3431808478454719	0.3394509809250019
0.31736805021268877	0.34318081111924476	0.33945113866806653
0.3173692103451355	0.3431794210802865	0.33945136857457814
0.31736844418745813	0.3431798471494092	0.33945170866313285
0.3173687689316614	0.3431800648205706	0.3394511662477681
0.31736826669944945	0.34318076432938305	0.3394509689711676
0.3173675977892293	0.3431816716009699	0.3394507306098009
0.3173688147230426	0.3431802295515676	0.3394509557253899
0.31736789293116013	0.34318140388018253	0.33945070318865744
0.3173675459554094	0.3431804636679741	0.3394519903766166
0.3173677239465387	0.34318134078227946	0.3394509352711819
0.31736928190516117	0.3431806044108209	0.33945011368401806
0.31736898652684276	0.3431798958974307	0.3394511175757266
0.31736836333760443	0.3431806298484723	0.33945100681392343
0.3173681911970728	0.34318132659719935	0.33945048220572793
0.3173682718446989	0.3431808339601299	0.3394508941951714
0.3173683190516507	0.34318111608197627	0.33945056486637315
0.31736888244661826	0.34317983240660244	0.33945128514677936
0.3173692175531166	0.3431804589314587	0.33945032351542487
0.3173678471867699	0.34318084073494265	0.33945131207828755
0.31736781444896883	0.34318027683748903	0.33945190871354225
0.3173692182614384	0.34318060040956355	0.3394501813289982
0.3173680882803176	0.34318123513282806	0.33945067658685446
0.3173694624661596	0.34317927831723294	0.33945125921660757
0.31736818163393027	0.3431814900462995	0.3394503283197704
0.3173677107336276	0.34318134015632584	0.3394509491100467
0.3173670577555294	0.34318108904327865	0.33945185320119203
0.31736958346163135	0.3431799012998806	0.3394505152384882
0.31736796313718707	0.34318157626945606	0.339450460593357
0.31736772751838443	0.34318104231492713	0.33945123016668854
0.31736932048833333	0.3431794932557219	0.33945118625594495
0.31736851519921977	0.3431806313700254	0.33945085343075493
0.31736732016735436	0.34318113009032586	0.3394515497423199
0.3173680072954205	0.3431811700872237	0.339450822617356
0.3173686864807366	0.3431803922903344	0.3394509212289291
0.31736862711999836	0.3431808065849044	0.33945056629509734
0.31736716420753597	0.3431815820898397	0.3394512537026244
0.317367977848176	0.3431802762928825	0.3394517458589416
0.31736858398743995	0.34318052968325685	0.3394508863293033
0.31736749189532176	0.34318110479784614	0.3394514033068322
0.3173683463183584	0.34318154980443716	0.33945010387720453
0.31736924231142694	0.3431792855286423	0.3394514721599309
0.31736751514479883	0.34318101147214136	0.33945147338306
0.3173673252302945	0.3431808057147691	0.3394518690549366
0.3173686020539367	0.34318012265051523	0.3394512752955482
0.31736968555105616	0.343179260280054	0.33945105416888993
0.31736765491417984	0.34318215812514236	0.33945018696067797
0.31736721311423244	0.3431813081701995	0.3394514787155682
0.31736754129482403	0.3431806023400883	0.3394518563650878
0.3173674736859976	0.343181121021671	0.33945140529233153
0.3173670495405578	0.3431821199168494	0.33945083054259295
0.31736918047985135	0.3431793315659557	0.33945148795419305
0.3173680721772233	0.34318043175715346	0.33945149606562336
0.3173673716607104	0.3431820046094114	0.33945062372987833
