0.3500677260609935	0.4000420369913894	0.24989023694761717
0.34996394396568226	0.4000115057262476	0.25002455030807025
0.3501124257359068	0.3999838675903402	0.2499037066737531
0.35007941365780504	0.4001742807782672	0.24974630556392785
0.3499972764938605	0.4001023910625815	0.24990033244355814
0.3500628372574326	0.40008040600525563	0.2498567567373119
0.35004367585117396	0.4000811347970198	0.24987518935180636
0.349976033484813	0.39994842962437394	0.2500755368908132
0.3498849031617511	0.40019177478624884	0.2499233220520002
0.3499688851153088	0.40004610101726457	0.24998501386742672
0.3499852443480649	0.3999535212365337	0.2500612344154015
0.34996311097051486	0.40010443904065734	0.2499324499888279
0.34994050237947544	0.4001860906272404	0.24987340699328425
0.34988532820919394	0.40003945339447455	0.25007521839633157
0.3500771507330684	0.40017879377729465	0.24974405548963707
0.3499683976881917	0.40014151425240585	0.24989008805940258
0.35003937052385226	0.40014916450138216	0.24981146497476575
0.35000630733861376	0.4000457130014566	0.24994797965992976
0.3499589183637411	0.40009204168318113	0.24994903995307782
0.34993394103470316	0.399994360954574	0.25007169801072293
0.349878511855429	0.40006849548689033	0.2500529926576808
0.3501126490733724	0.39993723193682285	0.24995011898980488
0.34990718405659466	0.4002306416483628	0.24986217429504262
0.3500012769915341	0.40005161641548226	0.24994710659298372
0.34988330848035815	0.40008542327744323	0.25003126824219873
0.3498960678281473	0.40022890193241967	0.24987503023943314
0.34990432216409517	0.40010123129596964	0.24999444653993536
0.34989043933895925	0.40019280352784337	0.2499167571331975
0.35007516243157694	0.40006874663405423	0.24985609093436897
0.35004963494430646	0.40003791664857313	0.24991244840712046
0.3498970674008452	0.40022956465197024	0.24987336794718465
0.3498825920711849	0.40018683843786074	0.24993056949095452
0.35008300438122597	0.3999527205754054	0.24996427504336877
0.34996659398511415	0.40023518641403033	0.24979821960085563
0.3499737197537962	0.3999522725354086	0.2500740077107953
0.3499730659657935	0.4000003408262703	0.25002659320793635
0.3501276945181978	0.39998101309078293	0.24989129239101937
0.35006234416625476	0.4001940267255763	0.24974362910816905
0.35001208481431095	0.4001782799566814	0.24980963522900773
0.3501288388070186	0.40012911692010344	0.24974204427287802
0.3501077092258452	0.40016593826085345	0.24972635251330144
0.3500870762040403	0.4000884188186318	0.24982450497732803
0.35012967382933363	0.4001591911933603	0.24971113497730618
0.3499761525208164	0.40014520353540534	0.24987864394377843
0.34995346158924284	0.4002275032840165	0.24981903512674075
0.3500742635247119	0.4001346159421213	0.24979112053316693
0.35011609260453164	0.39993533341991727	0.2499485739755512
0.3500190599192557	0.40000387743440946	0.249977062646335
0.35004236308897085	0.4001975217573027	0.24976011515372654
0.3501118460153741	0.40013846214627724	0.2497496918383488
0.35004945443778984	0.4001822338885663	0.249768311673644
0.3499508059136295	0.40009175966986554	0.2499574344165051
0.3500452935666126	0.40010376130172454	0.24985094513166295
0.3498902023150461	0.39999162279249545	0.2501181748924585
0.3498996203225119	0.39995748952828564	0.25014289014920266
0.34993751150524277	0.3999365001670923	0.25012598832766497
0.35011430347607353	0.3999409227453135	0.24994477377861307
0.3499040056310134	0.4001567621906795	0.24993923217830713
0.3501377899635483	0.40008695972698827	0.24977525030946351
0.3500572071835216	0.40024095803600324	0.24970183478047525
0.3499302489653753	0.400021366938466	0.2500483840961588
0.35008689944007587	0.3999314855895997	0.24998161497032456
0.3500183820409295	0.4000195946634415	0.24996202329562908
0.34990721006217784	0.39999463350367725	0.25009815643414496
0.34997196455861035	0.40000481319621756	0.2500232222451722
0.35011215195688705	0.40002857634156586	0.24985927170154718
0.3499938203317365	0.39994555342213145	0.2500606262461321
0.350124738999096	0.40009376424319254	0.24978149675771158
0.34999387816357774	0.40015541074641836	0.24985071109000395
0.3499308876815701	0.40010050439758993	0.24996860792084014
0.3499788037495695	0.39998363478394383	0.25003756146648676
0.350045799909267	0.40011687833763465	0.24983732175309853
0.34997157082009955	0.3999582668296108	0.2500701623502898
0.3499084838344577	0.4001992468962976	0.24989226926924474
0.3500951569566742	0.4001980016109318	0.24970684143239413
0.34994586275340234	0.4000394156356566	0.2500147216109411
0.3498685229078208	0.40011345066921566	0.25001802642296367
0.34988686826206933	0.4000768169992387	0.25003631473869214
0.3499016150774263	0.4001554234838141	0.2499429614387597
0.3498916370283625	0.4001295722025404	0.24997879076909718
0.3498654304748716	0.3999912252291327	0.2501433442959958
0.35012483681637613	0.40004296845973075	0.24983219472389318
0.34998882077364296	0.40022715668851294	0.2497840225378442
0.3500798286745511	0.4001303085276313	0.24978986279781767
0.34997628868400116	0.3999379929643866	0.2500857183516124
0.3499621888105217	0.4000974966089328	0.2499403145805456
0.35001488246018403	0.40011709640015813	0.24986802113965795
0.3501322126909202	0.3999482725013995	0.2499195148076804
0.3500194152172778	0.40014172423906835	0.249838860543654
0.3498777236410384	0.4000359452540285	0.25008633110493317
0.3500502466862097	0.39992729660135723	0.25002245671243317
0.3500623520191503	0.40020691494524696	0.24973073303560284
0.34994743037122844	0.4000870096746758	0.24996555995409586
0.3500648012301566	0.40017541007936897	0.24975978869047455
0.35010689345212814	0.4000554316396002	0.2498376749082717
0.3500968629889544	0.399956193784522	0.24994694322652364
0.350133251003612	0.3999333649563988	0.24993338403998933
0.3500124563314393	0.4002084806275108	0.24977906304105
0.3500184138532878	0.39995776053941157	0.25002382560730074
0.35000115829298734	0.40012099519552274	0.24987784651149003
0.3500862697109643	0.40004345962833016	0.24987027066070563
0.35011158681146015	0.40015307902841113	0.24973533416012883
0.34995253861389286	0.3999720472852496	0.25007541410085765
0.3500245738611826	0.4000228725841771	0.2499525535546404
0.34988173154503865	0.4001506353242112	0.24996763313075027
0.35009215100723956	0.4001677969937696	0.249740051998991
0.3500224470293848	0.4001488678872996	0.24982868508331574
0.34995329750916443	0.40006547741315523	0.24998122507768045
0.3500814974076649	0.39997817462049856	0.24994032797183668
0.3501367675527727	0.40003409495107095	0.24982913749615648
0.3499258958508356	0.4000758603580024	0.24999824379116212
0.3499058461528361	0.39998085499207514	0.2501132988550889
0.3500143896032736	0.3999884690480607	0.24999714134866585
0.34995793494324395	0.40010808258579095	0.2499339824709652
0.35002923508077527	0.4000027605241772	0.24996800439504765
0.3499625526184942	0.40009180832390073	0.2499456390576052
0.35004628205060395	0.3999894573077267	0.24996426064166938
0.3500375679963714	0.4000024295454824	0.24996000245814629
0.3498852190698452	0.4002251308045375	0.24988965012561745
0.35000292252577886	0.4000450836658928	0.24995199380832844
0.34990870836152294	0.4001035154417554	0.24998777619672186
0.3499258986154537	0.39997290093106475	0.25010120045348166
0.3499886302428296	0.39992770928570914	0.25008366047146136
0.3499206749645157	0.40018305816868316	0.24989626686680125
0.35009947291408494	0.4001809970122132	0.24971953007370196
0.34996712844667344	0.40001919646674516	0.2500136750865815
0.35005154446767367	0.40018033756787674	0.24976811796444973
0.34997954632844636	0.3999679953862879	0.2500524582852659
0.3499757174336114	0.40017351032369	0.24985077224269878
0.35003850728083274	0.4000916174934505	0.24986987522571683
0.3499772387845112	0.40017706765605954	0.24984569355942932
0.34997294826320324	0.4000588277572825	0.24996822397951435
0.35001917817556527	0.39997622731380444	0.2500045945106304
0.3500137598421636	0.4001806956504729	0.24980554450736364
0.3500138739841196	0.40019959811209577	0.24978652790378478
0.3500746378752489	0.40015549787141813	0.2497698642533331
0.34993150074595725	0.39997917691428814	0.25008932233975467
0.3499273072822506	0.39999459517097125	0.25007809754677834
0.3499625880912371	0.40017288069946755	0.24986453120929553
0.35003938197420587	0.39996636008869246	0.2499942579371018
0.35009305238355737	0.39998006255452984	0.2499268850619129
0.3499558157155211	0.4000138028056639	0.2500303814788151
0.3501269827623274	0.4000117832537815	0.2498612339838912
0.35002801104516645	0.40011866189490863	0.24985332705992505
0.349981326180968	0.40020102975453975	0.24981764406449236
0.3500083429374424	0.4001121648807068	0.24987949218185096
0.34992621598115725	0.3999993368148685	0.2500744472039743
0.3499812435752846	0.40014837812715376	0.24987037829756176
0.3499007617144563	0.39995471004788274	0.2501445282376611
0.35012921144700904	0.39992823400402594	0.24994255454896513
0.34992500889035727	0.400011559704446	0.2500634314051969
0.3500896548801727	0.4001513553862077	0.2497589897336197
0.34993977940414545	0.3999461293948816	0.25011409120097305
0.3500941777681602	0.40007869238043986	0.24982712985140004
0.35007871131299373	0.4001186424391925	0.24980264624781384
0.35000249776205755	0.4001760959259404	0.24982140631200217
0.35005523188824056	0.39993094192269607	0.2500138261890634
0.3498922349627143	0.400166433461008	0.24994133157627785
0.3501072004101886	0.40000246513753646	0.24989033445227507
0.35006605049743994	0.400138487878427	0.24979546162413316
0.3500579907654887	0.40008639769182097	0.24985561154269043
0.3499950171856336	0.4001868378613558	0.24981814495301077
0.3500891659387581	0.40017310062161865	0.24973773343962338
0.3500813695627192	0.40015559817052143	0.24976303226675953
0.3498728845421687	0.4002082701388547	0.24991884531897673
0.3499119764871404	0.4002005076751647	0.24988751583769503
0.34990640396649747	0.4001794603100655	0.2499141357234371
0.34987227492504924	0.4001135880967027	0.2500141369782481
0.35007192295033035	0.40021629984195517	0.24971177720771454
0.3499680014650254	0.40019447854105095	0.24983751999392378
0.3499325515532943	0.3999370659808638	0.25013038246584196
0.35003761847066184	0.3999931156037561	0.24996926592558213
0.34995578289685103	0.4000670294729329	0.2499771876302162
0.34995732712966754	0.39999787066736253	0.25004480220297
0.34992877047850357	0.4001036105079767	0.2499676190135198
0.35013846496485773	0.3999750679284397	0.24988646710670273
0.34998652773503475	0.4000995306473334	0.24991394161763197
0.3499607171494487	0.39998538580699394	0.25005389704355746
0.3498600915798951	0.4000284036606429	0.2501115047594621
0.34993013313843346	0.4000515038058895	0.25001836305567715
0.3499275957086203	0.39993752707482066	0.25013487721655914
0.34997781225895647	0.4000310957839137	0.24999109195712993
0.34991564526112373	0.4002202060481755	0.2498641486907009
0.3500268390606136	0.4000091006323945	0.24996406030699198
0.3500406845596774	0.40000827790266763	0.24995103753765507
0.3501335817394996	0.39996986203552737	0.2498965562249732
0.34997554185761426	0.4000904317426151	0.24993402639977075
0.35013144328495854	0.40014464754191403	0.24972390917312756
0.35013700986322305	0.40016340697526187	0.24969958316151514
0.35011928827892314	0.399995254454825	0.249885457266252
0.35007816204212383	0.40009391248090825	0.24982792547696797
0.35004481807699306	0.3999815645359036	0.24997361738710341
0.3500576592499991	0.40018846635202593	0.24975387439797508
0.3500154074988311	0.40003180287442436	0.24995278962674464
0.35010726048663565	0.39999854473684227	0.24989419477652222
0.35012040401507405	0.4001007932005919	0.24977880278433415
0.34985938679119194	0.4001467463487798	0.2499938668600284
0.35011700610883073	0.400088233913134	0.2497947599780354
0.34986095360309044	0.39998791400242806	0.2501511323944816
0.3499136460916321	0.40009473367227977	0.2499916202360882
0.3499233190586211	0.39993308888096546	0.25014359206041353
0.3501081932430519	0.40006667733818707	0.2498251294187611
0.34991968066880663	0.4002086655426998	0.2498716537884937
0.3499092227760434	0.40019040513104853	0.24990037209290816
0.3501115049986432	0.40018991369281065	0.24969858130854622
0.3498982138188562	0.40010738889215947	0.24999439728898443
0.35006299066462526	0.40019991388480525	0.24973709545056966
0.34999309396870465	0.4002276069500401	0.24977929908125535
0.34998324707945344	0.3999787787960029	0.25003797412454376
0.3498588268152441	0.40019917477579636	0.2499419984089597
0.3500613502420839	0.39997537521367743	0.24996327454423872
0.349891298461751	0.399956986353687	0.25015171518456214
0.34996940853358754	0.4002014109330153	0.2498291805333972
0.34992969760515946	0.399927238158295	0.2501430642365456
0.34992403189014587	0.40012288754139225	0.249953080568462
0.34991261369171783	0.40015362617655664	0.2499337601317256
0.3500046319030425	0.4001669391655808	0.2498284289313768
0.34986947099514965	0.399989584936775	0.2501409440680755
0.349927752875027	0.4001070947519162	0.24996515237305691
0.350056615651082	0.39993542340137395	0.2500079609475442
0.3500688764109892	0.4001539086509659	0.249777214938045
0.3500477334811155	0.3999608931500659	0.24999137336881874
0.35001035566164723	0.40014513839170707	0.24984450594664584
0.35000140904566307	0.4002250105716395	0.24977358038269754
0.3500178881681293	0.4001036088954464	0.2498785029364244
0.35003833993155126	0.40003948537690226	0.24992217469154662
0.35001154890309677	0.4002394630215351	0.24974898807536822
0.35008738959024915	0.3999605192175295	0.24995209119222145
0.3500736490197832	0.4001850058618379	0.24974134511837898
0.34999045990478544	0.3999574721170383	0.25005206797817636
0.34989858081829217	0.40003640515532907	0.2500650140263789
0.3499548671544439	0.4000936091219197	0.24995152372363647
0.3500939478245108	0.4001528256876419	0.24975322648784742
0.34985805136452397	0.4002093155617143	0.24993263307376185
0.35012908607076376	0.3999447788395355	0.24992613508970082
0.3500223075470636	0.4001778516371848	0.24979984081575174
0.3501322108824581	0.3999773872752675	0.2498904018422745
0.35001952298992994	0.4000750405235937	0.24990543648647645
0.3501118450793157	0.39996338086637645	0.24992477405430796
0.34987965684353034	0.4000068879687314	0.2501134551877383
0.34985779311349746	0.400209466234142	0.24993274065236065
0.3500475591595755	0.40023042312730694	0.24972201771311767
0.3499200362728107	0.40004627137406046	0.250033692353129
0.34993956796823295	0.40017915878402344	0.24988127324774373
0.3500655821486485	0.4002102387816705	0.24972417906968103
0.35004983791310373	0.400214533061247	0.24973562902564939
0.35008561576869096	0.40000106462573404	0.2499133196055751
0.34986910196043103	0.40017118007329733	0.24995971796627175
0.34988476781734484	0.3999830199883249	0.25013221219433035
0.3500762741435717	0.4001265058596688	0.24979721999675963
0.34994282057177706	0.3999755885354399	0.25008159089278315
0.3500955744031313	0.3999644089707081	0.24994001662616067
0.35002249301140115	0.40022414902690395	0.24975335796169496
0.35003035604442945	0.3999570923829582	0.2500125515726125
0.3498654789931933	0.40008764599425306	0.25004687501255374
0.3500626389534391	0.39999635633700137	0.2499410047095596
0.34991446588329855	0.3999630959905539	0.25012243812614765
0.34987526777617034	0.4001596850213147	0.24996504720251506
0.3500983375012695	0.4000707307312892	0.2498309317674414
0.35005056042706445	0.4001887184701589	0.24976072110277675
0.35010233190907103	0.4001156917691535	0.24978197632177557
0.3501174350711291	0.4001952934386185	0.24968727149025252
0.3500210858941488	0.3999318499915522	0.2500470641142991
0.35011755709149467	0.39995606129297423	0.24992638161553118
0.3500423764711939	0.4001343888822516	0.2498232346465546
0.3499638220712444	0.4001024629700145	0.24993371495874123
0.3501000571458499	0.3999796179692765	0.2499203248848737
0.35009963162874247	0.40014129116175146	0.2497590772095062
0.3500720620478894	0.40021843698662585	0.2497095009654849
0.34994592131209695	0.40020814076977884	0.2498459379181243
0.3500853864192107	0.3999851953851341	0.2499294181956553
0.3499366035916411	0.4000454418711212	0.25001795453723785
0.3501316399033064	0.39999472006504266	0.24987364003165102
0.3500225103371244	0.4000449862695924	0.24993250339328335
0.34992249013639554	0.3999392126022068	0.2501382972613978
0.35008058778107637	0.40000466554165315	0.24991474667727054
0.3499482488870744	0.4000772415661632	0.2499745095467626
0.35012325020194035	0.3999957772020002	0.24988097259605951
0.3499926903073802	0.4001249617758995	0.24988234791672037
0.34997525969277604	0.3999499575751331	0.25007478273209094
0.34994297390806284	0.40014031041676046	0.24991671567517681
0.34997595326420927	0.39993039981073675	0.2500936469250541
0.3500441201671634	0.40021766400717185	0.24973821582566483
0.3500099783218528	0.4001391493318865	0.2498508723462608
0.34994694676858384	0.40023260663809157	0.24982044659332475
0.34996755525454487	0.4002179432501889	0.24981450149526635
0.35009018842347567	0.4000706385340759	0.24983917304244857
0.3499777586922429	0.40021340775797287	0.24980883354978434
0.3500652358565174	0.39996063914315383	0.24997412500032887
0.34996302809197005	0.4000438908822424	0.24999308102578766
0.34997048714155543	0.3999530531882065	0.2500764596702382
0.3500765249649445	0.3999444810354499	0.24997899399960571
0.3498916057225528	0.4000033082510601	0.2501050860263872
0.3501214138705707	0.40014763950143595	0.2497309466279935
0.3500476361940113	0.39998669629316685	0.24996566751282195
0.3499171971043853	0.40022707839892613	0.2498557244966887
0.3500190151739893	0.40006709175055577	0.249913893075455
0.35011522861046696	0.40003456070619414	0.24985021068333907
0.35008368732097417	0.4001920346312385	0.24972427804778746
0.3500562303614723	0.3999751049965483	0.2499686646419795
0.3500152179376022	0.4001459931318301	0.24983878893056777
0.3500048075623529	0.400073092557245	0.24992209988040223
0.35002712902164795	0.4000233099153788	0.24994956106297334
0.34990750271587023	0.4001186269178167	0.24997387036631316
0.350100414927426	0.399959956469103	0.24993962860347116
0.34999773098719544	0.40015307127835775	0.24984919773444694
0.3500408321554001	0.39996918548766025	0.24998998235693978
0.35007290586754103	0.4000957404100118	0.2498313537224473
0.3499582953962968	0.4000346394613361	0.2500070651423672
0.3498626009750485	0.4002275824693368	0.24990981655561478
0.3501367923384436	0.400101519360309	0.2497616883012475
0.3501162607159848	0.3999679946648984	0.24991574461911695
0.3498771071563212	0.4000233420350186	0.2500995508086603
0.3498857431205916	0.400223171668796	0.24989108521061248
0.349990679630783	0.399960253871313	0.25004906649790415
0.34987918334050344	0.4001027225319278	0.2500180941275689
0.3499256146812173	0.40021658621041434	0.24985779910836853
0.3499241209947523	0.4000169508619663	0.2500589281432815
0.3499422798216138	0.4000637065407665	0.24999401363761975
0.3499866517402306	0.3999698678761793	0.2500434803835902
0.35008429300634764	0.4002114169687163	0.24970429002493616
0.3499192437657438	0.4001766176167022	0.2499041386175541
0.3500583830849741	0.40005905496652866	0.24988256194849737
0.35001525305009057	0.4001289922345965	0.249855754715313
0.34989847670741686	0.4000486334629373	0.250052889829646
0.349875563151833	0.4000426563767806	0.2500817804713865
0.3498910690832857	0.40021342721898656	0.24989550369772778
0.3500787175586535	0.4000824239291787	0.24983885851216792
0.34992969729849066	0.39997981403313826	0.2500904886683712
0.3500007900105877	0.40013803221249483	0.24986117777691752
0.3501058846156987	0.3999484325681144	0.24994568281618706
0.3499092086528548	0.4001434209348373	0.24994737041230808
0.34996271364625725	0.40020667780804653	0.2498306085456963
0.35010078370827036	0.4000866399974286	0.24981257629430118
0.3500143029280316	0.40005284658118717	0.24993285049078134
0.3499536882778523	0.40009064062815924	0.24995567109398856
0.35006897018230887	0.3999588956820879	0.24997213413560332
0.3500188688312331	0.4000033234336746	0.24997780773509232
0.35009650308622353	0.4002024640584051	0.24970103285537146
0.3499708947643325	0.4001168571183038	0.24991224811736373
0.35003743865752324	0.40004157855872746	0.24992098278374944
0.35011491652178045	0.39994217589961706	0.2499429075786026
0.3498778633178414	0.4001078811513131	0.25001425553084555
0.3500999628026712	0.4001169714910836	0.24978306570624534
0.35001679713679223	0.4000648745681776	0.2499183282950303
0.3499898385555043	0.3999499276344112	0.2500602338100846
0.3500610905712699	0.39997053170603575	0.24996837772269448
0.34999427853599374	0.40001465394976266	0.24999106751424371
0.34991256582496	0.3999390544562271	0.250148379718813
0.34994447581878274	0.39999250671326525	0.2500630174679521
0.3500425430084307	0.40012916863245296	0.24982828835911647
0.3499624674805907	0.39994716190131413	0.2500903706180953
0.3501187940708982	0.3999403689153809	0.24994083701372105
0.3499058928048868	0.4000369266643056	0.25005718053080767
0.3501257573275626	0.40017230349616784	0.24970193917626965
0.35009884711242656	0.40000807610431616	0.2498930767832574
0.35008138892453045	0.4000420398926392	0.24987657118283052
0.3500952251918441	0.3999701137116737	0.24993466109648232
0.349952615007881	0.400155779739911	0.24989160525220813
0.34999616560595814	0.40008708977567126	0.24991674461837074
0.35001835548093363	0.399979591575469	0.2500020529435975
0.3498707695244329	0.4000800088458531	0.2500492216297141
0.3499860153128227	0.40003458003258735	0.2499794046545901
0.35013485741012745	0.4000449440747473	0.24982019851512538
0.35005108813214353	0.40023881433604097	0.2497100975318156
0.3500635451992137	0.40001964651936794	0.2499168082814185
0.35011798990100823	0.4000088647438643	0.24987314535512756
0.34989724026717284	0.40023849916182896	0.24986426057099825
0.3499026136609901	0.4000807418571924	0.2500166444818176
0.3501406169005992	0.40010433149230895	0.24975505160709194
0.349929543340147	0.40022091341125793	0.24984954324859518
0.35006548707483337	0.4000844874265783	0.2498500254985884
0.3500370204887552	0.3999508183358685	0.25001216117537645
0.350103031155227	0.40006760745654313	0.24982936138822992
0.350007639688578	0.400084955053806	0.24990740525761612
0.3499340403407935	0.4001637808804872	0.2499021787787194
0.3501229861856715	0.4000067360078048	0.24987027780652382
0.3499797218160641	0.39992601607665135	0.2500942621072846
0.35003645388723215	0.4002004422128096	0.2497631038999584
0.34995503441685005	0.4000721315369765	0.24997283404617351
0.34994108256474343	0.40011376484963734	0.24994515258561933
0.3500103903985472	0.4000048041353502	0.24998480546610263
0.3501405817941483	0.39993542628382484	0.24992399192202697
0.349963849669737	0.40003074828332974	0.2500054020469334
0.34992396500357487	0.4000856219974561	0.24999041299896912
0.35005355334156063	0.39992879421985755	0.250017652438582
0.3498939023126707	0.4001079195044428	0.2499981781828866
0.3500025037812116	0.4002409782540798	0.24975651796470874
0.3499760730050172	0.400029741946651	0.24999418504833187
0.3500633542929108	0.40010127123512573	0.2498353744719636
0.3501273250632354	0.4000782766549599	0.24979439828180483
0.34991617752425475	0.4000892680105639	0.24999455446518143
0.34998274620541586	0.3999906212686761	0.2500266325259081
0.35000138802698544	0.40005460194083187	0.24994401003218275
0.35007203637566603	0.40011970870603053	0.24980825491830355
0.35003913571328027	0.4000304095353659	0.24993045475135395
0.3501043354366533	0.4002020442483184	0.2496936203150284
0.3499652738799477	0.3999799213258133	0.25005480479423914
0.3499049117786204	0.4002111465739596	0.24988394164742014
0.34992520558504614	0.4000318434854598	0.2500429509294942
0.35009207485628996	0.4001819954543415	0.24972592968936863
0.3500684422519512	0.4000457277747232	0.24988582997332567
0.35006934780774246	0.40013550970748746	0.24979514248477022
0.34997487876720806	0.39998981993781757	0.2500353012949745
0.350027353847577	0.3999828206487628	0.2499898255036603
0.3500883359491584	0.40003699497446144	0.24987466907638028
0.3500768956515465	0.4000687093468691	0.24985439500158452
0.3499364525276447	0.40001855565959	0.2500449918127654
0.3500881667204005	0.4001461342312941	0.24976569904830553
0.35011831217267153	0.39999995648581244	0.24988173134151612
0.34996258284391896	0.40021602778695187	0.24982138936912926
0.3500259261323265	0.40020407757529586	0.24976999629237773
0.3500318128629835	0.400071611523643	0.24989657561337356
0.3499687816734735	0.39999784724921666	0.25003337107730994
0.3500737175105011	0.4001760184356499	0.2497502640538491
0.34987054153693686	0.4001728513270826	0.2499566071359807
0.35011867048204753	0.3999504222331909	0.24993090728476167
0.34992549924053956	0.4001108687838578	0.24996363197560273
0.3499357632651542	0.3999973510139808	0.2500668857208651
0.34988128048604417	0.4001108709856997	0.25000784852825625
0.3499729775403823	0.40022785565105673	0.24979916680856104
0.3501375774602602	0.40010357835362004	0.24975884418611988
0.3499183613672935	0.4002089470003473	0.2498726916323593
0.34990130621472504	0.3999873599550719	0.2501113338302032
0.3499733458372107	0.4000155119601516	0.2500111422026378
0.34995284435079216	0.3999524173893894	0.2500947382598185
0.3500056604956131	0.3999904063504371	0.2500039331539499
0.3500553784293976	0.400109516917199	0.2498351046534035
0.35011175787828624	0.4001547087022288	0.24973353341948512
0.3500254155280952	0.4000020144837697	0.24997256998813522
0.35005774058153055	0.39998663404893725	0.2499556253695323
0.34994265055675355	0.4001154947584796	0.24994185468476696
0.3498913941617504	0.40018738417826194	0.2499212216599877
0.3501071101155858	0.3999490249128109	0.24994386497160337
0.3498910035682582	0.40017715365920825	0.2499318427725337
0.35004795268125133	0.40003782020300793	0.24991422711574085
0.3498880712173164	0.40011232793721285	0.24999960084547085
0.3501312377613683	0.4001664809757982	0.24970228126283367
0.35010371703649146	0.4000227807899675	0.24987350217354115
0.3500095023319279	0.4000649137803628	0.24992558388770936
0.35001373587865103	0.40013454319448566	0.24985172092686342
0.3500899860636276	0.40006901162402664	0.24984100231234582
0.34992321704119816	0.399998743359414	0.2500780395993879
0.3501000392212678	0.4000196244805354	0.2498803362981969
0.3499168686669458	0.4001630189859785	0.24992011234707578
0.3501098733736697	0.39994038387670666	0.24994974274962373
0.3499219533032918	0.3999421430870286	0.25013590360967974
0.34988022745181024	0.4001787188279462	0.2499410537202437
0.3500369306637356	0.40006304003006277	0.24990002930620175
0.34987370759867925	0.40002063364996	0.2501056587513608
0.34993904727138936	0.40018963431003163	0.24987131841857912
0.3499637800402281	0.39998635698409646	0.25004986297567555
0.35005998519681525	0.40010975176346175	0.2498302630397231
0.34987332336623467	0.40000522853841947	0.250121448095346
0.3499338636667384	0.4000720179007806	0.2499941184324811
0.350031197023629	0.4001005570361808	0.2498682459401903
0.34995338986734337	0.40020177099251336	0.24984483914014338
0.35005006940449973	0.3999436300956418	0.25000630049985856
0.35009441576799616	0.39996916390245246	0.24993642032955152
0.3499207477850622	0.4000220578237855	0.2500571943911523
0.34995670662681594	0.40023617241312387	0.24980712096006027
0.3499447083781863	0.4001654193817168	0.24988987224009707
0.3500476449760857	0.39992868204356175	0.25002367298035266
0.3500149458597262	0.4001750602486093	0.24980999389166456
0.34990329625747174	0.4001699615726427	0.2499267421698857
0.349946440553232	0.399986614498108	0.2500669449486601
0.3499236078219857	0.39996231054086295	0.2501140816371514
0.35007293392184613	0.4001393046885453	0.24978776138960868
0.3499205721233931	0.40015275192252237	0.24992667595408463
0.3499713573510411	0.400193993385013	0.249834649263946
0.3499544307991652	0.40002379207840527	0.2500217771224297
0.3499381016635664	0.40016542624530405	0.24989647209112964
0.35008192932974463	0.3999504703687775	0.24996760030147797
0.35012328276758925	0.40016785839250496	0.2497088588399059
0.35000999378120906	0.40014125832987735	0.2498487478889137
0.3501180445449475	0.40014603143180777	0.24973592402324485
0.35007540630945744	0.40019904213372737	0.24972555155681528
0.3500807409895109	0.4000447070243096	0.24987455198617953
0.3500617016806852	0.4000176189013763	0.24992067941793863
0.34996748656028664	0.4002371552678581	0.2497953581718554
0.3501269524078329	0.400111705149975	0.24976134244219222
0.34998990767953314	0.39996244293992744	0.2500476493805395
0.34999688839366644	0.39995029081535605	0.25005282079097757
0.3499532520636157	0.4000388166150895	0.25000793132129484
0.3500299655303754	0.3999756845796648	0.24999434988995994
0.34991100939989045	0.4000416621538158	0.25004732844629385
0.34999616751935025	0.40020625994957637	0.2497975725310735
0.349932588578005	0.3999881673765632	0.25007924404543197
0.3501161985935315	0.40016798542545196	0.24971581598101666
0.34986233541299805	0.40002403809267795	0.2501136264943241
0.350036430520244	0.40020430345286007	0.24975926602689602
0.3499032137474203	0.4001888359965144	0.24990795025606544
0.3501218449343054	0.4000957074418806	0.24978244762381407
0.3498564835412719	0.4001840408185791	0.2499594756401491
0.35006795672150404	0.40022208167104245	0.24970996160745362
0.34987630175876905	0.4001580611200051	0.24996563712122594
0.35005703845526237	0.40013757192630883	0.24980538961842888
0.3499301190550635	0.40024073949011835	0.2498291414548183
0.3498676719807618	0.4001591289698624	0.24997319904937598
0.3499451930170683	0.40011003746242557	0.24994476952050626
0.34995545972216835	0.39998751007052974	0.250057030207302
0.35005144011005546	0.40023560158331567	0.24971295830662898
0.35012392608720616	0.399979710975553	0.2498963629372409
0.349911796390242	0.3999946854913278	0.25009351811843034
0.3500598111205351	0.39993258110469543	0.2500076077747696
0.3499939227999829	0.4000189721210332	0.24998710507898392
0.35008618672053565	0.39995948330723397	0.2499543299722305
0.3500053186068108	0.40014220727463296	0.24985247411855638
0.34996812862154125	0.40012073002443693	0.2499111413540219
0.35006116171886265	0.40015812803594364	0.24978071024519383
0.34990142843591227	0.4000246363316463	0.25007393523244154
0.35005104707385554	0.4001318225899725	0.2498171303361721
0.34990714748489876	0.40004741890625284	0.2500454336088485
0.35011874448791236	0.4001371172687274	0.24974413824336036
0.3500757419006119	0.4000332138061906	0.24989104429319758
0.3500751862321788	0.40012399255464437	0.24980082121317687
0.34997787067741265	0.4001221189966888	0.24990001032589865
0.3500539885088344	0.399979519309598	0.24996649218156766
0.34994670039237585	0.40021951884484375	0.2498337807627805
0.349911593295408	0.4000392059269431	0.250049200777649
0.34989328471187325	0.39997726681569734	0.2501294484724295
0.3501205237276413	0.40015439924385565	0.2497250770285032
0.3500195058659722	0.3999623994219877	0.25001809471204023
0.3499604663803063	0.40013489003003067	0.24990464358966313
0.3499790269668238	0.40019218480241725	0.24982878823075905
0.35003679371461915	0.4002030978909376	0.24976010839444335
0.3498746524503943	0.3999846774252819	0.25014067012432395
0.3500358543929808	0.40019886274006977	0.24976528286694957
0.34991427348251347	0.39997595676248954	0.25010976975499705
0.35003439136880476	0.40013848519945056	0.24982712343174476
0.3500096527554994	0.399954033995448	0.25003631324905273
0.3499939426110678	0.4002120614002683	0.24979399598866397
0.3499371022671241	0.39994192824333974	0.25012096948953627
0.35012130721822976	0.4000402554096314	0.24983843737213898
0.3501271314050739	0.3999922174087301	0.2498806511861961
0.3500348650080718	0.4000977389676692	0.24986739602425911
0.3498912717559847	0.4002093072839773	0.2498994209600381
0.3499996200590213	0.3999737743739804	0.25002660556699835
0.350089350591095	0.40011479103980124	0.2497958583691039
0.34987371215580837	0.40018022212424287	0.24994606571994887
0.34994977056120025	0.4001656255121682	0.24988460392663167
0.3501240129092759	0.399941963595998	0.24993402349472624
0.3501086813211185	0.40001987110675785	0.2498714475721237
0.3500587239220796	0.40005086821524505	0.2498904078626755
0.34988754062245314	0.400210458313616	0.24990200106393096
0.3499083894242474	0.40008865733310256	0.25000295324265015
0.350102507146877	0.4000621644343315	0.24983532841879164
0.34994710019377856	0.40020651035913624	0.24984638944708532
0.34987755617206817	0.400113787767407	0.2500086560605249
0.3499216243395843	0.3999591801625337	0.2501191954978821
0.35000262710153984	0.4000637459450495	0.2499336269534107
0.34992554689415684	0.40019980614098916	0.24987464696485415
0.3500011852152223	0.40021431493245624	0.24978449985232157
0.35011126036846685	0.4001083862688745	0.24978035336265875
0.349887973482902	0.40014369159067253	0.24996833492642553
0.35006313541154027	0.39998283603408646	0.24995402855437343
0.35005767290166984	0.4001851126988667	0.24975721439946352
0.35005206063752387	0.4001229231709126	0.24982501619156372
0.35012717313441966	0.40016803957342123	0.24970478729215928
0.3498837315628049	0.40004441008878333	0.25007185834841195
0.35005860206239203	0.39998673537439655	0.24995466256321147
0.3499243720909502	0.40003122297368016	0.2500444049353697
0.34989562896757803	0.40000646940603635	0.2500979016263857
0.3499523825552453	0.3999405620468046	0.25010705539795025
0.3499989383853484	0.4000351883597373	0.24996587325491437
0.349982426878958	0.4001031048060012	0.24991446831504094
0.34990424203558584	0.40012929083565285	0.2499664671287614
0.34997123172226874	0.4000976244969322	0.24993114378079923
0.35005593113635375	0.40012346059149745	0.2498206082721489
0.3499894347483594	0.3999533037845353	0.2500572614671054
0.35006957249286036	0.40023755234616065	0.24969287516097907
0.35009352951208317	0.4001552040171594	0.24975126647075754
0.3500875048948571	0.39998205658511937	0.24993043852002358
0.3499723211203141	0.3999953872723305	0.2500322916073554
0.3499176042799934	0.4000255708379795	0.2500568248820272
0.3499201536003313	0.4001120899672303	0.24996775643243851
0.34991696890505675	0.4002347797164559	0.2498482513784875
0.34992867076427037	0.40005385911360924	0.2500174701221205
0.35013471991857964	0.40010896480494823	0.24975631527647224
0.35005677335729984	0.4001175592378856	0.24982566740481466
0.3500547202657237	0.3999275078996748	0.25001777183460167
0.3499831349490298	0.40007957165729646	0.24993729339367382
0.3499812421527764	0.4000721849412545	0.2499465729059692
0.3500848393699142	0.39998598045854417	0.24992918017154175
0.3500948296651959	0.39998983508246755	0.24991533525233667
0.350119315211946	0.40017063006477643	0.24971005472327765
0.3500426197344487	0.4001698486601977	0.2497875316053537
0.3500262552318746	0.4001837298751616	0.24979001489296396
0.3500200331492643	0.40004468702708507	0.24993527982365077
0.35009464121514633	0.4000976113095138	0.24980774747533996
0.35011585770212983	0.4000337291281124	0.24985041316975792
0.3499567723967764	0.40007191803128395	0.24997130957193975
0.35007921413801635	0.40015252852267646	0.2497682573393073
0.35012520698296085	0.40015940628821184	0.24971538672882748
0.349959514690561	0.40002071728581745	0.2500197680236217
0.34993641215938837	0.4000227007263447	0.25004088711426703
0.3499210889049498	0.4001495519097973	0.24992935918525305
0.3501264867954603	0.39998707468143624	0.2498864385231035
0.35007516018136214	0.4000927673901236	0.24983207242851435
0.34996814469808313	0.4000171175630929	0.25001473773882404
0.3500920659562553	0.4001457010728537	0.24976223297089112
0.34986403956920203	0.4000910662396361	0.25004489419116194
0.3500985752294593	0.39993071562705035	0.24997070914349045
0.3500133660644588	0.40017050769596413	0.24981612623957716
0.3499130221845978	0.4001058727204601	0.2499811050949422
0.3500977880877581	0.39997026584319706	0.24993194606904495
0.35011260942732103	0.40005016270621824	0.24983722786646084
0.3500293683832001	0.4001001423042183	0.2498704893125817
0.3500877220294034	0.3999792142848173	0.2499330636857794
0.3501291985401409	0.3999687674850839	0.24990203397477528
0.3499295832262888	0.4001463129815767	0.24992410379213456
0.35013526839113407	0.4000575848762573	0.2498071467326087
0.34999509812261526	0.39994057055952303	0.2500643313178619
0.34999286234119187	0.4000616653694849	0.24994547228932334
0.35007484220804796	0.40009796308267215	0.24982719470928
0.35012314237344744	0.3999551509160897	0.249921706710463
0.3499995541177122	0.39997774382738394	0.2500227020549039
0.34987634100771153	0.40014236797284575	0.24998129101944289
0.3499365130527971	0.4001927908405082	0.24987069610669482
0.34996062229280817	0.4000568911400803	0.2499824865671116
0.3499296310462627	0.40004035215979716	0.2500300167939403
0.3499087309081612	0.4000799809107183	0.2500112881811206
0.3498959281762035	0.40021305503339855	0.24989101679039805
0.3499463172814673	0.4000141124593893	0.25003957025914353
0.3498911394715342	0.4001815705980244	0.24992728993044153
0.34991923696893795	0.40007941555934023	0.250001347471722
0.35011314610992705	0.400157732121311	0.24972912176876205
0.35001084588553166	0.4000640303654875	0.24992512374898093
0.3501085986617871	0.4001770585613045	0.24971434277690852
0.34993883576009327	0.40022614407390067	0.24983502016600617
0.3500081144402687	0.39998652742993535	0.250005358129796
0.34997508965375923	0.400198764766879	0.2498261455793619
0.3499376965639527	0.40023510294175674	0.2498272004942907
0.3501396505006859	0.4000692025684142	0.2497911469309
0.3500145787386934	0.3999591960930464	0.2500262251682603
0.35009752062519117	0.4000766359396455	0.24982584343516348
0.34999934457323	0.3999913939729539	0.2500092614538162
0.35000957419800693	0.4002103654473693	0.2497800603546238
0.3500446059523245	0.4001402796038805	0.24981511444379514
0.3499485499880383	0.4000533485435546	0.24999810146840717
0.3501170193715284	0.3999888407200266	0.24989413990844506
0.3500665030277872	0.40021269156879125	0.24972080540342173
0.3501258962730718	0.3999683736250064	0.2499057301019219
0.3499665020018176	0.3999707631179021	0.2500627348802804
0.350035852097209	0.4000949316269493	0.24986921627584183
0.35002606155290267	0.40000463853200335	0.2499692999150941
0.3499021510861953	0.4000552258348362	0.2500426230789686
0.34996303693814623	0.4001886318984144	0.24984833116343946
0.3498875769425428	0.4001655687610377	0.2499468542964196
0.3498716093476007	0.40011538460714785	0.25001300604525156
0.3498697153523698	0.4002102936895477	0.24991999095808257
0.34989351803459623	0.4002210366497695	0.24988544531563436
0.3498604398784446	0.40003337628733004	0.25010618383422545
0.3500355167678282	0.4002248214009863	0.24973966183118565
0.34997631667243867	0.3999907778181897	0.25003290550937174
0.3499413477548707	0.40014494164688413	0.2499137105982453
0.3499285657159517	0.40012989503317575	0.2499415392508727
0.3499146641725733	0.3999989814857123	0.25008635434171456
0.3498916591537564	0.4000181066188634	0.2500902342273803
0.3500160938423474	0.40007767674299183	0.2499062294146609
0.34998886191042133	0.39995625953796016	0.25005487855161856
0.3499976286614843	0.40024077257038504	0.2497615987681308
0.3501122677588342	0.3999954022480177	0.24989232999314817
0.350092789170351	0.4002099813961969	0.24969722943345224
0.3500975660698062	0.40012269988594085	0.24977973404425308
0.3500437189506651	0.4000584261329121	0.24989785491642288
0.3501177853022832	0.4000254072473447	0.2498568074503722
0.3499435057153932	0.4002354049551489	0.249821089329458
0.34999028800773435	0.3999862306302062	0.2500234813620596
0.3500122584863423	0.40010214690165263	0.2498855946120051
0.34991232005663137	0.39997470684990244	0.25011297309346625
0.35002856124112397	0.4002196970986585	0.24975174166021766
0.3501136644956063	0.39998095973857783	0.24990537576581595
0.35000177589291237	0.40002229002578027	0.24997593408130747
0.34992483461711466	0.40015767677846076	0.2499174886044247
0.3499080905528563	0.4000295417664415	0.2500623676807022
0.3499895872476854	0.4001616253388679	0.24984878741344674
0.3500908508092318	0.40018882942565226	0.24972031976511605
0.35008584101300066	0.3999925879593405	0.2499215710276589
0.3501274335743582	0.4000020493502444	0.24987051707539745
0.350106618343873	0.4000845162312214	0.2498088654249057
0.35009496682416685	0.40007281768737124	0.24983221548846196
0.3500411182784704	0.399937609783248	0.2500212719382817
0.3498964775582041	0.4002376736187227	0.2498658488230733
0.3499285409691541	0.4000099428573375	0.2500615161735085
