0.18166232159078535	0.09068596935000336	0.09092327587794345	0.2728837927895614	0.3638446403917063
0.18185089446429314	0.09066669282059707	0.09089728166424789	0.27283681209116295	0.3637483189596987
0.1818446023021208	0.09061429047014224	0.09093145860216215	0.2729008194616831	0.3637088291638915
0.18185354812215496	0.09053130718631117	0.09091628191008758	0.27282217872586983	0.36387668405557627
0.1817564511257633	0.09067311522321594	0.09092934839696437	0.27283929668776585	0.36380178856629025
0.181832094970679	0.09065298942014569	0.09090977829852764	0.27289813989247685	0.3637069974181706
0.18176180239228834	0.0906030743499269	0.09093518009911561	0.27281370248114967	0.3638862406775193
0.1816925718362848	0.09076712919729854	0.09091998270603205	0.272832159807171	0.3637881564532134
0.18175628197569574	0.09068558252455618	0.09092900362027326	0.2728710730526384	0.3637580588268362
0.18170433440104355	0.09072562758959023	0.09092337547957739	0.2728849816479288	0.36376168088185984
0.18181846995845755	0.0906233180056167	0.09089915980956176	0.27284288104953036	0.3638161711768334
0.181806589372579	0.09067228515785938	0.09093144630991101	0.27278063709809364	0.36380904206155673
0.18188261039065476	0.09062606962222933	0.09092437656933068	0.2727643175040981	0.36380262591368695
0.18174485791824652	0.0908054082715809	0.0909032802979993	0.272798510837707	0.3637479426744661
0.1817441050182255	0.09075118828518047	0.09090715733068679	0.2728386104573404	0.3637589389085666
0.18187709897536233	0.09052369787113168	0.09088934230828816	0.2728376970674311	0.36387216377778653
0.18175301469087884	0.09063589651189849	0.09089863082766375	0.272831474079831	0.36388098388972767
0.18179266172358494	0.09071649035317828	0.0909196701137723	0.2728640274846598	0.3637071503248044
0.18169282546201526	0.09078064781078918	0.09093535925618312	0.2728159475843537	0.3637752198866585
0.18180958363578079	0.09072497239523108	0.09093620242195036	0.2727821176345498	0.36374712391248776
0.18171483327561394	0.09079191998080982	0.09089971321109343	0.2727604814128596	0.3638330521196231
0.18170267840180807	0.09082971714740072	0.09092781179934253	0.2728372341651731	0.3637025584862754
0.18189803687366402	0.09052964070970113	0.09091525825559063	0.2728369711516353	0.36382009300940876
0.18185677386618398	0.09053134037697097	0.09093323361415917	0.2728493258751296	0.36382932626755604
0.181881724188658	0.09059213257409285	0.090918287895528	0.2728017235551855	0.3638061317865354
0.18186275886656111	0.09065788316876137	0.09091268865737691	0.27277598952645915	0.36379067978084134
0.18171163806268342	0.09088115838035607	0.090902141767221	0.27280409378086246	0.36370096800887686
0.1816664695560236	0.09080003484638985	0.0909174757504129	0.27287693394514445	0.363739085902029
0.18181270837921548	0.09063043558689676	0.09093150098389705	0.27288850089814687	0.3637368541518436
0.18178406743976797	0.09069701771734362	0.09092834918475481	0.2728225324754678	0.3637680331826656
0.1817102784486365	0.09065397853721453	0.09093732289035678	0.2728356988716704	0.3638627212521216
0.18167453674114192	0.09078660037891854	0.09091151875623957	0.27283183365374436	0.3637955104699554
0.18171133675078868	0.09082718494188743	0.09090725050982129	0.27285289075753694	0.36370133703996543
0.18175351256752098	0.09068097669478503	0.0909129812199592	0.27285951904305694	0.36379301047467766
0.18172152941262912	0.09079828729538805	0.09092924487327315	0.27281309562924294	0.3637378427894665
0.1818676709266738	0.09060487699835132	0.09092342277327797	0.2728952053228174	0.3637088239788792
0.1816579528343612	0.09074843773458752	0.0908940807432744	0.2728403521179418	0.3638591765698348
0.181792263049089	0.09066234249547533	0.09089830776909624	0.27287023260705645	0.36377685407928284
0.18170407812788458	0.09077186804868742	0.09091475975837439	0.27279689700031934	0.3638123970647341
0.18167283394683698	0.09079000591989948	0.09090777070487177	0.2728266083487935	0.36380278107959807
0.18185509579514408	0.09057167317099732	0.09091301217074695	0.2727860203681834	0.3638741984949281
0.18165349561454794	0.09085143242034213	0.09093750882249504	0.2727762598213844	0.3637813033212303
0.18184898377528322	0.0905704031403376	0.09089146126706829	0.2728882089110821	0.36380094290622855
0.1818429263101367	0.09059961860252572	0.0909044790909932	0.27279824475171105	0.3638547312446331
0.18184826040979357	0.09067173864753071	0.0908987216865686	0.2728674114015965	0.36371386785451043
0.1818122975475644	0.09070199756225396	0.09090335433105448	0.27284011949374987	0.36374223106537706
0.18179652651363534	0.09064672052341269	0.09093178546025166	0.27282724709377937	0.3637977204089208
0.1816548359871904	0.0907752519076999	0.09090785221121502	0.2728641376889315	0.363797922204963
0.18176711616067534	0.09080108430357696	0.09090076093219047	0.27278452014023674	0.36374651846332023
0.1817627621718338	0.09060887968043362	0.09093060224589412	0.2728245701356024	0.36387318576623584
0.18167848892295685	0.09076932793277434	0.0909372352808539	0.2728989269591112	0.36371602090430344
0.18173673554333822	0.09067411468778049	0.09091216924938886	0.27285000333787013	0.3638269771816221
0.18165374175814794	0.0908663606485732	0.09089313193743387	0.27286786483323344	0.3637189008226113
0.18173357496403086	0.09066685181215199	0.09092820735289696	0.2728517444301318	0.36381962144078817
0.1817569648830747	0.09080513341181956	0.09092895924709617	0.2727809471630128	0.36372799529499655
0.1817594220436066	0.09071697508694032	0.09089290863734105	0.272867666854053	0.3637630273780588
0.18167944355055773	0.09081234895622364	0.09091782204961521	0.27281262033051923	0.36377776511308396
0.1818513428459197	0.09058486791040889	0.09089712155769449	0.27284353701826347	0.3638231306677132
0.1817073940826333	0.09074310567120632	0.09093790266280742	0.27282316438001547	0.3637884332033372
0.18166844228915682	0.09089005553222133	0.09091893067557943	0.27276410912584853	0.3637584623771937
0.1817174762034885	0.09075665863001274	0.09089492757307138	0.2728728342098621	0.36375810338356507
0.18178972846644673	0.09075230890458433	0.09091626712431145	0.27282384802417614	0.3637178474804812
0.18174625870854466	0.090778086977026	0.09091492877199443	0.27281067747321236	0.36375004806922234
0.18174418977669093	0.09073061659900655	0.09091425358985808	0.2728591128550816	0.36375182717936266
0.18169556819926666	0.0907461448225352	0.09092921112015322	0.27277974049589515	0.3638493353621496
0.18187266740171149	0.09068748147457249	0.09093180797011013	0.27278407036943353	0.3637239727841721
0.18176676551416948	0.09073384932618075	0.09090848961753205	0.2728147485273347	0.3637761470147828
0.1818960930116102	0.09057371830291114	0.09090911627987813	0.2728184394939348	0.3638026329116655
0.1816653293407296	0.0908170992443963	0.09090847324125097	0.27276502036905353	0.3638440778045694
0.1818543121829584	0.09070890577785849	0.09092130995815666	0.27279981659901603	0.36371565548201024
0.18174457529659557	0.09072559808279687	0.0909234062955213	0.27287585999355135	0.3637305603315347
0.18174803348567392	0.09079912242832336	0.09093054879198108	0.2727640950190636	0.36375820027495775
0.18173933892926714	0.09083465662272816	0.09090560140124762	0.27276327130372424	0.3637571317430327
0.18168172337216998	0.09071234355585656	0.09093570295118616	0.2728845673868569	0.36378566273393015
0.18178831974081305	0.09070530683416111	0.090897415621311	0.2728245344765025	0.3637844233272121
0.18168390040725851	0.09072747018801004	0.0909114507128901	0.2728038600571109	0.36387331863473027
0.18166934545052937	0.09081069905344535	0.09093352034996657	0.2728759244297427	0.3637105107163158
0.18170720439299637	0.09078849938428124	0.09091578147647084	0.27287782723448295	0.3637106875117684
0.1818373483809604	0.09075706680481167	0.0908989887664823	0.2727716261785903	0.3637349698691551
0.18175395850734913	0.09071257895162949	0.09093761949274587	0.2728272213004349	0.3637686217478404
0.18170469681973178	0.09080081557666597	0.09090680077416699	0.2728479335616082	0.3637397532678268
0.18169156869027103	0.0907702901913191	0.09093294116763762	0.2728094971866216	0.3637957027641504
0.18178576225079615	0.09068355445017265	0.09091772463188591	0.2728808867068883	0.3637320719602567
0.18180841017105054	0.0906832554675234	0.09091614997117106	0.2728269785972002	0.3637652057930546
0.18174038927466532	0.0906658321944327	0.09091383110183776	0.27287877473546546	0.3638011726935986
0.18167802323190382	0.09076176628743629	0.09092090369160806	0.27289266130656087	0.3637466454824907
0.1816967760932744	0.09082389332033608	0.0909361874545448	0.2727904809888418	0.3637526621430027
0.18179287810513992	0.09076555501213016	0.09089119816545799	0.27284701621450397	0.36370335250276775
0.1818017057585281	0.09069317806991387	0.09089425800486596	0.2727958850785274	0.36381497308816446
0.18168310308189772	0.09069354269810173	0.09090356391804895	0.2728432392363421	0.36387655106560923
0.18169529910561644	0.09070826031322621	0.09091735501053007	0.2728240841538332	0.3638550014167939
0.18184648737087564	0.09068267185079681	0.09089033911019209	0.2728734315509076	0.3637070701172277
0.1818770954814775	0.09068331537118965	0.09090721169299626	0.2728227065587404	0.3637096708955959
0.18167630280908692	0.09069910609493671	0.09093804490973678	0.27283530124738226	0.3638512449388571
0.1817369027730367	0.09065546989288138	0.09091783929693914	0.272900423448182	0.3637893645889606
0.18166146867985491	0.09078207070238657	0.09091135389780408	0.2728803073723396	0.36376479934761463
0.18165310699204165	0.09089535337840302	0.09091307584650349	0.27279758630036244	0.36374087748268924
0.18171509000536606	0.09074808320311849	0.09089678017725229	0.27286964423253335	0.3637704023817296
0.18172339462617293	0.09078678576920009	0.09092508968851888	0.2727792771013113	0.3637854528147966
0.1817732878881577	0.09071707365027216	0.09092383316662768	0.2727775973868196	0.3638082079081226
0.18176225052160894	0.09070051442051388	0.09088905262743714	0.27276365439062494	0.36388452803981486
0.1818020590026004	0.0905938640032064	0.09090466617352701	0.2728787223167952	0.3638206885038707
0.1818315684715051	0.09054996587864947	0.09092951123936517	0.27283094358605975	0.3638580108244203
0.1817401603217052	0.09070181861279779	0.09090599644711235	0.2728975952526569	0.3637544293657276
0.1818129484337735	0.09053664642913174	0.09092018239035277	0.2728905982478996	0.3638396244988422
0.1818689756624685	0.09052203579586296	0.09091445517091512	0.27289506973381417	0.36379946363693905
0.18170441967493284	0.09076189742170677	0.09090885674166184	0.27285248652038996	0.3637723396413084
0.18183947676812154	0.09063311232204306	0.09092093237198745	0.2727883339835827	0.3638181445542651
0.18179503550435044	0.09060643602654687	0.09089088980606358	0.27282350532902055	0.36388413333401837
0.18188722158475273	0.09064946603664097	0.09091091423446714	0.2728463099620413	0.3637060881820977
0.18186980368298095	0.09055937376139483	0.09093627010491091	0.27281003204016363	0.36382452041054947
0.18167025965259923	0.09079679879797618	0.09091310298543359	0.27281221016909296	0.3638076283948978
0.18186215764579472	0.09063366772718061	0.09090521389229288	0.2727729757077535	0.36382598502697805
0.18176346610347166	0.09067639774904385	0.09091729491729653	0.2727782806239299	0.3638645606062579
0.18166864521016785	0.09087053569499992	0.09092821183572425	0.27276802901013086	0.36376457824897696
0.18177287696594713	0.09060226524125958	0.09089914267545829	0.27287033272863737	0.3638553823886974
0.18187494752622593	0.09060206277546087	0.09091457113399004	0.272871489844915	0.36373692871940794
0.1818821121788488	0.09067758649570785	0.09092924224675064	0.27280909123959785	0.36370196783909464
0.1817696486535088	0.09061624159514092	0.09089967684821332	0.2728509255662377	0.36386350733689904
0.1818812984835642	0.09058472096127224	0.09089172837630036	0.27281283793117167	0.36382941424769133
0.18167611773090708	0.09074844019073136	0.0909309341513991	0.2728994386391538	0.3637450692878085
0.18168610537994345	0.09081180344839669	0.09091872276463832	0.2728619184642601	0.36372144994276123
0.18180053336137805	0.09074203525928065	0.09091991806172134	0.27277851412891513	0.36375899918870463
0.18185443783437283	0.09050568327567032	0.09090430127626854	0.27290015400319156	0.3638354236104966
0.18187623624211896	0.09052837978321995	0.09091165447975827	0.2728311587908514	0.3638525707040512
0.18178732190633648	0.09063894100846451	0.09092672882206153	0.2728104501760885	0.36383655808704873
0.1817127386045264	0.09066207696192716	0.09093484758373949	0.2728952924911666	0.3637950443586401
0.1818630159284787	0.09052883602977266	0.09089739209729453	0.27284573040702204	0.3638650255374319
0.18174576568724482	0.0908634168277576	0.09091246853381339	0.2727713152867998	0.36370703366438417
0.1817400576687709	0.09073400942056928	0.09091213412701529	0.27277533513521385	0.3638384636484305
0.18175490166312522	0.09071313148245569	0.0909291245538128	0.27287080554660426	0.3637320367540018
0.18177718314282212	0.09059767814064933	0.09092496356177023	0.27282274530474193	0.3638774298500162
0.18181252677411433	0.09060669541154019	0.0909243200925163	0.27287718843656383	0.36377926928526516
0.18182684690277062	0.09068440587740426	0.09089718922677578	0.2727771295691386	0.36381442842391054
0.18176693046081893	0.0906351715296632	0.09090979291235407	0.27284549272947156	0.36384261236769205
0.18175520974123205	0.0906425885976666	0.09089079377751456	0.27284786577560377	0.3638635421079828
0.18171862892803348	0.09068497412009867	0.09093854778134278	0.2727979357867186	0.36385991338380624
0.18169338180881064	0.09087520737289087	0.09089601036762558	0.27280496312783475	0.36373043732283794
0.18187255961809776	0.09058145149451137	0.09093849819698328	0.27283267973504804	0.36377481095535935
0.18172519499671194	0.09076160937633394	0.09093556556554017	0.27285223848322093	0.3637253915781928
0.1818243680575311	0.09069726532897934	0.09089109984087462	0.27283246692213114	0.36375479985048353
0.18173818760220817	0.0907784682055611	0.09092562753853807	0.2728058008973458	0.3637519157563467
0.18184110562653402	0.09063603690658079	0.09089512753370127	0.27281232274295747	0.36381540719022626
0.1818597642117128	0.09063885956245649	0.0909084144138908	0.272824595927303	0.3637683658846366
0.18177325450310783	0.090749534003785	0.09089624919108096	0.2728702436143652	0.3637107186876608
0.18186777575299512	0.09069582731789813	0.09091473135567626	0.2727902507122222	0.3637314148612081
0.18183334118151423	0.09055047147619899	0.09091387408270515	0.2728645605079293	0.3638377527516521
0.18165539798881217	0.09066485439543712	0.09091361272794471	0.27289886444103295	0.36386727044677286
0.18172647954450447	0.09071279277517097	0.09093306940293394	0.2729018150561666	0.3637258432212238
0.18184264070751655	0.0905640944337261	0.0908923151438212	0.2728175225577776	0.3638834271571583
0.18167298741759624	0.09076703255277284	0.09090042866460009	0.2728023504532086	0.363857200911822
0.18185331792430387	0.09066451532616486	0.09091651168977358	0.27277571211547824	0.36378994294427924
0.18184110412824334	0.09050314652002052	0.09092740114522664	0.2728814966343075	0.3638468515722018
0.18175563106380294	0.09074154816214594	0.0909349827031526	0.2728652301555721	0.36370260791532616
0.1817608974049337	0.09071801241207059	0.09089888576407953	0.2727833191048325	0.3638388853140834
0.1817244522527062	0.09072266361002126	0.09091847802487286	0.2727956941170192	0.3638387119953803
0.18184871773224714	0.09067968813442065	0.09089751247278491	0.2728673995249051	0.363706682135642
0.18173418041410713	0.0907796830390337	0.09092399729326235	0.27279813531200214	0.36376400394159447
0.18171157819210537	0.09086249535617098	0.09091223672153236	0.27277302064147346	0.3637406690887176
0.1818632538305899	0.09061692367667575	0.09088975085372149	0.2727642417652767	0.36386582987373595
0.1818368141213416	0.09052389133054932	0.09092422693406459	0.2728565470963624	0.36385852051768186
0.18183871346573172	0.09068742181874957	0.09093451010468795	0.27278284437962924	0.3637565102312013
0.18186541015436658	0.09062562937380433	0.09090814344583481	0.27276377134020663	0.36383704568578745
0.18181081012620579	0.09064629042281531	0.09089607164641203	0.27283114930359387	0.3638156785009728
0.18165455075499437	0.09082103600896828	0.09092648995242737	0.27284956044992426	0.36374836283368556
0.18173704378493793	0.09074478466412951	0.09090547627149999	0.272846296577693	0.36376639870173944
0.1817806238184748	0.09081417254342895	0.09089284641914197	0.2727819507519056	0.36373040646704846
0.18166492008952467	0.0907419382051721	0.09090539841236459	0.2728607987120555	0.36382694458088294
0.18169212108146685	0.09067368952426216	0.09089249269129607	0.27288112279807364	0.36386057390490106
0.18178165312963712	0.09070507793976379	0.09093270782236143	0.2728209800092332	0.3637595810990042
0.18166661457129907	0.09085149205927284	0.09093524348533566	0.2728007532002363	0.36374589668385593
0.18179858175544447	0.09063384156779385	0.09090527918795764	0.2728107462538793	0.3638515512349245
0.1817142455936021	0.09082844577629763	0.09092813563006477	0.27280850412340435	0.36372066887663096
0.18188709761521038	0.09060168172506153	0.0909341033015441	0.27287553421756244	0.3637015831406213
0.18182417308417786	0.09073678189101037	0.09090640512712014	0.2728324083551965	0.36370023154249487
0.1817059292667294	0.09061147859150606	0.09092713289994991	0.27289846869857126	0.36385699054324316
0.1817217149507741	0.09075387723835687	0.09092890245059387	0.27277147193272705	0.3638240334275479
0.18179104044674765	0.09071342014785364	0.09091318103381582	0.2728789322640063	0.36370342610757644
0.1818464394795148	0.09061491721747272	0.0909141334346653	0.27285389086212947	0.36377061900621754
0.181713193896045	0.09077907257314854	0.0908976695217533	0.27281589971869014	0.3637941642903627
0.1817432232528715	0.09072337793087093	0.09090578706355196	0.2728862972921118	0.3637413144605936
0.18184028630492147	0.09054437554622431	0.09088885163139085	0.2728641173022487	0.3638623692152144
0.18172632310503134	0.09064416937337955	0.09092492817959029	0.2728202832423099	0.3638842960996887
0.1818075981703225	0.0907152969664508	0.09090217267227814	0.27278573210416174	0.36378920008678667
0.18187502264877717	0.090583107555779	0.09090728520542107	0.27288057245652797	0.36375401213349456
0.18169577074385204	0.09078685369250053	0.09091792076131892	0.2727977099491748	0.36380174485315353
0.1818543507897164	0.09052694457949106	0.09093377598671848	0.27279735214802153	0.3638875764960523
0.18189312073779595	0.09055532785640183	0.09090434166712513	0.27286379696066665	0.3637834127780102
0.1818959004953793	0.09057802990943807	0.09093836199405078	0.27287191872377325	0.36371578887735845
0.18187223822947285	0.09054856618575213	0.09092650274308145	0.27289976877768346	0.36375292406400994
0.18170892599722444	0.09086158530230368	0.09089098547804646	0.2727696767481745	0.3637688264742507
0.1817528825716868	0.09071809131084971	0.09092169871788236	0.2728293046334037	0.3637780227661772
0.18176022920323814	0.09075641616074256	0.09089365171074025	0.27285310079556024	0.36373660212971864
0.18185069379357074	0.09053399989899341	0.09093742972577391	0.27283855247510574	0.36383932410655595
0.181813254740252	0.0906186494454137	0.09093286377340182	0.27289071937183773	0.36374451266909447
0.1818911574684606	0.09061220922883047	0.09089730864880925	0.2727695819586431	0.36382974269525636
0.18181774919786137	0.09064278862784375	0.09093098952131173	0.2727605673612156	0.36384790529176736
0.18187654432472464	0.09052444577567971	0.09089400941761105	0.27285660884002094	0.3638483916419635
0.1817912805568284	0.09060466822780786	0.09092863211128538	0.2727991291931182	0.36387628991096
0.1816575346007919	0.09072018427894908	0.09089989055531404	0.2728486497806389	0.3638737407843059
0.181664164644362	0.09072460731907245	0.09093416744106328	0.27281760084427076	0.3638594597512313
0.18178748690426838	0.09076030473936494	0.0909256604225335	0.27282322167796236	0.3637033262558706
0.18181628832221192	0.09056316110848958	0.09090623732170572	0.27284413012832537	0.3638701831192672
0.18173613435346175	0.0907222521183715	0.09090188238797513	0.2728613309483658	0.3637784001918256
0.1818467614270608	0.09073530383313091	0.09093022285887689	0.27278392243597116	0.36370378944496
0.18182540809768452	0.09062306831676298	0.09089472561622017	0.27289740875243396	0.36375938921689815
0.18173094542187349	0.09069667933938763	0.0909317452061317	0.27288388667174224	0.3637567433608647
0.18172610563482686	0.09070967626455076	0.09090004225232298	0.2727757658895543	0.36388840995874483
0.181820801275819	0.09063753605583227	0.09091712987492623	0.272882777984472	0.3637417548089502
0.18165965782249782	0.09084655588125336	0.09092310634895959	0.2727746248913156	0.36379605505597346
0.18174434565094966	0.0907517449802775	0.09089376700195892	0.27290010329617975	0.36371003907063393
0.18183841337606882	0.09077328634211271	0.09089520784334301	0.2727882381707828	0.3637048542676925
0.1818344332770419	0.09059465386351194	0.09092844182960527	0.2727819292648419	0.3638605417649987
0.1817489584900147	0.090762155556439	0.09093414433163549	0.2728328972090575	0.36372184441285305
0.1818978406273702	0.09051211526721942	0.09091180090084816	0.2728733461118469	0.36380489709271513
0.18188467312244377	0.090505830654465	0.09092685159210513	0.27288879868478955	0.36379384594619635
0.1817845448951239	0.09065232110831825	0.090909428664319	0.2728676372135944	0.36378606811864417
0.1818595598311433	0.09060698607320372	0.0909212322333911	0.27277887460808503	0.3638333472541766
0.181736551991905	0.09071938208168176	0.0909167796143758	0.27278098230176984	0.3638463040102674
0.18168368685002856	0.0907889497154505	0.09093519797457718	0.2728408176090502	0.3637513478508933
0.18175681831213233	0.09071697098176693	0.09090613456046145	0.27284506476679965	0.3637750113788394
0.18172477281936567	0.09080033109017142	0.09093319549904987	0.27281397788584444	0.3637277227055684
0.18180762102692744	0.0906904420195466	0.09091901817411392	0.2727872432047193	0.3637956755746925
0.181693798138418	0.09076209518353304	0.09092986551462912	0.27279819611926587	0.3638160450441538
0.18181959056338748	0.09071858930502866	0.09093754881263633	0.2728096947422735	0.3637145765766738
0.18176500046332192	0.09071460232543845	0.09089969244529077	0.2728080615746294	0.3638126431913193
0.1818498716478972	0.09077618290270355	0.09089460626537899	0.2727699541154084	0.36370938506861167
0.18183772952378785	0.09062147357607644	0.09093541841760366	0.2727900092469988	0.36381536923553304
0.1818139946734799	0.09052255653299444	0.09090924599036823	0.2728957620345135	0.3638584407686437
0.18166735798130584	0.09081984058226086	0.09091927822674109	0.27286531343676906	0.3637282097729229
0.18182790160039172	0.09063639292334168	0.09092516960491177	0.27276659168127265	0.3638439441900819
0.18186587415695848	0.09071849083033426	0.09089815306647381	0.2727673416081289	0.3637501403381044
0.1818332351961339	0.09055423883507241	0.09092572678616857	0.27280261175799775	0.3638841874246272
0.18188964685989795	0.09070578130330098	0.09090860749400764	0.27278378587953905	0.36371217846325415
0.18168669886180033	0.09079511086854461	0.09088982501592693	0.272864510967628	0.3637638542860999
0.18176554444505738	0.09063099099749007	0.09091173661439635	0.2729021071733194	0.36378962076973664
0.18181400149463015	0.0905588320546804	0.09093480969492451	0.2728862265492741	0.36380613020649066
0.18179053767725667	0.09067618908350825	0.09091347198848143	0.2728332177983126	0.3637865834524408
0.18181611100998887	0.09073273923179553	0.09093469926805318	0.2727768742575216	0.3637395762326406
0.1817434554357547	0.09074486911205326	0.09090778425898194	0.2727820776259906	0.3638218135672193
0.18175740416875008	0.0907259682035611	0.0909269344633982	0.2727971374871473	0.3637925556771431
0.18177613009701116	0.09060775202423269	0.09090603524636207	0.2728298969990352	0.36388018563335867
0.18186175662923318	0.09061417758457051	0.09093480197754225	0.2728074585488837	0.3637818052597701
0.18182836322049856	0.0905924418975661	0.09093757465973189	0.27281587295794374	0.3638257472642594
0.18178301803725233	0.09060813716440233	0.09090423550948731	0.2728917397999695	0.36381286948888836
0.18185364127246778	0.09057061502979123	0.0909228723478651	0.2728812837005798	0.36377158764929585
0.18184346947775293	0.09051605161521412	0.09093343906305514	0.2728802588504935	0.3638267809934841
0.18172143175651143	0.09069257917697222	0.09093028900395515	0.27279792382929613	0.3638577762332648
0.18166333445613358	0.09076417933871736	0.09089387826300915	0.27284363837679493	0.3638349695653447
0.18180310402865682	0.09061500915368757	0.09092008071490022	0.2728867162437003	0.3637750898590548
0.18177657491568897	0.09077930221598553	0.09088940490227897	0.27276303089488724	0.36379168707115905
0.18182565183298466	0.09066208621760911	0.09090801589995762	0.2727652887395353	0.3638389573099131
0.18168552994287301	0.09065615015042781	0.09089048178243173	0.2728939134048007	0.36387392471946656
0.18175595011577939	0.09067881849257314	0.09089067953158016	0.27288750862196764	0.36378704323809946
0.18188364864903264	0.09056621322004746	0.09089782329047573	0.27289534274452654	0.36375697209591745
0.18168379602476636	0.09065266898743825	0.09089306819459962	0.2728858827909058	0.36388458400228973
0.18174283251842493	0.09074580030837971	0.09090389317512769	0.27280870532771795	0.36379876867034955
0.18170419989633257	0.09072798664581748	0.09089701304734436	0.27279344240135117	0.3638773580091542
0.18176757784310324	0.09055388386249967	0.09093880643913632	0.27285875568288653	0.363880976172374
0.1817953198043853	0.09059143702886505	0.0909210427172854	0.27283512553775174	0.3638570749117124
0.1817727082492102	0.09077438417556924	0.09089009795169367	0.27279864307267676	0.36376416655084987
0.18173267595493908	0.09069105598285318	0.09090264043088095	0.27281039743364144	0.36386323019768513
0.18182285444747914	0.09074562578454567	0.09089022635125193	0.2728020475106979	0.3637392459060252
0.18174989102368339	0.09077410535464756	0.09093018964428472	0.2728453528690712	0.363700461108313
0.1817914494140048	0.09065760164557977	0.09093227918626014	0.2728473921011856	0.36377127765296946
0.1816770916154688	0.09080618384990778	0.09089050146366114	0.2728678346900232	0.36375838838093894
0.18168556970902622	0.09071848029803836	0.09089457891403394	0.27281885659018	0.3638825144887212
0.1817583457957283	0.09063937978485853	0.0908920523171649	0.27286420170516745	0.3638460203970806
0.18183483991781668	0.09054345774408953	0.09089355129964612	0.27288418950526844	0.363843961533179
0.18185082293351493	0.09066835647341434	0.09090971162796574	0.27279386120769444	0.36377724775741027
0.18179167554863832	0.09076102271305367	0.0909335403896936	0.2727859404323346	0.36372782091627964
0.18176593117235212	0.0906804871662569	0.09091427398741478	0.2728963013616088	0.3637430063123671
0.18181423868204555	0.0906313090882415	0.09091855845554721	0.27283899734331857	0.36379689643084695
0.18174001020035757	0.09070025941716534	0.09089611154851769	0.27280907344016014	0.3638545453937991
0.1818721035496328	0.09071236774842283	0.09090073048813009	0.2727963350823672	0.36371846313144685
0.18188789349700568	0.09056934914773433	0.09091888923496329	0.2728542172793582	0.36376965084093826
0.18186042925334275	0.09066502683115063	0.09092652141216498	0.2728447356231217	0.36370328688021974
0.18186872794132652	0.09063051279963509	0.09092399890847945	0.2728007521048863	0.3637760082456724
0.18182390311991506	0.0906472698546975	0.0909102586785409	0.272821089037869	0.3637974793089773
0.18175817347901668	0.09069578434971615	0.09091205696202491	0.2728055555349784	0.36382842967426365
0.18184245608945238	0.09056987859342186	0.09092181045163714	0.2727781057175933	0.3638877491478951
0.18176724069197064	0.09063900217129475	0.09092768059572694	0.27282366906785316	0.36384240747315433
0.18184648586556418	0.09056008931788939	0.09090880541923567	0.27280498663009345	0.36387963276721713
0.18180569436740995	0.09064248271509784	0.09093788881740907	0.27282984256514026	0.3637840915349427
0.18171223991094448	0.0907363156770793	0.09088899174994258	0.272827024334513	0.3638354283275204
0.18166462291678967	0.09087019361225483	0.09091521092370936	0.27283590635842736	0.36371406618881863
0.1816693251868705	0.09082112674122475	0.09089706744716708	0.2728792372013653	0.3637332434233721
0.18167728592785554	0.0908215626541363	0.09093472669130889	0.27282546271241503	0.363740962014284
0.18176407489114688	0.09076381129069015	0.0909312336204655	0.2728058937294127	0.36373498646828456
0.18171935087683974	0.09082745267778017	0.09093245552165083	0.2728193255321867	0.3637014153915423
0.18174190678544067	0.09066167498014721	0.09093872100576275	0.27288783508791853	0.36376986214073065
0.18189387177138983	0.09064940182698984	0.09093739469452379	0.27281111066379476	0.3637082210433016
0.18187439752757856	0.09053846871768223	0.09092576925241447	0.2728114840314591	0.3638498804708654
0.18181298773622473	0.09078120081084143	0.09092951004388734	0.2727651540232737	0.3637111473857726
0.1818759900011176	0.09060243719289285	0.0909126464123555	0.27280487221692573	0.36380405417670814
0.18174628352139996	0.09068482693269812	0.09092301140747602	0.2727898289961053	0.3638560491423204
0.18183723008761324	0.09063301884846868	0.09093822770854712	0.27280466861265074	0.36378685474272
0.18181369801361155	0.09059509287925369	0.09093460598780292	0.2728236915367872	0.36383291158254444
0.18175497043125532	0.09062324343435593	0.09089664131252394	0.2728725491909567	0.3638525956309079
0.18174557489509785	0.09065578192463838	0.09090683821773501	0.27284006772093006	0.3638517372415985
0.1817475836786903	0.09067834533779817	0.0909380230461336	0.27286455798842213	0.3637714899489556
0.1817901406728415	0.09065017876605597	0.09090879275230829	0.2728524708807805	0.3637984169280135
0.1818473787123751	0.09068863139882949	0.09090137779536409	0.2728271444207359	0.36373546767269516
0.1818254770960583	0.0905812511946829	0.09093285639529017	0.2727875599841905	0.36387285532977787
0.1816875148304029	0.09075785686974092	0.09092782147694997	0.2728315279632165	0.3637952788596895
0.1816956565205683	0.09062913107973189	0.09093646804904547	0.2728672557661429	0.36387148858451124
0.18185286263016376	0.09059819584226693	0.09091620553668077	0.2728734731712966	0.36375926281959176
0.18188545493943453	0.09059958019383135	0.09091716610129724	0.27279173562223735	0.3638060631431993
0.18173034425847973	0.09081824816575552	0.09093582942717919	0.2728008285200295	0.36371474962855577
0.18177458673062935	0.09062822000208214	0.09091602963537514	0.27280199919179354	0.3638791644401196
0.1817941736896915	0.0906265919725536	0.09089239953120594	0.27283750582585087	0.3638493289806979
0.18165593497698262	0.0908086909285796	0.09089246482526926	0.2727782186996059	0.3638646905695624
0.18174783038925274	0.09062160715115908	0.09092898891863876	0.27281644470832384	0.36388512883262536
0.1816704709067447	0.09081542468642098	0.09091646600595119	0.27286948814265877	0.36372815025822414
0.181731804642757	0.09073287439326429	0.09089396342363976	0.2727981060373159	0.3638432515030228
0.18187657834456541	0.09058869977365518	0.09092283545867245	0.2728763904180167	0.36373549600509003
0.18169060515541885	0.09076948043655436	0.09089589373039751	0.2728525720853977	0.36379144859223134
0.18186401584515496	0.09054990511852928	0.09092269700121289	0.2728730557989474	0.36379032623615526
0.18167732647464396	0.0908017836942516	0.09091867031600123	0.27289780121901336	0.3637044182960896
0.18182403891022803	0.09066037312847985	0.09090035763455151	0.27284475774035927	0.3637704725863812
0.1817482359181413	0.09081726535937448	0.09091385458306223	0.2727973761326864	0.3637232680067354
0.1818896583261989	0.09060898830470301	0.09092422955306281	0.2728521197615391	0.3637250040544959
0.1818752510252323	0.09051788166386945	0.09089201946760044	0.272827844176736	0.3638870036665616
0.18183200544184003	0.09070282286940193	0.09093486777851507	0.2727603619726726	0.3637699419375702
0.1818113263933105	0.09059757952892797	0.09089685313477519	0.27283989394374253	0.36385434699924357
0.18181748830648098	0.09054486451558408	0.0909235705065329	0.2729025529540659	0.36381152371733594
0.1818357695844175	0.09067372954650069	0.09093086654864979	0.2728544615778835	0.3637051727425483
0.1818435295459035	0.09060739930357121	0.0909051861766398	0.27280267043300455	0.3638412145408807
0.18172974388618052	0.09061461469941384	0.09091338841785669	0.2728942349161435	0.36384801808040523
0.1818573121378887	0.0905186743955478	0.09091772023689804	0.27289453484112625	0.3638117583885391
0.18188652187924742	0.09051142961916414	0.09092338915383794	0.2728147369622569	0.36386392238549337
0.18173669106388238	0.09066363915956345	0.09089311790752219	0.2728503447384862	0.3638562071305456
0.18184714374877897	0.09065491720627258	0.09091241769984584	0.2728064722954089	0.3637790490496935
0.18185004704065832	0.09062111101264386	0.09088897045408396	0.27288058255237524	0.36375928894023846
0.18185303318057333	0.09062953263117104	0.09093852119428174	0.27277535570300304	0.3638035572909707
0.18167956759920878	0.0906284097944042	0.09092652669105838	0.272900497792839	0.3638649981224894
0.18185698790825133	0.09067867416580092	0.09089591405745809	0.2728243748401457	0.3637440490283438
0.1817743484125976	0.09070744897527415	0.09091155932064968	0.2728133479019744	0.36379329538950395
0.1817189692360076	0.09079083410642155	0.09092895505884255	0.2727690602191284	0.3637921813795997
0.181721074454334	0.09065750940215195	0.0909340194127864	0.2728410584741259	0.36384633825660156
0.18166939157064035	0.09088103477922212	0.09091222409772669	0.2728281359326692	0.36370921361974146
0.1816840166322646	0.09074313546800433	0.09092093169900997	0.2727649618304713	0.36388695437024954
0.18172427786104436	0.09074907032737971	0.0909144242279696	0.27281179212722045	0.3638004354563857
0.18169234692759026	0.09076357550715985	0.09093219121941001	0.2727876301778105	0.3638242561680292
0.18182027639429765	0.09066035925650193	0.09091679129398575	0.2728691115411145	0.3637334615141
0.18180108255657332	0.09070244394356816	0.09091841455479771	0.2727753871829432	0.3638026717621174
0.1818138358224265	0.09060415237231441	0.09092850305024824	0.272825988306881	0.3638275204481297
0.18172022579809194	0.09066593367729889	0.09093560082043965	0.2728331695179162	0.3638450701862531
0.18187430777950106	0.09066173767204766	0.09089248684270483	0.27282216429831696	0.3637493034074293
0.18183663176814052	0.09055925961534067	0.09091748842176312	0.27287224046938086	0.3638143797253746
0.18184160175931033	0.09061329925078028	0.0909106704591016	0.27280049943968376	0.36383392909112383
0.18171265333411005	0.09080033139720074	0.09088943473376877	0.27282651654322543	0.3637710639916948
0.1818624470096683	0.09063284693059598	0.09090010166631687	0.27280022975225804	0.36380437464116056
0.18173185588036467	0.09074205494157128	0.0909351030977118	0.2728014226247299	0.3637895634556222
0.181670861649831	0.09083191157627749	0.09091731897816302	0.27287507558183755	0.3637048322138907
0.18174103953646803	0.09068594643858771	0.0909374540017017	0.27278181828091486	0.3638537417423275
0.1818347977079169	0.09066852323595703	0.09089571996435064	0.2728336525477608	0.3637673065440144
0.1817914481060761	0.09073760232710593	0.09092279149339269	0.27278790387486007	0.363760254198565
0.18186770843417727	0.09052521456694522	0.09089140777033446	0.27289715225083483	0.36381851697770806
0.18186414672799872	0.09056779903755068	0.09089912096020891	0.27284623201928737	0.36382270125495414
0.1817938009367327	0.09061083864060512	0.09089201259336277	0.2728279734916724	0.36387537433762673
0.18180555721130573	0.09071142284738247	0.09091454999840991	0.27280509131942765	0.36376337862347397
0.1817312931240273	0.09077819018465451	0.09089023068780788	0.2727764195210068	0.3638238664825033
0.18183897733485108	0.09064307106439624	0.09089102075680713	0.27287200410550805	0.36375492673843723
0.18188907927983242	0.0906621429820023	0.09091911638570531	0.2728141991954779	0.3637154621569819
0.18185141450518272	0.09062908334683747	0.09089219581860988	0.2728202601053919	0.3638070462239778
0.18169498601170467	0.09082281668628178	0.09092562206496743	0.2727702112085228	0.3637863640285231
0.18165570108995516	0.0908460730071602	0.09092622723015074	0.27277544349959115	0.3637965551731426
0.18181152175681525	0.09064717236275549	0.0909342413738953	0.27278621086859667	0.3638208536379371
0.18186263385477078	0.09065498890752009	0.09090112263383757	0.27280630243496434	0.3637749521689071
0.18180505305365918	0.09073947042802419	0.09091083807101172	0.2728017944433878	0.3637428440039169
0.1818026511805942	0.09079523456570852	0.0908888967399273	0.2727983053972537	0.3637149121165161
0.18168760677736956	0.0906557937907367	0.09091056926127497	0.27285856068195496	0.3638874694886636
0.18176551578829767	0.09052831070378037	0.09091485192557051	0.2729020402075252	0.3638892813748261
0.1817190205782359	0.09077484302349707	0.09090210425617563	0.27286289448002116	0.36374113766207
0.18183009957571933	0.09078807656747284	0.09090017641601182	0.27276600266296036	0.36371564477783547
0.18169188512549125	0.09082119443653017	0.09091227525908666	0.2728533694612215	0.3637212757176702
0.18166128100732987	0.09072571041545585	0.09092607720275117	0.27287803528057153	0.3638088960938914
0.18172157993340993	0.09071175063522102	0.09091384224639741	0.272801717980333	0.3638511092046385
0.18173328311833473	0.09080094444093445	0.0908982157093815	0.2728188345281491	0.3637487222032
0.18184838547085203	0.09050590069838277	0.09090223993472696	0.2728820542065784	0.3638614196894596
0.18183580587823212	0.09064270649626092	0.09089685955864592	0.27287284664094147	0.3637517814259194
0.18169966153067008	0.0908258564136478	0.0909068163196445	0.2728083604162628	0.3637593053197746
0.18173000308122145	0.09069128641806846	0.0908997719340081	0.2727969503045433	0.36388198826215845
0.18175099318550092	0.09073983711708652	0.09089599285294671	0.2728726991882108	0.3637404776562549
0.18184707581351595	0.09058466529887368	0.09088885728143935	0.27286440005644547	0.3638150015497254
0.18168997741640533	0.09074396619505751	0.09093236515969999	0.2728729849962802	0.36376070623255674
0.18185108341862508	0.09056485924012414	0.09091504483427817	0.27282293993592016	0.3638460725710522
0.18167292537894517	0.0907804503255071	0.09093618224050662	0.2728010760238875	0.3638093660311534
0.1816759461841439	0.09087876921437459	0.09089888578006364	0.2728344507182841	0.36371194810313356
0.1817685717719247	0.09061672062943776	0.09090466311847617	0.27286922433008354	0.36384082015007757
0.18185700543281005	0.09067378010753452	0.09090005037289842	0.2728114878285993	0.36375767625815747
0.18171582943999542	0.0906533071457574	0.09092816687385355	0.2728526974825509	0.36384999905784243
0.18180081928134026	0.09074068068065008	0.09089818317695883	0.2728131812829996	0.36374713557805105
0.18170135951249008	0.0907780021487015	0.09089551740123573	0.27286894950859714	0.3637561714289753
0.18175951736627843	0.09074603743487507	0.09092897934693493	0.2728403906246268	0.3637250752272846
0.18171420445370917	0.09082018837004968	0.09090260302994868	0.2727912706899042	0.363771733456388
0.18175486352586154	0.09064574068533929	0.09089913361768404	0.27288841541457265	0.3638118467565423
0.18170652279018124	0.09072691133683197	0.09093755045361569	0.27279631559418277	0.3638326998251881
0.18180953913965942	0.09068064604421398	0.09088993199703327	0.2728157452855022	0.363804137533591
0.18188222143651095	0.09057417258011621	0.09092482227994836	0.27278133520803693	0.36383744849538724
0.18182133745137175	0.09074588817900027	0.09089587739569668	0.27276217176575773	0.36377472520817333
0.18187529497579152	0.09055439481222236	0.09092109324059512	0.272863833443822	0.36378538352756884
0.18184704037370047	0.09064713402375892	0.09089029287526354	0.2727855915447334	0.3638299411825434
0.18171503680866452	0.09079825531183286	0.09091181029663098	0.2727765356619676	0.3637983619209038
0.1817207750628596	0.09084655915319079	0.09093447953142082	0.2727790999542381	0.36371908629829053
0.1818424099139997	0.09060162454185179	0.09090030294287732	0.27285206921220156	0.3638035933890694
