0.16486128433005098	0.37753514322400705	0.4576035724459421
0.1540846192105229	0.3864026164473719	0.4595127643421053
0.16051855167688503	0.3775081234307	0.46197332489241505
0.16621042552644685	0.3750268487024739	0.45876272577107935
0.16564955367709483	0.38202340017302694	0.4523270461498784
0.13636179821654476	0.3869923056930802	0.47664589609037517
0.15086709020224676	0.38394799594187223	0.4651849138558811
0.14876480203192033	0.3806291992336973	0.47060599873438247
0.14480147391982784	0.39230713474439466	0.46289139133577767
0.16134538932154902	0.382954532005928	0.45570007867252305
0.16176630854306148	0.3832328845356375	0.4550008069213012
0.16788636036471083	0.3776623774307202	0.4544512622045691
0.15045257017798974	0.38152953477153007	0.4680178950504803
0.15005521773475852	0.3828989545341841	0.4670458277310575
0.14427513140502646	0.37861079957078403	0.4771140690241896
0.15089081498853246	0.3779603697593245	0.47114881525214314
0.15937522161116138	0.38154906261764826	0.45907571577119044
0.13932696892603974	0.38729391747300823	0.4733791136009521
0.16007290053286746	0.38047307252630225	0.45945402694083043
0.15673670231411935	0.38039240957864995	0.4628708881072308
0.1339687089576681	0.3929674996450506	0.4730637913972814
0.14766068464822252	0.3799089958927663	0.4724303194590113
0.15796216710371952	0.3785216933762813	0.4635161395199993
0.1486289043509487	0.3772068766780672	0.4741642189709842
0.14230592476443454	0.38293444139893273	0.47475963383663283
0.1628846893013539	0.3825407430595304	0.4545745676391158
0.16783737383567898	0.3792115692370647	0.4529510569272564
0.1685251759434309	0.3753383110628299	0.4561365129937393
0.15364112981632083	0.384102292025694	0.46225657815798527
0.12977040274996698	0.39326742542056664	0.47696217182946654
0.15125935897197212	0.37878623091873187	0.4699544101092961
0.16546865110443273	0.37967469403083554	0.45485665486473187
0.1622373782091712	0.3769491750409306	0.4608134467498983
0.14762610311772117	0.39319241358821755	0.4591814832940614
0.16778275077058594	0.3760459007823052	0.45617134844710894
0.14301022159748045	0.3898097586699466	0.46718001973257306
0.14636370353400827	0.3787468422234282	0.4748894542425636
0.15482493260903085	0.376275094042879	0.4688999733480902
0.14780115050649495	0.3833619013919095	0.4688369481015957
0.13781369660237536	0.39450438730077003	0.4676819160968547
0.1560211627719275	0.38821431743783336	0.45576451979023924
0.14714541417614674	0.3777213994766111	0.47513318634724233
0.13594443939259887	0.3888094867004315	0.47524607390696977
0.14994636862770988	0.39346289831096476	0.45659073306132547
0.15968175656109893	0.38332065423632267	0.4569975892025785
0.15325723659574622	0.3794438351690495	0.46729892823520436
0.1595719951051483	0.38154899418407856	0.45887901071077325
0.15458927394893296	0.376553293032642	0.46885743301842514
0.14816832428161536	0.39277212376238424	0.45905955195600057
0.15024266527657676	0.3953946676148179	0.4543626671086055
0.14992002123041542	0.39035077714427596	0.4597292016253087
0.16010978845871718	0.37852922676693435	0.4613609847743486
0.15191249601799275	0.3868343347707453	0.461253169211262
0.14507899157489307	0.3923571270535356	0.46256388137157145
0.13272850255960267	0.3906467149666021	0.47662478247379536
0.14667019264788864	0.3784169439801369	0.4749128633719746
0.1418284641746396	0.3911001768279497	0.4670713589974108
0.13812131533573022	0.38849674002784473	0.47338194463642513
0.14453823065715526	0.39620654235467934	0.4592552269881655
0.15909440179062406	0.3813136900220228	0.45959190818735324
0.13650979634122834	0.3968500219961286	0.46664018166264315
0.13724692834754226	0.39594917351633596	0.4668038981361219
0.160252539593439	0.38572755542874626	0.4540199049778149
0.15534843118826758	0.38390865319313966	0.4607429156185929
0.1638681505856911	0.3765736262472803	0.45955822316702866
0.14841656747002013	0.3845058753613519	0.46707755716862814
0.16367966790736183	0.37747101929184335	0.4588493128007949
0.15574838465757573	0.38579192932689843	0.45845968601552595
0.14615567862467593	0.3768378899570496	0.4770064314182746
0.13972180575757764	0.3851554855274021	0.4751227087150204
0.1446708987230917	0.37977917529187316	0.4755499259850352
0.14286142457132467	0.39142462679404794	0.46571394863462745
0.16409744313109248	0.3751317430610032	0.4607708138079044
0.1391376072494273	0.3939729172449749	0.4668894755055979
0.15775200180971488	0.3845638312717934	0.45768416691849184
0.148943799196465	0.38708945085583096	0.46396674994770415
0.14936654022150275	0.3788208925612473	0.47181256721725007
0.13546348381468454	0.39215156148992714	0.47238495469538844
0.15516455031613718	0.37718324608737863	0.46765220359648424
0.13500756767172434	0.3870193532256347	0.4779730791026411
0.1430565098080006	0.39186868812092085	0.46507480207107865
0.13397871452439603	0.3958095037496237	0.47021178172598044
0.16779372803403847	0.3763739357568735	0.45583233620908814
0.1479078794319656	0.37734474805159646	0.47474737251643806
0.1513459067292781	0.3910293614340712	0.45762473183665087
0.15309707829281677	0.38009714353793433	0.466805778169249
0.16664650382869273	0.3760413761204742	0.45731212005083316
0.1344677439035621	0.39635611963945794	0.4691761364569801
0.14469100984510025	0.3909670387510267	0.4643419514038732
0.14183968000273403	0.3846568936834082	0.4735034263138579
0.14915614688175555	0.39406606282223694	0.4567777902960076
0.16046810661995564	0.3857488723539036	0.4537830210261409
0.16207207766684817	0.38148627468689245	0.4564416476462595
0.1546188576034716	0.38023182188335264	0.46514932051317587
0.1488327566858373	0.38611280127877823	0.4650544420353846
0.14042877635551185	0.38561596077730553	0.4739552628671827
0.13078613776628217	0.3932745147423029	0.47593934749141503
0.14647125885906803	0.3952365750799973	0.4582921660609348
0.1324902515234917	0.39569911027522797	0.47181063820128044
0.13861336096055482	0.3902849739180976	0.47110166512134766
0.1301987973264011	0.3962442449720114	0.4735569577015876
0.14251843840463094	0.3942463411286919	0.4632352204666773
0.15497669028209904	0.3836822248502442	0.46134108486765685
0.13761489579516023	0.3886717052111305	0.4737133989937094
0.15609245031808333	0.3829334403656428	0.460974109316274
0.14400413603674905	0.39560505657264616	0.4603908073906049
0.15457241475295536	0.3856004956866099	0.4598270895604349
0.14614691010990627	0.3941099620302594	0.45974312785983446
0.15786926242867616	0.3872809415425571	0.45484979602876685
0.1451810550190692	0.37858525361957	0.47623369136136084
0.15177373946464026	0.3937658678153097	0.4544603927200502
0.15057051624992474	0.38251073038143935	0.4669187533686361
0.1520784925611724	0.3866156009588321	0.46130590647999564
0.1700296491255019	0.37520750138517006	0.4547628494893282
0.14518902836270214	0.3956781288403964	0.45913284279690164
0.16939381192004646	0.37671542946363235	0.4538907586163213
0.1394257716700049	0.3937871579583819	0.4667870703716134
0.14219487155781035	0.39130262535935173	0.466502503082838
0.15408693275084934	0.37539307530630006	0.4705199919428507
0.13670875167431024	0.39520556085040753	0.46808568747528234
0.1463913134030499	0.39450640286940425	0.45910228372754597
0.1399836787682076	0.3937052226899694	0.4663110985418232
0.1409260654428064	0.38933663265055724	0.46973730190663654
0.13743463455514515	0.39011926613183745	0.4724460993130175
0.145315432837736	0.38051567252186597	0.47416889464039813
0.14782457086838285	0.3880505872546156	0.46412484187700165
0.13450832580289346	0.39552039937360606	0.46997127482350065
0.14708941702452544	0.390093013415402	0.4628175695600727
0.1569824702036632	0.38594586722962304	0.4570716625667139
0.15488002565005785	0.3915898446911025	0.4535301296588398
0.1517287674617369	0.3784347539973656	0.4698364785408976
0.135290973731082	0.3873804037567582	0.4773286225121599
0.13537379957721352	0.391896136633331	0.4727300637894556
0.1583575618339933	0.38452821960308625	0.45711421856292056
0.14949903143528548	0.3759642815819369	0.47453668698277773
0.14813711244678068	0.38984385995309107	0.46201902760012836
0.16193285196156842	0.3842314677985701	0.4538356802398616
0.14634804240903931	0.37971300410674824	0.47393895348421256
0.14758038065749515	0.3927577007967571	0.45966191854574784
0.12697530704716947	0.3970630263659539	0.47596166658687666
0.13983094955969474	0.39171178475416674	0.4684572656861386
0.15880941928336695	0.3855638429779958	0.4556267377386374
0.1458993416174137	0.3929431786578816	0.4611574797247049
0.14563299160821333	0.3863677290346102	0.46799927935717656
0.1471738264411288	0.3847202260681109	0.4681059474907604
0.15681536360444587	0.3776730574887284	0.4655115789068258
0.16486853468866422	0.38280756523664206	0.45232390007469386
0.1489036603054157	0.37851483810289294	0.47258150159169154
0.16190418040029364	0.37782865899044193	0.46026716060926454
0.14938331422807194	0.397023071474941	0.4535936142969872
0.13183982972674263	0.39141328419152743	0.47674688608173005
0.133092973466957	0.3969968575578911	0.46991016897515203
0.14465913512721693	0.39569808826419606	0.4596427766085871
0.1629158562796903	0.38390129125136696	0.45318285246894285
0.14056792709087307	0.3882424606260214	0.47118961228310563
0.1387302244824798	0.39632501946181137	0.464944756055709
0.12912132939970233	0.3940332146205611	0.4768454559797367
0.13515000445951564	0.3931931663589971	0.47165682918148744
0.14019988892989219	0.3830397399891823	0.47676037108092567
0.16348242655957873	0.381604432950281	0.4549131404901403
0.15968677671777093	0.3783304179191226	0.4619828053631066
0.14873351179205108	0.3784941047582168	0.4727723834497322
0.16639312667815317	0.37713700982477083	0.4564698634970761
0.1532297647719162	0.3890300603707665	0.4577401748573175
0.14776404180584157	0.39064882794124944	0.4615871302529091
0.16235313272877858	0.38152768637951123	0.4561191808917103
0.16145590083512779	0.3834871827677	0.4550569163971724
0.1666103690305078	0.37793200835378404	0.45545762261570827
0.14206602807812468	0.393639539635874	0.4642944322860014
0.15725634194911325	0.3875350475288623	0.45520861052202455
0.1448854593401256	0.3876448684647234	0.4674696721951511
0.1513464821242086	0.3952577119948424	0.4533958058809492
0.15409313412933823	0.3850682286343328	0.46083863723632906
0.14002794039053906	0.396334909354701	0.46363715025476004
0.16121430558668964	0.37847852417401595	0.46030717023929446
0.15940582919003854	0.3867642051507759	0.45382996565918565
0.1438183799678558	0.3904150932937617	0.46576652673838265
0.15726922232165774	0.3884490201893974	0.454281757488945
0.14896345187881255	0.39265451815825436	0.4583820299629332
0.14384299196426828	0.3963479955123176	0.4598090125234143
0.16226749497613485	0.3773824261565594	0.46035007886730583
0.15721295647205047	0.38681080731331335	0.4559762362146363
0.14646630107996103	0.3956708984907166	0.4578628004293225
0.16332160324205786	0.3767581872536033	0.459920209504339
0.1670478614095557	0.3782037118089658	0.4547484267814787
0.13081387131363836	0.3939588453489323	0.4752272833374295
0.14349083029326443	0.39155147462016837	0.46495769508656737
0.15387603210247247	0.38924378850736546	0.4568801793901622
0.13119160088326842	0.3957376250808761	0.47307077403585557
0.1373562656219489	0.3845255755476964	0.47811815883035486
0.15133982581879463	0.38983725926530705	0.45882291491589844
0.16071651040029436	0.3837656290680295	0.4555178605316762
0.1439936704812403	0.38370694226733265	0.47229938725142717
0.16654743118862675	0.3808889604513473	0.45256360836002607
0.16091637624279415	0.3823791779753846	0.45670444578182134
0.15272715750657723	0.3774450758728256	0.46982776662059733
0.13063015003173095	0.39428867844397864	0.47508117152429047
0.14340010654398702	0.37864547121119974	0.4779544222448133
0.166363750376688	0.38091175857814097	0.45272449104517115
0.16806616015566994	0.3773127324972496	0.45462110734708056
0.1535963242048337	0.3768844247628954	0.469519251032271
0.15594591752377018	0.3898980845367543	0.45415599793947564
0.16891624304276437	0.3785442106487532	0.45253954630848253
0.16582777779117663	0.3758506950672824	0.45832152714154106
0.15947363314158142	0.37618199462103497	0.4643443722373837
0.15446990620093334	0.3847070046935371	0.4608230891055297
0.15722018389354347	0.38058022298987926	0.4621995931165774
0.15269948356178517	0.3755602079439845	0.4717403084942305
0.16340067630069421	0.3751128726305771	0.4614864510687289
0.13316499853373487	0.3904451664987598	0.4763898349675054
0.12834975819052064	0.3955159842836123	0.47613425752586724
0.16668301563744078	0.376401518968269	0.45691546539429034
0.13311816104213156	0.3970562004399415	0.469825638517927
0.1444472784234409	0.3804631767734571	0.4750895448031021
0.16109525414548037	0.38066496739869016	0.45823977845582964
0.1659674490809047	0.3799151647769719	0.4541173861421235
0.13898542678710335	0.3935722357044551	0.46744233750844166
0.1305913704294171	0.39366570785200805	0.475742921718575
0.13683498748835854	0.3927468309211636	0.470418181590478
0.14067523768063606	0.3884968560517026	0.47082790626766147
0.15959154067503062	0.37886156262839926	0.46154689669657023
0.14170429609523755	0.39338288007428945	0.4649128238304731
0.14510605525130146	0.3904621455405955	0.4644317992081032
0.1365761689213485	0.3928283140445285	0.4705955170341231
0.1508299740426643	0.38899712357954913	0.4601729023777867
0.16405349814943776	0.3795520513743899	0.45639445047617244
0.14501976019457552	0.37829409406065334	0.4766861457447713
0.14698542927143243	0.38111181282191775	0.47190275790664993
0.144930153720403	0.38625535718885917	0.468814489090738
0.16735274505939812	0.37888932028698963	0.45375793465361236
0.15261994092577363	0.37700046111275426	0.4703795979614722
0.13098747462956317	0.3933321703890206	0.47568035498141636
0.1511245858148257	0.3815665586796572	0.4673088555055172
0.1388227533834437	0.38380288715529043	0.47737435946126605
0.14974471020305333	0.39306107883945773	0.4571942109574891
0.14261111334836918	0.3961352673091082	0.46125361934252274
0.16757120321364613	0.3794887726099041	0.45294002417644996
0.1378134804531881	0.3956660074634572	0.46652051208335477
0.16174388263317852	0.3786959897309966	0.459560127635825
0.14961009554357008	0.3786839345001067	0.47170596995632336
0.16188054110478084	0.38414174254466343	0.4539777163505559
0.15339500060575523	0.38723237466559945	0.45937262472864543
0.15008276106990168	0.3917478992426838	0.45816933968741463
0.13562925574482018	0.3910955627633374	0.47327518149184256
0.15307194355990122	0.3813806821061817	0.46554737433391724
0.1416156949003069	0.3898680112378298	0.4685162938618634
0.13513117272535313	0.38750272850298023	0.47736609877166675
0.16118077462344574	0.37566253937380023	0.46315668600275417
0.14249722731191475	0.38433674536168216	0.4731660273264032
0.1567840436614104	0.3777888071924884	0.4654271491461013
0.14605637460285165	0.3889775823413015	0.46496604305584704
0.13612430607761244	0.3918758210980083	0.4719998728243794
0.15302887475611754	0.37604384708853805	0.4709272781553445
0.15145579043020319	0.3843552219355607	0.4641889876342362
0.12599407150909578	0.3960604149433241	0.4779455135475803
0.14856600989615282	0.3771107138344827	0.4743232762693646
0.1369164140241879	0.3970473160786282	0.46603626989718405
0.142114317844876	0.3927177232024469	0.4651679589526772
0.16777708103458625	0.3763244618246695	0.4558984571407444
0.15340050886861306	0.3834387432167072	0.46316074791467987
0.14680155963356245	0.3922009561696581	0.46099748419677955
0.13611030948662095	0.3949519157750531	0.4689377747383261
0.1428496406051336	0.3813639524095012	0.47578640698536534
0.13355439562475918	0.3960359309944452	0.47040967338079576
0.14112409315049212	0.38381422686288674	0.47506167998662124
0.15838753651721493	0.38326776166641013	0.45834470181637504
0.16203679458712467	0.3851849890422378	0.45277821637063764
0.14509108589520558	0.38131469007194363	0.47359422403285084
0.1582474449056746	0.3785765880989259	0.4631759669953996
0.14667287587214026	0.37779250884262916	0.47553461528523067
0.16644386820458063	0.3788663618280269	0.4546897699673925
0.13554378928670918	0.3949207261262646	0.4695354845870263
0.13462736386116564	0.3948747694705186	0.47049786666831594
0.14687345080170472	0.3831280929021101	0.4699984562961853
0.15957846882315904	0.3801928386816501	0.46022869249519094
0.14827993977046797	0.3817762902110794	0.4699437700184528
0.14807858938883026	0.3765371839289904	0.4753842266821795
0.15623615876027022	0.3840429362684311	0.45972090497129875
0.16697108506454272	0.3804334349341719	0.4525954800012855
0.1602349985152147	0.38025915405511423	0.45950584742967127
0.14523396010816825	0.39187373705324763	0.46289230283858424
0.14803326105706716	0.37777064921641396	0.474196089726519
0.1478098479949379	0.39485364610763873	0.4573365058974235
0.1421944557393811	0.39254828545965725	0.46525725880096175
0.1628268509108583	0.3790828885215356	0.4580902605676062
0.13378837456304127	0.3965770768121945	0.4696345486247643
0.1688993479673396	0.3754787693216608	0.45562188271099974
0.15764631003807	0.38346501242094577	0.4588886775409844
0.1409532055449764	0.3943495999773141	0.46469719447770963
0.14125082967490454	0.3843292920867053	0.47441987823839027
0.12695824658280902	0.3954527692441452	0.4775889841730459
0.14846573503833607	0.38822438271320997	0.4633098822484541
0.15490160521243312	0.39133967727975305	0.453758717507814
0.14392973425774155	0.38475999188343535	0.47131027385882324
0.1492178874613438	0.3827971502096542	0.4679849623290021
0.14816088047543996	0.3808103707361229	0.47102874878843726
0.1477580421103743	0.3773342700001548	0.474907687889471
0.13949306061902514	0.3942302126663107	0.46627672671466425
0.13619406379324583	0.3961669937521555	0.46763894245459875
0.15667085478685472	0.383440482096421	0.4598886631167244
0.1611436994791282	0.3855424220398831	0.4533138784809888
0.16139039702744118	0.38199906717171095	0.456610535800848
0.14901318617342935	0.38069189628135675	0.470294917545214
0.14030243059791672	0.3831552731611848	0.47654229624089856
0.13836318253158128	0.3855229830385351	0.47611383442988375
0.13743296669003283	0.39329428689840346	0.4692727464115638
0.14354588819908654	0.3793257904811176	0.477128321319796
0.15023423528085106	0.39391917423126266	0.45584659048788645
0.1477530319456004	0.38182416086479615	0.47042280718960355
0.15065080438674416	0.38760474786054444	0.4617444477527115
0.15153007701376475	0.38150681157940514	0.4669631114068302
0.1468212838848354	0.3869721829954904	0.4662065331196743
0.16089159650408247	0.38165789293507085	0.45745051056084685
0.15773935807489964	0.3896388559442895	0.452621785980811
0.14786214013206384	0.39410825181393067	0.45802960805400555
0.15000481434465385	0.38543635296828416	0.4645588326870621
0.15256376845300101	0.3820661451767926	0.4653700863702065
0.1564238426101694	0.3751557941674947	0.468420363222336
0.1490517925829618	0.38557058955779716	0.46537761785924114
0.13234538956669215	0.39419641137671835	0.47345819905658965
0.1331606254791497	0.3893492826459317	0.47749009187491864
0.1499395422358365	0.3952218739148443	0.4548385838493193
0.1414575652530793	0.39246059629499064	0.4660818384519302
0.147925123617968	0.3953925926256802	0.45668228375635195
0.14105359342812507	0.3807703899881747	0.47817601658370035
0.14678849779559242	0.3971884582810238	0.45602304392338394
0.1461955108295857	0.3797757670375375	0.47402872213287695
0.15519937422238866	0.3820996492721236	0.46270097650548786
0.13889833311793587	0.38402663873769777	0.47707502814436653
0.1526519987587913	0.375057722039367	0.4722902792018418
0.1563204457644112	0.3756045877564704	0.4680749664791185
0.14187730898216705	0.38952690254875855	0.46859578846907446
0.1430700200952386	0.3920658963594483	0.4648640835453133
0.13374014920660066	0.3965828489772562	0.46967700181614325
0.143805472393574	0.38272455032429836	0.47346997728212775
0.1440338989946429	0.3886730688656013	0.4672930321397559
0.17102947493275816	0.37506547863940615	0.4539050464278358
0.16311649718182364	0.37564685079002125	0.4612366520281552
0.13763696097731137	0.3860925556129401	0.47627048340974865
0.15905299519987173	0.38297513487215784	0.45797186992797057
0.16473316632966986	0.377044794645387	0.4582220390249433
0.13337667927280938	0.394085304708064	0.4725380160191267
0.14824136587554199	0.3878571401591469	0.4639014939653112
0.14153233508561666	0.38086764639498405	0.47760001851939937
0.1548035102567515	0.3886495975301446	0.456546892213104
0.16645706237163357	0.3763084128880967	0.4572345247402699
0.1523463202910007	0.37748447350612213	0.4701692062028773
0.1385006504358675	0.3899625167358474	0.4715368328282852
0.1319636900133102	0.39598360539886657	0.47205270458782334
0.1280474086863367	0.3938161643486393	0.4781364269650241
0.1430607365467941	0.3958589981029528	0.46108026535025326
0.14700297617004243	0.38871170434413693	0.46428531948582075
0.1580419606466424	0.38259730626653876	0.45936073308681896
0.13121763460176467	0.39618568901988793	0.47259667637834746
0.14589406789909265	0.3946391807660996	0.45946675133480785
0.14746489265784724	0.383376341797218	0.46915876554493485
0.15102280325693546	0.3774518259690973	0.4715253707739674
0.12960428841829283	0.39514143722553446	0.47525427435617285
0.14896885016626416	0.37886831232715235	0.4721628375065836
0.15297564717324347	0.37912333475787247	0.4679010180688842
0.13906251982890847	0.38840736921323304	0.4725301109578586
0.1264876415889667	0.3954063598043713	0.47810599860666214
0.147938630601958	0.39264841558443075	0.45941295381361136
0.1488138175799381	0.38630134270143757	0.46488483971862443
0.1367441741603399	0.39608861452735195	0.46716721131230826
0.13845149283994376	0.38941754753170305	0.4721309596283533
0.1510063520653135	0.38385919951701564	0.46513444841767093
0.16685809282663733	0.37568686186268285	0.45745504531067993
0.14572768665910296	0.3910914589696501	0.4631808543712471
0.15395071311835468	0.38433596706600487	0.46171331981564057
0.14203216292053486	0.38096574018354357	0.47700209689592166
0.14815993091123075	0.39084293840513146	0.4609971306836379
0.14565384953313784	0.3806085071001773	0.473737643366685
0.14618505112048588	0.3893286995879174	0.4644862492915968
0.15795470760941543	0.38218634392952344	0.45985894846106123
0.1607861690408399	0.38068523891991113	0.45852859203924906
0.15788095505863936	0.38266413288836826	0.4594549120529925
0.1483817769485592	0.3856264662514598	0.4659917567999811
0.15269432049658832	0.37672667151082667	0.4705790079925851
0.14474620507653307	0.3791825885314074	0.4760712063920597
0.16994856537837816	0.3768749237280068	0.45317651089361516
0.16549594158696798	0.3814056985394137	0.45309835987361846
0.1438748602900009	0.3868063108808811	0.46931882882911813
0.15002284238765642	0.38853276428723854	0.4614443933251051
0.14688720201887462	0.3870566013770968	0.46605619660402864
0.1321383983979023	0.3971404484621245	0.4707211531399733
0.14795301241875736	0.3931396981689178	0.45890728941232495
0.15989122915968626	0.37574732556671836	0.46436144527359546
0.15139287118754416	0.3830271690051321	0.4655799598073238
0.15800345863398063	0.3865342545824023	0.45546228678361717
0.15476677119370014	0.38302645767702487	0.4622067711292751
0.13562176464688358	0.39217900169069303	0.47219923366242356
0.13145164313719893	0.39263762883937403	0.47591072802342715
0.15276918526581232	0.39038278642165025	0.45684802831253757
0.15509447264938603	0.37503810542635824	0.4698674219242559
0.15628241053967187	0.37692769214447114	0.46678989731585707
0.15349638959998266	0.38961816527642684	0.4568854451235906
0.1466351599348617	0.390288989976331	0.4630758500888075
0.15045087241587402	0.39192672296682585	0.4576224046173002
0.1288122063972874	0.39514784316471707	0.47603995043799563
0.14694909124117117	0.39021321189003516	0.46283769686879384
0.14994556528298061	0.3925491959712843	0.45750523874573523
0.13068870573442065	0.39452849764495274	0.4747827966206267
0.13545706328195267	0.39495642845561474	0.4695865082624327
0.13749901233164452	0.38452545982180103	0.4779755278465546
0.13874922706226822	0.3965774767659629	0.464673296171769
0.16287076436366404	0.38048499835826116	0.4566442372780749
0.14917525646465843	0.38606769661926243	0.4647570469160793
0.1504668170608306	0.3870730399326179	0.46246014300655164
0.1506114898130846	0.38394707446027865	0.4654414357266369
0.15928413292898663	0.3772298294215031	0.46348603764951035
0.13062677433037864	0.39178302263091297	0.4775902030387085
0.14435079857144467	0.385033487455202	0.47061571397335344
0.1272494501452908	0.39489252471075853	0.4778580251439508
0.14244049177966325	0.3883461518458102	0.46921335637452666
0.1475870375266135	0.3933864263375203	0.4590265361358663
0.15913434692358952	0.3763290505606316	0.464536602515779
0.16624791999715632	0.3787901775074032	0.4549619024954406
0.15946896089830093	0.3774298864499465	0.46310115265175267
0.14740610872531637	0.3763956384232098	0.476198252851474
0.16178403987397033	0.38229721485821877	0.455918745267811
0.16277311401865507	0.3799574430959313	0.4572694428854137
0.14885807728196068	0.38836703019704716	0.46277489252099224
0.14325032979274432	0.3826603114162603	0.4740893587909955
0.15123549328783023	0.37514285372810663	0.4736216529840632
0.15322765607005123	0.3834836838927065	0.4632886600372424
0.14206338840684518	0.39042932769830224	0.4675072838948527
0.14520565787228565	0.3788873547646396	0.4759069873630749
0.13758883760408433	0.3947404235194849	0.46767073887643085
0.14763537244703961	0.38064352458414147	0.47172110296881903
0.13772611452237302	0.38771799804890505	0.474555887428722
0.15400380231987362	0.38695931973336983	0.4590368779467567
0.1321097767496259	0.3908537948646227	0.47703642838575155
0.1382632951521074	0.3960118868864386	0.46572481796145415
0.16530772793395646	0.37652086194008283	0.45817141012596085
0.15993613204463186	0.3802618275440428	0.45980204041132544
0.16078167937184998	0.3836257838963207	0.4555925367318294
0.1358486934282001	0.3932113125372535	0.47093999403454656
0.16291081745013644	0.37949972107040386	0.4575894614794598
0.13664389822346806	0.3931314779145799	0.4702246238619522
0.13948091018469283	0.38465420692177565	0.4758648828935316
0.15098632250570593	0.380435429511426	0.4685782479828682
0.15182460703073075	0.3900688213387446	0.45810657163052476
0.16119333022895954	0.3764198692906369	0.46238680048040365
0.15042380405869085	0.39498230770950216	0.45459388823180713
0.15071466018655716	0.39263095815899646	0.4566543816544465
0.1396163131320005	0.38872017622600574	0.47166351064199386
0.14543041915764868	0.39685784647349487	0.45771173436885654
0.15730439821069653	0.37627295408255196	0.4664226477067516
0.1521050411409543	0.38878530254903454	0.45910965631001127
0.1320064152294605	0.3928246317350761	0.47516895303546347
0.1397712515806218	0.39072696106440075	0.4695017873549776
0.14883181681506294	0.39710447312162356	0.4540637100633136
0.15276714112202583	0.38295914837158607	0.46427371050638827
0.1648628938612024	0.3778326382934462	0.45730446784535145
0.15699253023595472	0.380961160592015	0.46204630917203043
0.14236384896966303	0.3877768095480441	0.469859341482293
0.13809238639296714	0.3943025092829871	0.4676051043240459
0.151604425214454	0.3773860529790583	0.4710095218064878
0.1507148032941214	0.3750398024582313	0.47424539424764733
0.15376400805677692	0.3764339483287201	0.46980204361450306
0.13157426571907438	0.3903090503478892	0.4781166839330365
0.15384424940645028	0.3837478734775592	0.46240787711599063
0.14743938297646747	0.39174029306646374	0.46082032395706896
0.1325683960730335	0.39112843133766395	0.47630317258930266
0.15265208197694904	0.39140829488403117	0.4559396231390199
0.14696805679759312	0.39073125236764245	0.46230069083476455
0.1617865311401055	0.3792000204177052	0.4590134484421895
0.13840744738811123	0.3908417977039359	0.470750754907953
0.14692870429977295	0.3807103876602886	0.47236090803993863
0.13997330735241456	0.39221956540483105	0.4678071272427545
0.16020377761108934	0.3774060063730216	0.46239021601588925
0.1457871022982226	0.38394121730330083	0.4702716803984767
0.13825558889991224	0.38996320801447415	0.4717812030856138
0.14868983017618764	0.3910026140335098	0.46030755579030275
0.1659113770263985	0.3752152327558339	0.45887339021776774
0.13750773929636764	0.3908596129377231	0.4716326477659094
0.13878494563861876	0.38314889180023565	0.47806616256114576
0.14994155492721256	0.39261677119004706	0.4574416738827405
0.15006162034987963	0.387412237098565	0.46252614255155544
0.16080829934286905	0.38432156110678517	0.4548701395503459
0.14822090710590935	0.3775913395016986	0.47418775339239216
0.14667127442085104	0.37759606764239123	0.47573265793675784
0.12945311868494996	0.3925068781295162	0.47804000318553397
0.1443664444865851	0.3861670989192823	0.4694664565941328
0.15217847964636763	0.3770476304654292	0.47077388988820323
0.1530632946339096	0.37591231999002644	0.47102438537606406
0.15562564679129628	0.39028002840949444	0.4540943247992094
0.14747135975109626	0.38553295592930276	0.4669956843196011
0.16865999652050156	0.375990238846093	0.4553497646334056
0.15203369102314734	0.3758039391224338	0.47216236985441895
0.16327514461705112	0.3755612002047381	0.4611636551782109
0.16254076893710745	0.38255135446063443	0.4549078766022582
0.1327760002597961	0.3918984288637814	0.4753255708764226
0.14210062747986985	0.3927659058091224	0.46513346671100786
0.14382038939865704	0.387491293320629	0.46868831728071403
0.16305583308750451	0.3771956858646307	0.4597484810478649
0.13618069236433772	0.3912128754353533	0.47260643220030907
0.14996749227453496	0.37863015798214383	0.47140234974332135
0.15984750895324756	0.378142940120421	0.46200955092633156
0.1364148268405947	0.3932648467865123	0.4703203263728931
0.14541017718373972	0.3941897888083904	0.46040003400787
0.1461481102036337	0.3881910812539364	0.46566080854242997
0.1504832142543609	0.38215113616024254	0.4673656495853967
0.13959743926210338	0.39034825318380895	0.4700543075540878
0.16326485474162655	0.3837493739441563	0.45298577131421724
0.1561376873543865	0.3775220143870473	0.4663402982585663
0.16510136622725205	0.377587223113012	0.457311410659736
0.1443121458984651	0.38603307621484273	0.4696547778866923
0.1670361212982131	0.3757848885105518	0.4571789901912352
0.13806810092539473	0.3965842422443083	0.4653476568302971
0.16585162507126666	0.3754656017262969	0.45868277320243656
0.1607020513154223	0.3788028593010428	0.460495089383535
0.1449788923203749	0.3966524894481364	0.4583686182314888
0.14437271560660553	0.3956486483632294	0.4599786360301652
0.14253951852017743	0.38382781688370793	0.47363266459611475
0.15319486593217713	0.38096055200026957	0.4658445820675534
0.15735618167356338	0.38115252781244724	0.4614912905139895
0.13537365669433873	0.3967195738467665	0.46790676945889487
0.14567473363227218	0.38016759378295023	0.4741576725847777
0.14161888848446724	0.3925421692840265	0.46583894223150635
0.15004157207269303	0.3935873655264368	0.45637106240087033
0.15516717014766213	0.38541132089845787	0.4594215089538801
0.13194442472541157	0.3958184237054486	0.4722371515691399
0.1433167423297395	0.38442918634995626	0.4722540713203044
0.15126331388223924	0.3870787601996827	0.4616579259180782
0.16468528653552714	0.37940517083388586	0.45590954263058714
0.134705236145145	0.3924796240274422	0.4728151398274129
0.15752364044698686	0.3894823309356267	0.4529940286173866
0.14500982880077384	0.38518046366122904	0.4698097075379972
0.13473822219981185	0.38730357669927773	0.4779582011009106
0.16188485288626137	0.38527370419720136	0.4528414429165374
0.16336884136699067	0.3794805175955232	0.45715064103748626
0.14620997457532037	0.39078352949119183	0.46300649593348797
0.1644268712460195	0.37850990100651094	0.45706322774746966
0.15155835554260583	0.3818596722139991	0.4665819722433952
0.15191670254734801	0.3907357689632215	0.4573475284894306
0.1440390489759162	0.3935956357166877	0.46236531530739616
0.16279139978082996	0.38008762740794366	0.45712097281122654
0.15118015669661558	0.38338238707465155	0.46543745622873295
0.129628730454178	0.394825405988286	0.47554586355753614
0.15913609185535166	0.37536586840218417	0.4654980397424643
0.14825957196679818	0.3826705879572519	0.4690698400759501
0.14692586512100708	0.38027177486279873	0.4728023600161943
0.14957232935248765	0.3879047335424918	0.46252293710502074
0.14988029598743696	0.38143456672159226	0.46868513729097094
0.16336666002191283	0.38143991620368595	0.45519342377440136
0.1557802017112424	0.3898677410204901	0.45435205726826766
0.12895658908031887	0.39592157821717133	0.47512183270250996
0.15114263238593584	0.38534998834687156	0.4635073792671927
0.1530303519087246	0.3756963168505557	0.4712733312407198
0.1568910499255053	0.3893418500346091	0.45376710003988574
0.14525989225984892	0.38829706837904837	0.4664430393611028
0.16421333148942824	0.37793843034555324	0.45784823816501863
0.14519494517038087	0.38752767618313605	0.4672773786464832
0.15117954867948813	0.3798331106758093	0.4689873406447026
0.15657748646990194	0.3890635044557083	0.45435900907438986
0.13921672896703344	0.39053462172181624	0.4702486493111504
0.13856380726054052	0.3851730185200311	0.4762631742194285
0.1461620640174105	0.393223097761803	0.46061483822078664
0.1355184952834716	0.39409729557902956	0.47038420913749895
0.1478389129115888	0.38400913523003105	0.4681519518583803
0.1412875842570307	0.3831129250021399	0.4755994907408295
0.14743436132023383	0.3971946720350823	0.45537096664468396
0.1368322339804046	0.3962157708715558	0.46695199514803976
0.14680075149979505	0.3807595990305096	0.4724396494696954
0.1506424181929503	0.39002734367705955	0.4593302381299903
0.13516139770724328	0.39714844355482426	0.4676901587379326
0.1603441553812906	0.38219366243601194	0.4574621821826976
0.15734876150640903	0.37684218492005417	0.46580905357353697
0.1558342901461044	0.3875175359051008	0.45664817394879487
0.14248670609576577	0.39374436898573245	0.46376892491850186
0.14918777767222885	0.39459824840045526	0.456213973927316
0.14079669617687857	0.38995121157475476	0.4692520922483668
0.14637534906458924	0.38529565973037927	0.46832899120503163
0.1619359019397341	0.38250150034101665	0.4555625977192494
0.14221051654248126	0.3857266176447626	0.47206286581275625
0.15132853424893078	0.37754148851602654	0.4711299772350428
0.15075185594169688	0.39090124622465827	0.4583468978336449
0.13323636966565794	0.3894113009598609	0.4773523293744813
0.14859247760868355	0.38501343752706096	0.4663940848642556
0.14462015698029246	0.3853829849764453	0.4699968580432624
0.15221035882252448	0.3905612487703181	0.4572283924071575
0.15097931276563753	0.39659641841804494	0.45242426881631764
0.15297606960772342	0.3858716364825816	0.46115229390969514
0.1471191352880542	0.397180313853145	0.4557005508588009
0.14847734871918558	0.38590010234210187	0.4656225489387127
0.14788182062252306	0.3751031865732747	0.4770149928042024
0.15312097690591037	0.3829565120338988	0.46392251106019095
0.16291398734895463	0.3751125264815999	0.4619734861694456
0.16225970602696188	0.3807172452394301	0.4570230487336081
0.1613612690591177	0.38177491168089095	0.4568638192599914
0.16248649513941665	0.380255184295916	0.4572583205646675
0.1521958341071096	0.3920792713593126	0.45572489453357795
0.13486290695223446	0.3909832175655002	0.4741538754822655
0.14784697392693436	0.3783739025795906	0.4737791234934752
0.15090609844572744	0.3752788642179047	0.473815037336368
0.14903179340765052	0.3778984704981512	0.47306973609419845
0.15449785522964288	0.38203849525436356	0.4634636495159936
0.1374901616527629	0.38704931355681815	0.475460524790419
0.13809896441052943	0.38744335989444645	0.47445767569502423
0.1448851278490782	0.39343745689638365	0.46167741525453826
0.14814936489874247	0.38495389254890106	0.46689674255235664
0.14755809899481492	0.3837308060009726	0.4687110950042126
0.1417546736913245	0.39496430365779533	0.4632810226508802
0.13777523069954	0.38623995550072027	0.47598481379973984
0.1512777541171992	0.3866797908521384	0.46204245503066255
0.15035621458208887	0.3816958309372426	0.4679479544806686
0.1500732548645947	0.3816152329242862	0.4683115122111192
0.1329397628911806	0.3960299813106644	0.4710302557981551
0.15475275618805928	0.3805326152538291	0.46471462855811174
0.13566103224072878	0.3860216374596295	0.47831733029964185
0.1408899633591439	0.3880970849981499	0.4710129516427064
0.14485644792723387	0.3812822377662577	0.4738613143065086
0.13305781318648402	0.38940255409787267	0.4775396327156434
0.15369296021866322	0.3759760899726078	0.4703309498087291
0.15702530726829156	0.38729884624642386	0.45567584648528475
0.1586616277362501	0.3831715393964207	0.4581668328673293
0.1566934031418523	0.38732897439263947	0.4559776224655084
0.16256049938814146	0.37715086870423026	0.46028863190762836
0.15694613323639117	0.38550379514185273	0.4575500716217562
0.13281119598260327	0.39605208028396943	0.4711367237334274
0.1347037644107056	0.39067086582780547	0.47462536976148906
0.1503896037222088	0.39005976921003604	0.4595506270677553
0.15442339941767513	0.37824655916286565	0.46733004141945933
0.1587220679213902	0.38690669242688	0.45437123965172993
0.16560818527461474	0.3804927317149698	0.45389908301041565
0.1689901929724833	0.37621192352321564	0.45479788350430117
0.15151421670631665	0.38415227414780984	0.4643335091458737
0.15317669396329958	0.3852537043206289	0.46156960171607164
0.15329541575655392	0.3790035616610087	0.4677010225824375
0.16696095784223086	0.37730948755251703	0.45572955460525216
0.15478842792644865	0.39268956955577333	0.45252200251777813
0.14169362418866516	0.3903791861981813	0.46792718961315366
0.13530170237051156	0.3887270376989824	0.47597125993050615
0.1501783843284991	0.39620100204506953	0.45362061362643147
0.1642636267984556	0.3831762170759222	0.45256015612562234
0.1573812676096687	0.3758525828867068	0.4667661495036246
0.14847637718872814	0.3850644097664972	0.4664592130447748
0.14697977600509696	0.390908425506106	0.4621117984887972
0.1320745044225697	0.3923015904356926	0.4756239051417378
0.15264588300389972	0.3803682466236497	0.46698587037245065
0.15029225025955273	0.3862672127142016	0.46344053702624577
0.16991209029396973	0.37506204768858314	0.4550258620174472
0.15465004469598878	0.38126779929707255	0.4640821560069388
0.1500111444709818	0.3758502656053085	0.47413858992370983
0.15141505781822684	0.3764401410035381	0.4721448011782352
0.144167652715551	0.3932432459698437	0.4625891013146054
0.1380938554511643	0.3849932436541007	0.47691290089473515
0.14534007265390886	0.3792340390537341	0.4754258882923572
0.14991666575890264	0.3919277828930243	0.4581555513480732
0.15357858133160157	0.3756564710087888	0.47076494765960974
0.15568148852309083	0.37835090267524324	0.46596760880166604
0.14541770994029424	0.38966526523777945	0.46491702482192643
0.16082131863063523	0.3753000770803987	0.4638786042889662
0.14030526914372293	0.39524370270595743	0.46445102815031974
0.15892147894748485	0.388553767113712	0.4525247539388033
0.15405145177112994	0.3851176941642858	0.46083085406458435
0.1484260400697691	0.3860527667436378	0.46552119318659324
0.14283078740209176	0.39719163384045264	0.4599775787574557
0.1522120387223703	0.39023786962967577	0.457550091647954
0.14533194587437417	0.379090075674366	0.47557797845125993
0.14368419092623474	0.3849435639624378	0.4713722451113276
0.14826161276121566	0.3914569339931085	0.460281453245676
0.15789411589205687	0.38492337277523886	0.45718251133270443
0.15290156870304267	0.3830150122856179	0.46408341901133954
0.15934393748158823	0.38399969570700765	0.45665636681140426
0.14577969482649858	0.3823213708878638	0.4718989342856378
0.15840520924658597	0.3767344723256548	0.4648603184277593
0.1532277410520379	0.38433721916443214	0.46243503978353007
0.15199746141020312	0.3754278298343603	0.4725747087554367
0.1611286650039151	0.38495284392843765	0.45391849106764737
0.1424548497879224	0.3894853699321333	0.46805978027994444
0.14515636529195064	0.38813726893275724	0.4667063657752923
0.1462550508882226	0.38976412892501094	0.46398082018676656
0.1536844956911818	0.3883021722850495	0.4580133320237688
0.13498695614453227	0.39302804977614997	0.4719849940793178
0.15289674699143274	0.38708160621408333	0.46002164679448404
0.14828669591583743	0.376100799432366	0.47561250465179666
0.1483636433238011	0.37650876821331475	0.4751275884628843
0.15618446557190352	0.3831795266306537	0.4606360077974429
0.15564514864616602	0.3822766189304682	0.4620782324233659
0.14422231001697472	0.3867430691625311	0.46903462082049435
