0.0373197535806012	0.041953036389352855	0.054415328242703793	0.20265073336175965	0.10029817208986411	0.22957986304634548	0.10306798162827867	0.05598805525280108	0.039301292986951404	0.13542578342134176
0.0368042988743363	0.04381575480035788	0.0678210925117133	0.16825804678028528	0.09902335573163193	0.24038515252914194	0.10922110040218146	0.061313032937860966	0.03890089303480148	0.1344572723976895
0.03164405921262668	0.04422331982188046	0.11543132340219162	0.1463375964695773	0.09199213164027503	0.23750471761564595	0.10439944585477616	0.061194187711319806	0.0383120440945962	0.12896117417711084
0.03190871256491275	0.04172481613840851	0.08516712369907208	0.1696309416061593	0.08195333902121399	0.22737630658119734	0.10784705201927013	0.06961263345291069	0.038717956570494684	0.14606111834636054
0.03253854459196766	0.043264927641745235	0.08388934686508205	0.18462807206418283	0.07836970307904693	0.2377049256482075	0.11180707271553594	0.0648525574834259	0.0438154743119429	0.11912937559886304
0.031134210464449585	0.041981911577240925	0.08583378340478072	0.19238280141842778	0.08097133457970629	0.22652849881657278	0.10464133659354379	0.06812037173804389	0.04110697092093524	0.12729878048629903
0.022431227649714627	0.04312612615824638	0.0965928181502706	0.18700164304793226	0.09860917103094824	0.22621945032973884	0.10783003273886874	0.05895317450232634	0.03997722223831283	0.11925913415364116
0.024073822849749543	0.03972088766296601	0.07271506997475494	0.19869428669175393	0.08199306766789036	0.24019205424371765	0.10094938764875024	0.05771385929132851	0.03824716169898684	0.14570040227010195
0.026883449647995744	0.03923820934966083	0.07281244897009845	0.1827144866335124	0.0762698341454954	0.24929559173139587	0.10736744802338968	0.06623728956596281	0.04401090843735809	0.1351703334951308
0.029373688167562848	0.042077133869600256	0.07435658024108315	0.19368441469304043	0.09798929763413437	0.2345048733844895	0.10384453464984704	0.05350723142268273	0.04334593693295341	0.1273163090046063
0.021336379854122248	0.03881721512987533	0.1551927962900287	0.15428383414373142	0.09546262059991169	0.2159220691739675	0.1043546850295075	0.05372737965351546	0.03810069408781184	0.12280232603752834
0.021111470530763288	0.04068302338302326	0.1308377392446811	0.15566169625273968	0.08528076707500015	0.22092624831443852	0.10713323485967263	0.06845720951226311	0.040181820095363814	0.12972679073205448
0.03290403058059371	0.04089958570765233	0.14745312609797703	0.15307467948936565	0.07819350493415414	0.2050323670312642	0.10465707773529194	0.05700433860371083	0.04326250069220418	0.13751878912778603
0.02305087863185659	0.03956567990182985	0.08168925713760951	0.18734501332657305	0.0929780423409021	0.2294350151039568	0.10934086943455	0.06520028781360573	0.04208875295569019	0.12930620335342616
0.027506268589744157	0.03975520388372824	0.11166451606896888	0.15079728247605573	0.08621799261843947	0.23035717861171362	0.10860939918344613	0.06829039396799269	0.04153126628408187	0.13527049831582919
0.03337470959840744	0.043552351256814906	0.10502070433744637	0.19454160752248262	0.09027667348060506	0.20293199081666302	0.10417793713991363	0.0680109744562903	0.0412473122167146	0.11686573917466214
0.03750164970991468	0.03882687327291085	0.045354086954506614	0.2004724318612541	0.10470791204644	0.2330193975692808	0.10680269753578407	0.06191337824373229	0.03751600128997467	0.13388557151620192
0.03285528657692159	0.04099389857686914	0.08387091679070431	0.19564292318098198	0.08950749747324878	0.20801820897575674	0.1014134476412075	0.06447370614698127	0.04158915508402105	0.14163495955330765
0.03280987705981177	0.04367442747528609	0.09824987757428372	0.1986234877855251	0.07995145031195985	0.22955918205089343	0.10764176222442634	0.058567283217829974	0.04140132679109973	0.10952132550888398
0.03465063686055678	0.042743511745454155	0.0802584862998233	0.19952220814299299	0.08024465184441565	0.21347938904765704	0.10709490499045574	0.059042138167676075	0.04279363926314197	0.14017043363782639
0.03124429701471798	0.044361837982802986	0.08377206628885049	0.1858558076911448	0.09968733183085388	0.21229648874168267	0.10918334428241504	0.06138192480652886	0.04059562566523468	0.13162127569576862
0.03305748266739504	0.043662969657295145	0.08231457430082079	0.16465844877590735	0.09363623966799821	0.2385322103862565	0.10198821915666827	0.07182360956555014	0.04160634727430331	0.12871989854780527
0.03109297826485259	0.039387565740710305	0.10963838758406282	0.175077130097736	0.0814886269340013	0.22516858889505198	0.11210818459938147	0.06110311345512268	0.04219207441147638	0.12274335001760443
0.03440478284851625	0.04167785078465906	0.10723265489684689	0.1727435324199053	0.07786814722523701	0.20612031896296662	0.1097960178391435	0.06506577403569751	0.04049929094918776	0.14459163003784012
0.03466594005648524	0.03894274536446839	0.09393518462579725	0.17839036404444025	0.07929034192195378	0.22707798608798802	0.10286121386895243	0.05824345950020375	0.04086758516396993	0.14572517936574098
0.028672039796006812	0.045915902891293416	0.09231824777237092	0.16043871822647626	0.10244467558356547	0.2374372463379159	0.10473356773299872	0.05454141130164781	0.04152292619811767	0.1319752641596071
0.025704016175283395	0.04255078077160637	0.08539075718656639	0.192440271163983	0.09657787470291189	0.2248472347764342	0.10577611890631855	0.05398690648157692	0.04127074323840888	0.13145529659691046
0.03083983055957064	0.044698016692975906	0.11090185923205671	0.16748079268609078	0.08243033547945317	0.2009793794976159	0.11001689245905714	0.06960671246479125	0.042172988259410044	0.14087319266897852
0.02289005110941951	0.042061310232338237	0.11375065956810275	0.14432220633742038	0.0933940646598168	0.23266554648291438	0.10864004747015384	0.06546204732630424	0.04342161611987846	0.1333924506936515
0.03366827117054799	0.04177666493249856	0.0804307371235464	0.2000642390929051	0.08172036753116901	0.23704103574116514	0.10945603723644912	0.0663366944416885	0.04007236684970829	0.1094335858803219
0.026813532869455342	0.03884057427172372	0.15208260219881498	0.1580216757637368	0.10024854050885858	0.20740536430873058	0.10670022020637153	0.06080382174659855	0.03929254020184297	0.10979112792386708
0.037454241278730774	0.044909069405125346	0.057551605601733884	0.18264576703935156	0.09762134411088462	0.23722496372880253	0.10892153944594928	0.0682079117545536	0.043710393657791315	0.1217531639770771
0.029207602423856227	0.04521995609045007	0.06403187890786487	0.17408396098519305	0.08758125404564106	0.2471849753243447	0.10962263299297464	0.07192813858475922	0.043086484764291694	0.12805311588062454
0.0269838928308805	0.03918505000387703	0.07853222048463754	0.17711484838808048	0.09682168136017703	0.24338822254802062	0.1032748717889246	0.061161437601390714	0.04108738211026186	0.13245039288374963
0.030783711141202458	0.04269546777429988	0.1174934054735211	0.1681554930106396	0.08787898797130378	0.22099506664716295	0.10924917282401612	0.056369638256445746	0.03829946661976482	0.1280795902816435
0.027491539872470216	0.043917347697983014	0.096917348360341	0.17973878989058367	0.08419721316860936	0.21689510205668625	0.1017020209703239	0.06878162032199152	0.04446684197313748	0.13589217568787365
0.024614904008349203	0.03906766085418079	0.0911499840949523	0.19475554489853905	0.10190299324977854	0.2141864962279413	0.10197518419718749	0.06662549884494669	0.03905775844498992	0.12666397517913477
0.028680608828151474	0.04455818207688823	0.059059483437025564	0.17425488226720653	0.10241855169013002	0.2489489158612801	0.10778955742364676	0.053167728763983596	0.038985238895618064	0.14213685075606963
0.02206158865882965	0.042615284735897825	0.11218088948213069	0.16644606680827184	0.0981714041256962	0.23957882702241073	0.10627733974671602	0.053260034388838896	0.04437781328648936	0.11503075174471883
0.03385927041147106	0.04504154626334852	0.06209573288766191	0.18909916333853508	0.08440559604251799	0.23457419019675074	0.10723547843305271	0.060115796885817134	0.04421191257681196	0.13936131296403292
0.03010425607292691	0.04431036881219136	0.05692024932605717	0.17795662888960215	0.10466081853880403	0.23609747240407886	0.10938245145723173	0.07110660569437001	0.04243116708929843	0.1270299817154394
0.02138624505558742	0.04067965946578943	0.09902549929015841	0.1832640769237174	0.09846612002155464	0.2299707507242778	0.10357263964277838	0.06395226442586513	0.04341050055390232	0.11627224389636907
0.02253051525194036	0.0395949254795939	0.08870286637161799	0.17471388385882924	0.0914644496026336	0.23161649175646992	0.10329673188321714	0.0643727394538768	0.04071502605811552	0.14299237028370557
0.02590813152887278	0.04384191640909644	0.1026598777412689	0.16645509272293424	0.10397445974203158	0.23210296116650547	0.10152958433284039	0.05779388009701585	0.039200993009568336	0.12653310324986605
0.03310674515641972	0.039630736356658286	0.10332575964176997	0.14640661631777308	0.10298178663672809	0.2446625403044504	0.104141521563577	0.05456210585982565	0.044182822457237564	0.12699936570556025
0.031434653694545	0.04179804825794499	0.09528429188126478	0.1590753910283936	0.10251492322774676	0.23917076113644775	0.11247318122329764	0.05698237139321693	0.040306524723351674	0.12095985343379088
0.03127245130020272	0.04400133266991637	0.1253221754354392	0.15061723648667383	0.08961723183198261	0.2162068730464597	0.1117138584464593	0.06407300278551475	0.03699029695264197	0.13018554104470959
0.02966227425686746	0.03890691680332561	0.13393964180997459	0.14919228111011398	0.09566451647657383	0.21608301245663367	0.10612469337801642	0.05384799320951633	0.03943909244599573	0.13713957805298244
0.0355995130620828	0.03866120936567577	0.09782520896039196	0.17425468712846076	0.09180315335411846	0.22258103896061054	0.1033319835025251	0.06343123174051624	0.037107083819943903	0.1354048901056745
0.0343802968998925	0.03966245184392035	0.07380201465709618	0.17340580745454137	0.07861251758687975	0.24661024897057682	0.10810219421624155	0.06919734398063679	0.0381177091062447	0.13810941528397
0.03584049525717779	0.041834058415056094	0.10905475086182403	0.15864337271609866	0.08048818927094015	0.22228325866401313	0.10473977272519173	0.07065817216416265	0.04431038913173216	0.1321475407938036
0.03045225693316586	0.04247021313416728	0.13753685873399552	0.14892612773496675	0.08005999630847847	0.2142400130651808	0.11103097771985782	0.05838673105903233	0.04394580189101301	0.13295102342014214
0.030123472034064527	0.04264620455118663	0.08348943957719292	0.17603644275528565	0.08460050537875424	0.2344082123967981	0.1098034813926442	0.07123194377368657	0.04311235120055013	0.12454794693983702
0.02681646441650941	0.04512490834861079	0.07710868363397921	0.18890115545743835	0.08098744575103746	0.24695563810624444	0.10651373024071417	0.059299118936116134	0.04415256227236096	0.1241402928369891
0.028100549919962636	0.04219885784842661	0.14728507863400436	0.15060337421014278	0.08674397845106288	0.20004318103231677	0.11009696660648169	0.06859007820252608	0.04384110907511987	0.12249682601995639
0.028061958305166987	0.04332984807873308	0.08047627380627513	0.20149930993744006	0.08536367479923944	0.20824308543341744	0.1034352110403907	0.07137592335578546	0.042295908002187674	0.13591880724136407
0.027995577034378494	0.04285643777453449	0.12375726767761924	0.15701805524398732	0.0911773839073789	0.23140122673941693	0.10885934220821575	0.06142123208298492	0.04422931256185881	0.11128416476962517
0.03650206380514294	0.04055048606103303	0.12200856527813865	0.18211375301476984	0.07909199046837238	0.20274675873485937	0.10710084080824231	0.06145664636264626	0.0427706726697867	0.1256582227970085
0.023940090105935022	0.04321530834031947	0.10594245960200294	0.1608006867059235	0.08864284577079624	0.24570944150547186	0.1019542544487869	0.06100067527242412	0.04204459172200411	0.12674964652633586
0.03702665196205854	0.041925694484263226	0.054615041433323824	0.18890638484759914	0.08510430543701704	0.2375215642209043	0.10131665337538594	0.0659914604554686	0.04316973184003575	0.14442251194394362
0.029750002479266763	0.0408359074293221	0.057975618067692795	0.17221108241737643	0.09649787574524601	0.2363274534906768	0.11229623598158728	0.07085189669584885	0.04309506731231556	0.14015886038066738
0.02971586868578774	0.04316052060732291	0.08569861319275278	0.17675887268418536	0.08179238153468002	0.2370392254042349	0.10918974222761171	0.06661887471532091	0.03841221895961593	0.13161368198848783
0.020989166662333816	0.0386846786324468	0.14635565227792413	0.1784184951812649	0.08080068790808778	0.21349850303298817	0.1013028215324203	0.061145053850548914	0.042122352694682536	0.11668258822730265
0.036628490258839685	0.0392330126307956	0.11416762604633102	0.16522512409296736	0.1027392145759412	0.21185945587149846	0.101757330818504	0.06690160951893084	0.03923545529223683	0.122252680893955
0.02444500602183937	0.03944253811511551	0.1099163426633274	0.17701731038847762	0.08428323911576444	0.23048324700202732	0.10810867198943043	0.07049379361625344	0.041468965284786996	0.11434088580297748
0.02809725269580375	0.04470557659944562	0.10642287478722522	0.19196217415633154	0.07957686124734074	0.21445475808155623	0.10765856030855847	0.05849364604803128	0.042918630429237346	0.12570966564646982
0.03326066045017122	0.04313718271733029	0.08758896506888841	0.19380587897229012	0.07879062279869209	0.2491069216597283	0.10403623888294904	0.05604572581802424	0.03833122831393322	0.11589657531799308
0.025315847154823407	0.044549759606969525	0.07587017138097074	0.16904899615750502	0.07874439622319551	0.24347564842044211	0.10900120118757788	0.06619709282616495	0.04273578527544556	0.1450611017669053
0.028843547035064476	0.04028114191977897	0.10796470484902776	0.18704386075770726	0.07652283662877304	0.2127665242087195	0.11213470277307037	0.05958841504781561	0.04072516998582137	0.1341290967942216
0.024914713494380056	0.04115455486177227	0.13820855665378418	0.15131699636641283	0.09007266370343979	0.214953314792604	0.10785969604641171	0.07173748236100311	0.040890693177663834	0.11889132854252829
0.02288918008245197	0.04332358827220582	0.10077630091359088	0.17937386806723693	0.09818287405327043	0.21012829205416245	0.10831326966497279	0.06722222802902142	0.03706187144874454	0.13272852741434282
0.031678124902829174	0.04096942354080567	0.06433175365929131	0.1869489280929002	0.10284859984078838	0.23414319804835676	0.11210805292536999	0.0593790525220214	0.03725285762383143	0.13034000884380575
0.03721596420673838	0.04562477604899352	0.08902295716604719	0.16107961194923515	0.09548376513995238	0.20958123374549398	0.11097115588076945	0.06736812531128755	0.03946466085121192	0.1441877497002705
0.029355357471965215	0.04450158137630664	0.11006491027235454	0.1872156816947618	0.0911559973158888	0.2154469026116063	0.11042355553592577	0.056056420710711555	0.04397179315365829	0.11180779985682113
0.025179012731846626	0.044112105057362974	0.11209118463293444	0.1592639938675676	0.0787007732863067	0.23551862278229624	0.10306048086901914	0.06025722376368992	0.04270484317198537	0.13911175983699103
0.023340833961473947	0.03990651547353708	0.12748714014565088	0.1633251126028505	0.08930729260526077	0.2208412538299923	0.10960958421475658	0.06923768633273267	0.044395144534684336	0.1125494362990609
0.030402422070498133	0.04040511185569972	0.10807970672475244	0.15771443836886087	0.09631101970872233	0.23849140932981094	0.10659813714428604	0.0656502047410445	0.03737949674015238	0.11896805331617266
0.035217372841817585	0.04573247300560017	0.05704990045302572	0.19200898780839665	0.09217837211011418	0.24332319842297295	0.10556127796572215	0.06238896390766835	0.04154734081016984	0.12499211267451238
0.03308642460562325	0.04063914568956488	0.08967176000089916	0.14957099724805767	0.08108924520439893	0.2377071619539758	0.1124501269389221	0.07056787898498829	0.04039863228140671	0.1448186270921632
0.03426108352306789	0.039830262492477654	0.09948214537923163	0.19286238933796696	0.08895535302997208	0.21859924912550782	0.11007843194600976	0.05752845398273774	0.04393734150238135	0.11446528968064718
0.022184123141345227	0.0430669869392208	0.11164340954781586	0.16855074180856572	0.08775582902695302	0.2314931603221128	0.10629159228982954	0.06495492506289305	0.0408761279082547	0.12318310395300934
0.030927545206945475	0.045292318448019	0.10774815304796338	0.17275610203353559	0.08012111850962589	0.2214833077754903	0.11165121790740114	0.06298854837023207	0.04034930316557046	0.1266823855352167
0.02406517696350964	0.04510108825357793	0.11626341579516827	0.16384732350928152	0.07689779868004618	0.24234185001217384	0.11019367385773415	0.06969468589268449	0.04309535382588409	0.10849963320993992
0.03624631171353791	0.03927598702416786	0.10472814062912096	0.19115128645152313	0.08949110695731352	0.21384847560832504	0.10149560995737558	0.06224824711367527	0.03833209575637565	0.12318273878858509
0.03407546208907658	0.04514112416766966	0.13347896610596546	0.1627594559910419	0.07665690029827002	0.23240254591600729	0.10597440715922353	0.058708068877617293	0.037556761410495416	0.11324630798463288
0.020898968484370464	0.04180263595997242	0.07529615491067079	0.1955423470008671	0.08702702513666416	0.2323807558427104	0.10874461771999332	0.05758058868895512	0.03895172563450541	0.14177518062129085
0.021711277213772445	0.04401658017568294	0.12939740076222844	0.16644170381806847	0.09721249209629819	0.21046036302965565	0.10224678344993984	0.05916388910440723	0.043394371793238046	0.12595513855670878
0.03344595346315381	0.041960680918296245	0.06182146593347093	0.19898064701611076	0.08909968065490376	0.24651537189531103	0.11008753744696773	0.06456380963702989	0.039371018553720966	0.11415383448103492
0.03530988239449177	0.04236576818986693	0.05746373202637734	0.18042780455394092	0.09942368391063296	0.24176245280678538	0.10570594867159165	0.06114436860031979	0.04170192045893709	0.1346944383870562
0.025449364689304962	0.04473202960768116	0.1259599820430266	0.1528332987687523	0.09927177632377841	0.21337560026341357	0.10099167892875942	0.057994592348334054	0.043219507464523396	0.13617216956242614
0.02653966402629057	0.03882087303809723	0.08235456592845675	0.18756314028021903	0.09627503322781497	0.23831264104329802	0.10918380232310367	0.06250922610990955	0.04391238808191511	0.1145286659408951
0.03225510344868322	0.04312851327164349	0.13554493242663074	0.1598906553679551	0.08559540001947138	0.20979409106605507	0.10314280218364427	0.05340958598830235	0.04307287122532366	0.13416604500229073
0.03078131957342896	0.04104642029883587	0.0929277065969112	0.1999844831835601	0.0818200479355792	0.2206888721820856	0.10346498434362757	0.07035965330145076	0.0423954916574911	0.11653102092702966
0.020252163881262955	0.03912500755425208	0.07530135561249364	0.1862342829166337	0.09662012688008785	0.24940190691747155	0.1114225440788261	0.060682951928864644	0.037753399126064506	0.12320626110404306
0.02940778820682144	0.043246091182674265	0.1046506533079932	0.16323002159682348	0.09809927605078872	0.23612644423800122	0.10985028699388248	0.06075466720590016	0.03809023867331464	0.1165445325438004
0.02531956883075262	0.04338398400024721	0.1396074502554879	0.14962990050155647	0.08417095268813653	0.2371367321020944	0.10572548405981827	0.05582953908522267	0.03846300227832838	0.12073338619835557
0.02421052584976767	0.03868843299592164	0.1399305319358087	0.16957415685930044	0.08149053802525323	0.2197044663308535	0.10141569509190469	0.06613620401727313	0.043098593379444224	0.11575085551447283
0.02413402627014241	0.04553716917539347	0.11513558993696073	0.18319517952617376	0.09160681892680353	0.2009133248704837	0.10557631677830304	0.06462898196828076	0.0426971506401927	0.12657544190726594
0.03382168297422611	0.04039499656188986	0.15240749271915788	0.15688755229271079	0.07757345413952353	0.2026197596320935	0.10378004126924568	0.056978512123035785	0.03971554002409414	0.13582096826402273
0.03089349391267257	0.03896742689377806	0.1352668614889527	0.15263840108558624	0.10291754925878098	0.20263972555688942	0.10339704834734613	0.05345505257014941	0.04158358534166132	0.13824085554418317
0.020920376028243398	0.043908118889788746	0.13542019842468303	0.15822425427788692	0.10331617989064257	0.2232996798937266	0.10663588472528614	0.056631699305203106	0.04265330281939067	0.10899030574514884
0.025098816088112014	0.039935880503332154	0.11357795010927554	0.17711729694877015	0.10491589976197957	0.2326434960131577	0.10378180257606634	0.053634690133904046	0.0424206900147016	0.10687347785070087
0.029122290002356332	0.04385254811535345	0.060129720020765914	0.19949622542627737	0.1022816029268879	0.21565167488797898	0.1065207461406615	0.06899061508864712	0.04316944641150654	0.13078513097956496
0.026210467225729492	0.03919996020435352	0.08103318676368047	0.1866656372073579	0.08300986291854955	0.2264569209979307	0.10827004109687667	0.07188967518166506	0.04420335533636963	0.13306089306748708
0.0286901281406286	0.03966679579185594	0.0584193750693793	0.20011225558089774	0.09946703446114312	0.23574770940267564	0.110406647819519	0.07055661371018962	0.04377951920518528	0.11315392081852581
0.023451051516973534	0.03993202925738978	0.0842184775553169	0.17428363208408654	0.08337661693252806	0.24952711586852427	0.11169852765005753	0.06097553393998004	0.040518297704880475	0.1320187174902629
0.024401389686502295	0.04049547340936294	0.0964931946286708	0.17596905481380404	0.08301943100177497	0.2483780364453561	0.10165682775626901	0.058593537410308455	0.040384611583301915	0.1306084432646494
0.023047712724544048	0.044454444246924234	0.08183096601045389	0.19728212441685197	0.07938682213134678	0.22569615096157747	0.10823403506361526	0.05796830500942871	0.04389527137419912	0.13820416806105856
0.03090888085198211	0.04383250625275791	0.10851885287786721	0.18866815156803923	0.08710293688287492	0.21964042592830735	0.107684668905103	0.05380545722375285	0.042950181312228615	0.11688793819708679
0.027407334045274054	0.04022539380622354	0.0994889468892726	0.17496288523637216	0.10340058560379434	0.20511523740503196	0.1097895520536222	0.0531856071354057	0.044068928110501275	0.1423555297145022
0.020409211792038195	0.041746860835942465	0.1238910705911249	0.16589756800792585	0.09425062335929987	0.21487021430478126	0.1030816175878324	0.07079958385809715	0.04132944689485245	0.12372380276810552
0.025248129501722477	0.04375959765988184	0.12260490880277113	0.17031345462284325	0.09279602289251276	0.22220666434290737	0.10536609617645087	0.05688240399139671	0.04166607464864392	0.11915664736086971
0.03343868892936214	0.045145549359992695	0.11739122348568445	0.16899330656793865	0.09435849234567052	0.2143220766686945	0.10901744156180239	0.0643666550225975	0.043642869065164194	0.10932369699309294
0.02167355752800945	0.03969483887339073	0.08967515887240643	0.18559528674625864	0.0946482819943763	0.22183890961830055	0.10309731490789152	0.06007083422869626	0.043157744440041286	0.14054807279062886
0.0365927215944785	0.04187093435939931	0.08083996025139317	0.16376964371283634	0.08571744970123582	0.24231403338324947	0.11182979771620798	0.07038658338685955	0.03949000473459705	0.1271888711597428
0.029966074859395023	0.04031289995065883	0.09265384342955464	0.18451270060556071	0.10458906815422658	0.2374989880086888	0.10512903478342682	0.054866373259878615	0.04178585305451896	0.10868516389409108
0.03210712604319858	0.043973364663974494	0.0861378794670027	0.17568183603833792	0.09491369305178306	0.2275239952497286	0.10238091408093238	0.055648426920068834	0.043252576440900796	0.13838018804407265
0.03712706593515204	0.045894119096869516	0.1114708859505645	0.16008657379329305	0.08603451120235006	0.2164831260859256	0.10688562895229939	0.06508715977709174	0.04243484313360516	0.128496086072849
0.03675318997226451	0.0431763289569456	0.13592432450004607	0.1675812933285755	0.10199228643664741	0.20875361522314223	0.10095545322432058	0.05889924107354669	0.03839335955803905	0.10757090772647233
0.03629936197553062	0.0446783028115917	0.1339378645805845	0.1759370259780487	0.07698557845487673	0.20878219759409838	0.10399143237019744	0.06286871262649349	0.03764384279909602	0.11887568080948244
0.03560616586078057	0.04166394756829763	0.10557356236463736	0.19171513257692116	0.07706615366856327	0.21449472084067958	0.10139739608842689	0.0579721879526425	0.03892768684671243	0.13558304623233863
0.027141526653739992	0.041952249424300876	0.1055604304441215	0.15162491956134178	0.09613608399924789	0.24183562502756828	0.10437841877236272	0.057076999552746886	0.03832516334876359	0.13596858321580646
0.02114959580027735	0.040937040946159194	0.15485516247949577	0.1601814114366028	0.08708140852710862	0.20261004155658585	0.10373624105109643	0.05350760536921118	0.04443281849476161	0.13150867433870117
0.03242173744194915	0.03953971736316371	0.12403257404443023	0.18758196055099308	0.08039139994130387	0.21442838585282273	0.10956972767591087	0.05513104527679084	0.04343009464278874	0.11347335720984678
0.03168301231481402	0.04563062825420059	0.07459163835056237	0.1818237997255489	0.1031919985675931	0.21812420236461216	0.10449277336926073	0.06235811940470438	0.04064092449645794	0.13746290315224582
0.03340361429837309	0.04011431889511268	0.06187375341878191	0.17031473725848004	0.10342047962572566	0.24382354505766168	0.1068279017779152	0.06741131212650195	0.039500428352582426	0.13330990918886537
0.029971582885760836	0.04098874202693668	0.1315734841889205	0.14825525720103452	0.08060184875311525	0.24262681673196157	0.10255800676176427	0.05420315412330616	0.042424687640221566	0.1267964196869787
0.03512548191615615	0.04077068196805729	0.1024634219711755	0.19909035070618342	0.08703977584902464	0.20938852697689647	0.10830615279801797	0.06107045215821954	0.03964306624286797	0.11710208941340108
0.02816981739041867	0.04344670158703692	0.08268980303136685	0.17274271026432325	0.09892079471255924	0.23251711650922435	0.10837523339337804	0.0598599994685919	0.04013200790026524	0.1331458157428356
0.02265401476471672	0.04441863568147399	0.12254902205794829	0.15711183509117393	0.08085924718884926	0.22014420615485264	0.10401987417466768	0.06906047576996059	0.03962587865169802	0.13955681046465887
0.02132706844400524	0.03958720940100748	0.1443806674047966	0.1622809426188872	0.08519294988631962	0.22605200832490696	0.11090262126333326	0.05696425191624428	0.03966561515835623	0.11364666558214317
0.027141512699894885	0.041327485941529234	0.10276039030592518	0.16620028539514337	0.10348892508948662	0.24071717171857998	0.1085971131927343	0.057936150239091495	0.04130660604030352	0.11052435937731142
0.035842910066633704	0.04351699710549652	0.11630642654949262	0.15894991498960898	0.08308778831700828	0.22359295879254065	0.11235054854714464	0.0571470703796325	0.039401942118409264	0.1298034431340329
0.022487369354912745	0.039189770993987585	0.14086631938225924	0.1608934013832452	0.08022568358430483	0.21388289565941915	0.11064907812248058	0.05431238011781142	0.04073646350912666	0.13675663789245263
0.024048518434165153	0.04186583550790014	0.11132470507908925	0.14634555378690234	0.1019706957970612	0.23239746684280255	0.1102078457498124	0.05829124130479222	0.042774098982279914	0.1307740385151949
0.023986034516036744	0.04320609494632799	0.09407020114808248	0.18440961200400213	0.08658700730477357	0.22674086249979403	0.11123875161983543	0.05524971850118151	0.039721597903139914	0.13479011955682618
0.023996982432932065	0.04248754925942755	0.08481890251667318	0.19514456742477757	0.10101435007498276	0.22853580627987713	0.10399361354600814	0.06186042625036454	0.03854055665803103	0.11960724555692608
0.023730201155544528	0.041982320947772746	0.12746919681886126	0.15901262062152352	0.086134630665439	0.21264589753999835	0.10956992744855748	0.0711145306861607	0.044023066714008165	0.12431760740213431
0.03581526926721654	0.04017692567353093	0.09482218908632192	0.1559005253444812	0.08538708381018822	0.24619447292371183	0.10370677728861591	0.05799858053347652	0.03697972450138834	0.1430184515710686
0.033636148961683	0.04024645984412844	0.1319675722069106	0.16834133433770115	0.09832074808530192	0.20943995301905108	0.10171419494896633	0.05460787861383398	0.04423611011640155	0.11748959986602198
0.02326709838638974	0.042835307231037685	0.1206009174395361	0.14704317837966224	0.08401219174804343	0.2407093964528218	0.11169279288364567	0.07165057882058126	0.04084512429456832	0.11734341436371373
0.030416407847314766	0.04591477423572884	0.1356690040423913	0.14836702752734432	0.09725874532706592	0.2002757569646652	0.10356542665874768	0.061581763038974176	0.03695171470974533	0.1399993796480225
0.030973611473982837	0.04559664695752552	0.07723188983411769	0.1847179960273387	0.09516471869410312	0.23420157629363608	0.1017197978287419	0.06608620860112721	0.03994369765206867	0.12436385663735826
0.02733508531290374	0.04250268813282135	0.11637816669118334	0.1565225415676067	0.09865125746445107	0.20476021851328363	0.1098173622717554	0.06560530472313478	0.03877532644562985	0.13965204887723015
0.02062147421511623	0.04216734120670623	0.12523231910876664	0.19375551847074363	0.08573879189560156	0.2106188400717997	0.10116243231700246	0.0573873716583196	0.0396432753481801	0.12367263570776382
0.020946607181397264	0.03901414378167622	0.1358521315102227	0.1777969305978593	0.07973058131937696	0.22407940636912102	0.11080263787153105	0.06139626561693622	0.038132942592559116	0.11224835315932016
0.02128843861699921	0.03879120248929657	0.09684205573666496	0.1892787693050365	0.0822752649348047	0.22209990735386556	0.11183034976305196	0.05812644136920406	0.038330148999275615	0.14113742143180086
0.022448002375342488	0.04568405404790974	0.1372419744866346	0.16528625138621192	0.0922600902341457	0.20623797371388355	0.10280592789716607	0.06957718093304725	0.0384413080628612	0.12001723686279743
0.03749553338979458	0.0398302992024993	0.104368347161463	0.14768193932225154	0.08031501472270593	0.23603799422473276	0.10998228294101083	0.06524486449241791	0.04265259518189199	0.13639112936123216
0.034469218902535834	0.04308157041491531	0.15015739362720226	0.1529096818618347	0.0763116614512547	0.20418064106375103	0.11009628737775064	0.07054741726879513	0.04272880626493121	0.11551732176702922
0.02102462956065422	0.044991722257574224	0.1411633419026042	0.16394370971773625	0.07700885635442184	0.23577373549408798	0.10392060710986996	0.059261628651695784	0.039688774361479995	0.11322299458987559
0.03463847345702707	0.04455213526299231	0.0681284391372433	0.19315758761321672	0.09320613727442682	0.24340058506477308	0.10488596251851348	0.060632232178334654	0.03879316981803259	0.11860527767543998
0.028397458575227075	0.03925264184892238	0.08343291588884122	0.1775079827277382	0.10347758755950914	0.21375302674604812	0.11172897524768126	0.06673126658322512	0.043208009549820535	0.132510135272987
0.03008143647159879	0.039424890959176645	0.11972167012078955	0.1628391187152759	0.09727085010887289	0.20580602967917838	0.10699282213298998	0.0646115128228279	0.039575659759494536	0.13367600922979547
0.026833620153353124	0.04372685116346183	0.11491804947156559	0.19458746612251504	0.08956185669035009	0.20661711674441396	0.11177484170545733	0.05548630329914346	0.04371321384324812	0.11278068080649144
0.02162646601733187	0.03961963707667051	0.0648759998735717	0.19829688823934127	0.09193291484923219	0.237899689965061	0.10423881278594435	0.06181178437159538	0.04335813882254004	0.13633966799871172
0.029294400002826446	0.0425689736319968	0.07353604571852607	0.19794706559202263	0.09032441793565456	0.2287825703015734	0.10084284161935073	0.057374516231908916	0.042284680795756625	0.1370444881703838
0.03110690636454906	0.04364848965724787	0.12794420749999602	0.1454011456691781	0.0855905563082819	0.23426780759692123	0.112208360317989	0.06601558038502192	0.03938382054433742	0.11443312565647748
0.026071417911772782	0.04096207955691082	0.14401488425609132	0.1626493273929334	0.08481052411202271	0.20245883734609388	0.10085275237729031	0.05946779939015507	0.04270381870339305	0.13600855895333663
0.02219833798927104	0.04485618429809898	0.1215911474978911	0.16727891596035488	0.08040696662282033	0.23023803599618958	0.10335795293621848	0.06664983235706484	0.037670175213594365	0.1257524511284964
0.024390029517925446	0.04145387215951556	0.11206000219608118	0.1541499056133259	0.10343657407220382	0.2351390440568073	0.10145972749401207	0.07062006916555394	0.037798766456302355	0.11949200926827247
0.033051382904526846	0.04259028791698418	0.1180310788441941	0.1452730112694529	0.09453855937889669	0.22472000320035138	0.10446352058154366	0.06165372937550194	0.04178348474859938	0.13389494177994893
0.03548605947759101	0.04262021971384293	0.052343509559482394	0.1916961008937428	0.10345173793218401	0.24750258082268672	0.10530992781650339	0.0568036160338839	0.041588789780743145	0.12319745796933967
0.028231127592352606	0.04402473713990963	0.11238528057473847	0.18574555454895192	0.0951535326978665	0.22083333215642392	0.10548933061905497	0.057904883700778446	0.042402255138216154	0.10782996583170737
0.021289890549900034	0.04301858083887986	0.11350743461021875	0.15718066183216586	0.10093958182052488	0.22230408579975255	0.10420505954916777	0.059396880751987395	0.04048819857334714	0.13766962567405583
0.02919750914603013	0.042247638159044615	0.10048737365826622	0.19418006036148372	0.08215774574414561	0.22778781827970762	0.10438616216003707	0.05371192096129209	0.04127888676867159	0.12456488476132133
0.020834280469243252	0.044783217651418905	0.13368249762221215	0.16582477012248698	0.0786960436912159	0.2110813619392629	0.10608889882434129	0.06005224884500475	0.03845892237654745	0.14049775845826643
0.03297686601735912	0.04460504364938974	0.14632950522837368	0.16239726435830837	0.08329086094170701	0.21472380075205472	0.10199872565671353	0.05618190044221571	0.03961550183713183	0.11788053111674628
0.02975530713464533	0.04346876737153337	0.09689558991528041	0.1985101278997561	0.10270021854342211	0.20097819164316028	0.10384456639772048	0.0690020328926168	0.043365961652612	0.11147923654925312
0.03314578656635572	0.041251609899265726	0.11655654576057035	0.16029808921110247	0.10231706109134234	0.2297777548922607	0.10730345036719856	0.06051794451572744	0.04118346453993618	0.10764829315624051
0.034684887068729006	0.04305879402375399	0.09649381190251642	0.14628818798249033	0.08929136563210507	0.24705077119805863	0.11087282218390458	0.05731633330155136	0.03777462826724204	0.1371683984396486
0.026161517542309623	0.04107671336227934	0.08792818183428115	0.17767386668642726	0.0816924537612119	0.24318887497467306	0.10245971814407384	0.06485569732006788	0.037743312756866605	0.1372196636178094
0.028654763620901955	0.044886226121053446	0.08227292805830931	0.1791613558862596	0.10377378684215513	0.22566083368065204	0.10551379103991126	0.06244786905635887	0.04249155930203216	0.12513688639236625
0.03185259099444743	0.04427686607843081	0.11136421927014968	0.15044253813637354	0.08424270911386007	0.24648755799021604	0.10761655360042413	0.05693477505108601	0.04124799443680329	0.125534195328209
0.02369631242729088	0.04468409142645797	0.1146088923283817	0.18103528218288148	0.10049531035225591	0.2112120362793375	0.10798777382635169	0.05516577293993887	0.04114823960713376	0.11996628862997027
0.02151978783835301	0.04276042205850991	0.14330392821065635	0.15609587159350996	0.09991574357771776	0.20706697453087713	0.11197236913500269	0.05647036162209711	0.04093160123469332	0.11996294019858283
0.023767350437470317	0.03959169421165311	0.1361181839120062	0.1446843625300528	0.07680812309962919	0.23372954189954304	0.10365005968106362	0.06991779028602661	0.04152057382923687	0.1302123201133183
0.03468856164992855	0.04546846249417297	0.07514506795981421	0.19892852586329382	0.09198166147439163	0.2145270207887079	0.10332886873321744	0.06559583360919352	0.037679677941376444	0.13265631948590353
0.022573327283082728	0.04026152243665082	0.1189191954450654	0.18188362145963438	0.09681974674190622	0.21515258761218975	0.105678320325982	0.06257318350066698	0.040174531956342414	0.11596396323847927
0.03561407560429743	0.042480818910836535	0.08998357130602928	0.1710039124422702	0.07690844042853662	0.2426240378690312	0.10362385480725536	0.07157563027647607	0.0395030051477789	0.1266826532074884
0.03390398262213745	0.039770032092192854	0.08529871634377126	0.19892462873250755	0.08317502769070174	0.23846018446813005	0.11108036832650374	0.056492332933639	0.039820781498461404	0.11307394529195494
0.021981802576151524	0.04133058540965677	0.06242279853725806	0.192864303840366	0.07811753092243008	0.24629388015287512	0.11078762949489143	0.06376478336089322	0.03732905370555961	0.14510763199991816
0.0234675345885942	0.03886724637800395	0.13805771466597744	0.18111244197706686	0.07985005291159933	0.2126812811563938	0.10883110124332179	0.060516407654728814	0.03850309781355381	0.11811312161076006
0.03268903848323425	0.041707330415144676	0.08426411385273887	0.1995875000731126	0.08608500492248929	0.21097335573520565	0.1067807699367939	0.07134892594740269	0.04248166141412473	0.12408229921975336
0.03172131127114626	0.042838505435331624	0.08201746644888755	0.16999366148088663	0.10214055520549843	0.250130433402435	0.10789180238218753	0.05554001819469148	0.03824413573299906	0.1194821104459364
0.03179292393663061	0.04160980433563737	0.10936273062784412	0.16045854599856396	0.08412953482142191	0.236970941009163	0.10451342432475144	0.061012012855225964	0.04390593753696898	0.12624414455379263
0.03262407078690163	0.04491515509392453	0.09146112539308858	0.17968948728696787	0.07710463481006191	0.2111916404908944	0.10440732261800603	0.06986861460587547	0.043203694940752144	0.14553425397352743
0.03306531044535364	0.04282333222054357	0.05418970398882147	0.19435186154909842	0.0888540554471499	0.23117473515866266	0.10700506482712953	0.0670030153395873	0.04286399335630959	0.13866892766734396
0.02545406605129158	0.04501656466147926	0.08947258935474535	0.20258936461832752	0.09495298937909787	0.20880757632082175	0.10328912945691038	0.06277669986552281	0.03882386446881884	0.1288171558229847
0.03581705323612261	0.04078521311931385	0.0548228156477291	0.1944962420804915	0.0912404797524533	0.23066742688999814	0.11193889019910147	0.05828070947583704	0.041397337403913215	0.1405538321950398
0.02189723585613998	0.04411526655487685	0.11679283496094511	0.19111442522290062	0.08810658110805016	0.21686321718950186	0.11192642114954797	0.05833975396049982	0.0416845004272348	0.10915976357030283
0.028737276388978814	0.04383454156826682	0.12587034577998138	0.15020539627639543	0.08666547563209856	0.22702398846005045	0.1105459753409563	0.06713422108328837	0.039076537667594405	0.12090624180238949
0.0229582505012495	0.042415539693418394	0.1041808874562844	0.17935976783042762	0.08601005704493733	0.2372995985299703	0.10453962727347939	0.05313464214699116	0.04034094224188725	0.1297606872813547
0.03060341352676657	0.04010154855479428	0.08999192201356324	0.15667230705823912	0.08670798600857793	0.2479590048568342	0.10511609280163453	0.06219636738585139	0.04279291210951743	0.1378584456842213
0.027163900350180598	0.04555123203618689	0.12683686379481285	0.163254146794451	0.09354798784994184	0.20936350773268014	0.10335673209962686	0.0708538072876615	0.03981694139714668	0.12025488065731163
0.03180125037456656	0.04570135148292995	0.09721775807975847	0.14501430227167783	0.10354245796236637	0.2120485315511385	0.10509603481512869	0.06976331306194228	0.044142481062489726	0.14567251933800163
0.036120724182487726	0.04073129159597381	0.06934230982528715	0.15922640013717476	0.09719134676117287	0.2409928310449586	0.11215432393331126	0.05956626012824889	0.04045200983849956	0.14422250255288538
0.02022945660632401	0.04587552535182205	0.09090292516483148	0.18531462414652433	0.08918576478499629	0.246513716180924	0.1110293534912774	0.05681589963573973	0.04291174043512598	0.11122099420243482
0.021945273206213714	0.03921194635758441	0.12458225282192359	0.14815649597910158	0.08506122036027142	0.2203690875595964	0.10348337546609206	0.07051939587975682	0.04373816716693537	0.14293278520252473
0.02076819716103491	0.041716503501494445	0.12392907466897256	0.17681506498754673	0.09078451553465389	0.21499899072399564	0.10566573451829243	0.06921503523494967	0.04033482218839912	0.11577206148066059
