0.45324838527236994	0.39203509030097594	0.15471652442665423
0.3012921704098193	0.34958884778092675	0.34911898180925405
0.3401589759395463	0.5071802413652852	0.15266078269516867
0.12637913508013615	0.3691064469294844	0.5045144179903795
0.2136146416922303	0.1913277669645122	0.5950575913432576
0.185010919369966	0.3250045832091027	0.4899844974209314
0.2614325272313857	0.2002538046504615	0.538313668118153
0.4468913007754245	0.41073941573158446	0.14236928349299108
0.18131721340144347	0.21597273287025381	0.6027100537283029
0.308226973276255	0.4396779939757603	0.25209503274798484
0.42073432099907593	0.3456754155634637	0.23359026343746048
0.44015797820801583	0.46771280868246085	0.0921292131095234
0.2213888294770604	0.38401217523436365	0.3945989952885761
0.2119085562700165	0.3278685164781902	0.4602229272517934
0.24333022465403403	0.4078935630388811	0.348776212307085
0.11375512835055107	0.4774114376517274	0.40883343399772165
0.43630346972483325	0.356982694348079	0.20671383592708786
0.3588698727311439	0.13120647571029787	0.5099236515585583
0.35396313191701617	0.1926006642923834	0.45343620379060057
0.24331214364697495	0.3617417966989	0.39494605965412516
0.2644822012830985	0.3948262276632943	0.3406915710536073
0.34737447950546996	0.31326064431514816	0.339364876179382
0.24356357320574423	0.4322432493731837	0.3241931774210722
0.3350037108123577	0.17607283919453173	0.48892344999311066
0.2927661168345077	0.35349163085645685	0.35374225230903555
0.34581715853136047	0.2564734746990329	0.3977093667696068
0.18160194218105266	0.4902055825366096	0.32819247528233786
0.28031613947634226	0.3911216109869984	0.3285622495366594
0.14877245713408999	0.18977538322543644	0.6614521596404737
0.14220830651839494	0.23198598683264587	0.6258057066489593
0.3762275028114597	0.44164837732013207	0.18212411986840832
0.15442235024281997	0.20642319320800212	0.639154456549178
0.35468273384821214	0.12889193959098053	0.5164253265608074
0.45049496188479543	0.1958560972787963	0.3536489408364084
0.2142453488288937	0.40212002395662866	0.3836346272144778
0.24774691358735995	0.45639758327475655	0.29585550313788356
0.16285922595302083	0.1789002625205199	0.6582405115264593
0.37452391447241196	0.32221491605901115	0.303261169468577
0.2689034225402297	0.5096918903240788	0.22140468713569159
0.3353649650119373	0.3395805368265701	0.32505449816149273
0.35860935536767735	0.491970155819159	0.14942048881316378
0.41565249404493176	0.2131929584479824	0.371154547507086
0.3786294992633005	0.32559266589182445	0.2957778348448752
0.22424732290870036	0.3893836111119668	0.38636906597933296
0.1869706638956629	0.4686956238987714	0.34433371220556586
0.24402741769147435	0.3520971916659543	0.40387539064257144
0.159676690471643	0.46870471181951845	0.37161859770883865
0.24070784771148188	0.31960413341852684	0.4396880188699914
0.4041256117481372	0.192652008171881	0.40322238007998185
0.28346930779211726	0.21460487157514235	0.5019258206327405
0.4076066793722179	0.4436590926976838	0.14873422793009838
0.1445043868700596	0.2164058310188814	0.639089782111059
0.13834682156592776	0.41243402325973727	0.4492191551743351
0.2463906164426024	0.5020088473109099	0.2516005362464878
0.336479955520461	0.49188159157128863	0.17163845290825047
0.3764493962683989	0.30058834077321966	0.32296226295838154
0.42957539847652726	0.20226410084692809	0.36816050067654477
0.35451050904304315	0.20711775821754955	0.4383717327394074
0.20117915250767468	0.2008170082450838	0.5980038392472417
0.19727613174812758	0.23885785017035127	0.5638660180815213
0.380866073421015	0.20558991206609314	0.413544014512892
0.37575423616374753	0.460643782030409	0.16360198180584357
0.45507940692907944	0.4459574291735269	0.09896316389739382
0.3003016180830253	0.32947315402241306	0.3702252278945617
0.39930808915752525	0.36530304561157334	0.23538886523090158
0.35455654596193487	0.4772152056224172	0.16822824841564804
0.26271640420465897	0.26472122075893856	0.4725623750364025
0.31329353664585985	0.21482448724000022	0.47188197611414007
0.11920633201381375	0.24310475086664785	0.6376889171195385
0.2441512950253445	0.43220709628636145	0.32364160868829417
0.12832796192612325	0.3878781206790113	0.48379391739486555
0.23443441919740846	0.21315561760027904	0.5524099632023126
0.19540526595138313	0.24782885433847768	0.5567658797101394
0.14240129295437667	0.15697206303345002	0.7006266440121734
0.16657467223740657	0.2851753531208731	0.5482499746417204
0.17196041806529339	0.4620432439810794	0.36599633795362735
0.15130093163777905	0.1793594574643964	0.6693396108978247
0.353994359148383	0.3919057428905065	0.2540998979611106
0.19003157961258868	0.27039860771258245	0.539569812674829
0.40804736288871796	0.2096506734043087	0.38230196370697345
0.4522152206334401	0.3189757040746379	0.22880907529192213
0.2089440084409186	0.30744517579187275	0.48361081576720877
0.1918726348130747	0.18764718138009973	0.6204801838068257
0.1355350313531521	0.2021413192951411	0.662323649351707
0.2492042088886786	0.4519022919354283	0.2988934991758932
0.30503990997638625	0.40685592056228903	0.28810416946132483
0.12757597459090425	0.4637307377431337	0.40869328766596213
0.1709484811140616	0.1553332343231227	0.6737182845628158
0.19926886064608781	0.2626434384800831	0.5380877008738292
0.3272005887604107	0.1870057545433771	0.48579365669621233
0.25924981489074694	0.3481206217740792	0.39262956333517396
0.18877065568362736	0.4819338062531705	0.3292955380632023
0.3060526267105164	0.18737032815757296	0.5065770451319107
0.13231961110360232	0.3877477417557401	0.47993264714065775
0.2844475812816133	0.38442888988208535	0.3311235288363014
0.44614909388392876	0.2907017705267807	0.26314913558929065
0.28256286733234787	0.4097398620414727	0.30769727062617946
0.452366794545063	0.5135847081118351	0.034048497343102
0.26365549433761076	0.4302843862595947	0.30606011940279465
0.3715202308994937	0.44844967820976156	0.18003009089074481
0.444861176883623	0.5081192754000357	0.047019547716341425
0.25355371108534014	0.18323599882172303	0.563210290092937
0.1166206271712229	0.34887271761646377	0.5345066552123134
0.4540871749625788	0.3059104882721401	0.24000233676528124
0.32732175267644803	0.35131044851422555	0.3213677988093266
0.17819837904109334	0.3427579105612216	0.4790437103976852
0.14188621455696282	0.220218544410277	0.6378952410327603
0.4144282772432727	0.23542093442361173	0.3501507883331157
0.39042816815193454	0.45390241684377863	0.15566941500428694
0.11097250419418603	0.4311080346122797	0.45791946119353444
0.37475394089784925	0.1844744569997882	0.44077160210236266
0.4372720202772306	0.47975336053418827	0.08297461918858123
0.4308080022182946	0.49574905906846223	0.07344293871324326
0.13018921094644978	0.17268997275590817	0.6971208162976421
0.30292186045016567	0.29641837157122664	0.4006597679786078
0.24634650585669082	0.1613458659893129	0.5923076281539964
0.14699549942756954	0.22986076559715013	0.6231437349752804
0.3702972625253266	0.27434570243548406	0.3553570350391894
0.20996507686651292	0.5155630798140305	0.2744718433194568
0.4160971179642182	0.14229836932727577	0.44160451270850615
0.3628899240572982	0.1520262016501394	0.4850838742925625
0.25768806547076867	0.49661064917603986	0.2457012853531916
0.41846805578692525	0.31307742529543964	0.2684545189176352
0.38255415497266665	0.408956883776601	0.2084889612507324
0.12051252611875996	0.3502456929479823	0.5292417809332579
0.3801090770674423	0.1327787658788773	0.4871121570536805
0.30937890440657756	0.2920346441331286	0.39858645146029403
0.25280609575750534	0.1457968868036761	0.6013970174388187
0.1382334030418138	0.43729819466405795	0.42446840229412836
0.22586134358954754	0.24358348553625808	0.5305551708741945
0.4542378557839506	0.22633880432323683	0.3194233398928127
0.12778442322692718	0.23579340024591017	0.6364221765271627
0.12670246365340726	0.5162238182928638	0.3570737180537291
0.24644402215124903	0.34011362771540476	0.4134423501333463
0.33275771334307847	0.16084803494167527	0.5063942517152464
0.1620355282163729	0.4439691172339143	0.3939953545497129
0.3028092989242422	0.23230183946790925	0.4648888616078487
0.4134585075366416	0.45608989591790716	0.13045159654545133
0.12096125845478423	0.5023959284529766	0.37664281309223924
0.4158362146908253	0.32796804930923645	0.2561957359999384
0.43158974860488053	0.42566235097701877	0.14274790041810087
0.29659696632186444	0.22581953076720385	0.4775835029109318
0.12320287018843978	0.19913873725823547	0.6776583925533248
0.13160941638063098	0.13700407575707085	0.7313865078622983
0.33738789076715847	0.4955450906817856	0.167067018551056
0.25351353606410354	0.4762316471799615	0.270254816755935
0.2536553347342314	0.4535012706263669	0.2928433946394018
0.11438188575986191	0.33465467089066325	0.550963443349475
0.34292495714556726	0.22250909971933955	0.43456594313509334
0.13498960712051927	0.5162360960080603	0.34877429687142053
0.22603444401983394	0.3502562980579516	0.42370925792221453
0.24112662358741632	0.45961414978674386	0.2992592266258399
0.3310879000948829	0.22962899875636356	0.43928310114875363
0.21221722222429396	0.17765494390607428	0.6101278338696319
0.30679310152910294	0.17867961324081	0.5145272852300872
0.1327614781381784	0.16458932759851774	0.702649194263304
0.34990665132934073	0.4351778870568739	0.21491546161378547
0.24894163399064867	0.40801259003080625	0.34304577597854524
0.3241951888054897	0.5099912996291561	0.16581351156535434
0.4149266602448718	0.3708835328286523	0.21418980692647602
0.1996593088811922	0.3510528625634008	0.4492878285554071
0.40689720624685116	0.5012956997902394	0.09180709396290965
0.3527792981923872	0.45500661089854794	0.19221409090906502
0.15806732409518143	0.1419627943585554	0.6999698815462634
0.26308821781753267	0.2110252008944735	0.5258865812879939
0.23959611560475633	0.2591885766944009	0.5012153077008429
0.11146942650806754	0.3584142219473384	0.5301163515445942
0.15484173439005336	0.5113708727276108	0.3337873928823359
0.4383683140349739	0.2288838002047598	0.33274788576026637
0.11797396531580687	0.23644953114464756	0.6455765035395458
0.428205711273129	0.13842165012895866	0.4333726385979125
0.178393159888307	0.25514613955944476	0.5664607005522484
0.25282911607172204	0.4006205131467004	0.34655037078157774
0.27326863007321256	0.39005917286175307	0.3366721970650345
0.2733954350861738	0.2688285960113916	0.45777596890243477
0.35994902350230934	0.3702361109010085	0.2698148655966823
0.1736381852976956	0.4133137039835899	0.4130481107187146
0.4321744199234287	0.5158529534915239	0.05197262658504742
0.3698445593721456	0.16999461489779433	0.4601608257300601
0.11805812562881468	0.4549523663778062	0.4269895079933792
0.2891320344022754	0.18559717042292823	0.5252707951747964
0.3064818653856036	0.416794511580287	0.27672362303410947
0.17851779128669973	0.2508373233754505	0.5706448853378498
0.4393584983054729	0.29456107851927626	0.26608042317525094
0.42230439451286406	0.41460747715910795	0.1630881283280281
0.3527740520562709	0.3108547377709501	0.33637121017277916
0.1560189870477821	0.4632922619303149	0.3806887510219031
0.423320642279415	0.24987482330817434	0.32680453441241075
0.43175758509800466	0.32747318888766014	0.24076922601433526
0.11469209332651761	0.3454813885496848	0.5398265181237978
0.19326256035234868	0.3099932167538539	0.49674422289379755
0.18253002489878023	0.3909543448886381	0.42651563021258176
0.20758313786420357	0.21962862051230592	0.5727882416234906
0.2681352756894543	0.48066751567173527	0.25119720863881057
0.3939487096094845	0.4172243793400875	0.18882691105042806
0.41082517825644094	0.3180320515780355	0.2711427701655237
0.1743187552113422	0.42227966001184003	0.40340158477681787
0.14606019334545906	0.31340527541846275	0.5405345312360783
0.1367157061226109	0.38113735405607935	0.48214693982130985
0.3638301847739036	0.34059952240819924	0.29557029281789726
0.35137910807734163	0.16547680877032397	0.4831440831523345
0.22742310767963486	0.39179803886654396	0.3807788534538213
0.3318200185772649	0.5165599234213579	0.1516200580013773
0.18020801220602548	0.46284336739957266	0.356948620394402
0.27741297921708485	0.31943871163039667	0.4031483091525186
0.14939967391684347	0.17385895768994603	0.6767413683932106
0.4152173203794514	0.3750527961378275	0.20972988348272117
0.4532093395568048	0.29680340414041223	0.24998725630278307
0.37754667448742446	0.18145343943747066	0.440999886075105
0.4103546631981448	0.48526885738351333	0.104376479418342
0.4313506885892111	0.1888723489448435	0.3797769624659455
0.21167685722898774	0.4733318552174682	0.3149912875535442
0.2669279119288731	0.2834188435843107	0.4496532444868163
0.42512954445427387	0.4296610580377962	0.14520939750793005
0.30396134852341655	0.3836128116836009	0.31242583979298266
0.16878859570642504	0.35356924157953595	0.4776421627140391
0.20381332843407324	0.35863531176141417	0.43755135980451276
0.43012222854152704	0.43224960583988364	0.13762816561858945
0.13479446474124482	0.5153883886664955	0.3498171465922598
0.41354878793537575	0.29927826126200097	0.2871729508026234
0.11632651185017392	0.2427317470262318	0.6409417411235944
0.2654273217247863	0.16209784850138123	0.5724748297738326
0.33597991378152103	0.4661589614804712	0.1978611247380079
0.18302887336718057	0.26943448395276975	0.5475366426800499
0.3248009582415501	0.1650171363657257	0.5101819053927243
0.2470522926878869	0.4414667883344121	0.3114809189777011
0.42483367240136	0.36080454987452576	0.21436177772411433
0.379035543204462	0.31059026369255216	0.310374193102986
0.2135635147798095	0.19511318256597876	0.5913233026542118
0.16505620328312637	0.13952717656856128	0.6954166201483125
0.18828042227137282	0.3683995746666119	0.4433200030620154
0.1745089498084716	0.19454489588837012	0.6309461543031585
0.19090215028275162	0.44997913259494515	0.3591187171223033
0.3142074964722003	0.20435456319535017	0.4814379403324497
0.18616107681133742	0.14781298250339414	0.6660259406852685
0.1540600715037341	0.30215374558501423	0.5437861829112518
0.33677765014396865	0.5004241127245856	0.16279823713144578
0.36475978233121387	0.4894276196347595	0.1458125980340267
0.4308529108838459	0.48169432378584215	0.08745276533031204
0.3802764987091058	0.25146512556140127	0.368258375729493
0.32494118635859853	0.24442876366484775	0.43063004997655385
0.17270411061589044	0.3265395321689754	0.5007563572151343
0.41988847086346415	0.1742421202531893	0.4058694088833466
0.31320400348288063	0.28766539354643944	0.39913060297068004
0.18985679049278664	0.43785273410150377	0.3722904754057097
0.4408180706340875	0.3808602790277736	0.17832165033813902
0.37309444759382954	0.43167767557194836	0.19522787683422219
0.24951404556372972	0.3386968960015652	0.41178905843470515
0.4319596308408695	0.13085458282074047	0.4371857863383901
0.22739955448777124	0.1336656088093358	0.6389348367028931
0.29050854812842686	0.42203395604892463	0.2874574958226486
0.21370965708493384	0.30897562793194827	0.47731471498311806
0.3206475022643977	0.5145526002072167	0.16479989752838575
0.38475348433731793	0.2728530044396039	0.3423935112230783
0.19683991194547745	0.21223921348102237	0.5909208745735003
0.1918589095932488	0.23570350537110224	0.5724375850356491
0.12162087770394159	0.4788558518182836	0.39952327047777497
0.2643666942508541	0.30593768094631596	0.4296956248028301
0.29873987070789754	0.2279632184185762	0.47329691087352643
0.23274055449282105	0.2237207332067013	0.5435387123004778
0.24641720089341912	0.18229059854302188	0.5712922005635591
0.25517144265393293	0.13382513440820656	0.6110034229378607
0.24745819489905366	0.3280050596721064	0.42453674542884
0.2581759923265905	0.3820527132665269	0.3597712944068827
0.3273228227940169	0.48147629919382684	0.19120087801215635
0.33945467995766293	0.44729605329256183	0.21324926674977532
0.1700851274174752	0.2077003983174239	0.622214474265101
0.13366230592035216	0.4808794880588266	0.38545820602082137
0.15683498904099213	0.14833217880804123	0.6948328321509667
0.1956360556228196	0.20468252721868793	0.5996814171584925
0.16085699321580182	0.4058438404113373	0.4332991663728609
0.423541238223174	0.13341345375736965	0.4430453080194564
0.3885553157675825	0.41087633376230415	0.20056835047011345
0.37028956689433745	0.27630635670502063	0.35340407640064203
0.1366956746648849	0.2627861036148175	0.6005182217202978
0.1250695114926921	0.2319660762039806	0.6429644123033273
0.1428689622046348	0.30510520502570737	0.5520258327696579
0.275255917591275	0.21237285712758458	0.5123712252811405
0.2984362009895788	0.2831421576723824	0.41842164133803894
0.16988492155591653	0.505854069450508	0.32426100899357563
0.4218085312900957	0.306142222952379	0.2720492457575254
0.31916938249758814	0.4883533031951547	0.19247731430725729
0.1933378473734022	0.3026683927954746	0.5039937598311234
0.11333523510447158	0.2403019450655131	0.6463628198300155
0.4014098221972814	0.2963201522377991	0.30227002556491966
0.2573670945479198	0.14006067407757938	0.602572231374501
0.3561802081352993	0.20856344317724593	0.43525634868745483
0.4094417260137241	0.5125124686782234	0.07804580530805255
0.30768194815869515	0.13519993856538992	0.557118113275915
0.28885801514713927	0.24920161869809884	0.46194036615476197
0.14774241775150948	0.2595712272365545	0.5926863550119361
0.17601707942666073	0.37953232117782	0.4444505993955194
0.19748839383729214	0.2519708795414938	0.5505407266212142
0.36431446228110853	0.17700835100560858	0.45867718671328306
0.22610330472076556	0.5027640321733453	0.27113266310588924
0.11968000504784923	0.5190637553320211	0.3612562396201298
0.25973809025064487	0.4753377994619028	0.2649241102874525
0.4296065552308744	0.20700814180536384	0.36338530296376187
0.2915160487280311	0.42551700924655483	0.28296694202541417
0.3858285516084039	0.3853518792528539	0.22881956913874235
0.27395196590863624	0.15962563376712563	0.5664224003242383
0.16520503347887192	0.41233246114712285	0.4224625053740053
0.43254852054460013	0.17321125673100624	0.3942402227243937
0.32654959007028256	0.5126087666915929	0.16084164323812464
0.33418133727342125	0.3028417145023805	0.36297694822419835
0.1462187419953943	0.33206654733691665	0.5217147106676892
0.37966295761473606	0.2970232768344112	0.32331376555085284
0.3846900908825754	0.35334443219648715	0.26196547692093763
0.4126996149299321	0.4345222691961398	0.15277811587392817
0.2802990616861641	0.4829806185763956	0.2367203197374404
0.16864997826980888	0.14676748743096152	0.6845825342992298
0.323589593374535	0.32026774832399507	0.35614265830147
0.2797019867929053	0.4550730155686879	0.2652249976384069
0.2975770182313349	0.47865586349687433	0.22376711827179085
0.21556883350974126	0.3926492802218318	0.391781886268427
0.35669334780156287	0.4237530182348252	0.21955363396361205
0.4444426420793782	0.18460173268422247	0.3709556252363994
0.12920547418724865	0.14162584686379437	0.7291686789489571
0.1341589030830797	0.35292439325797526	0.5129167036589452
0.22294673768048756	0.18095189433237335	0.5961013679871392
0.3913636505240613	0.16765112195553264	0.44098522752040614
0.26616275960030755	0.3705889894131983	0.3632482509864943
0.4445048585123388	0.4832924460772743	0.07220269541038704
0.2863221704223673	0.4069629145723944	0.3067149150052384
0.12756911664916032	0.3152717795372226	0.5571591038136172
0.23281665008670163	0.33745297291924653	0.429730376994052
0.12977958512867085	0.47566690764944586	0.3945535072218834
0.23782253090767208	0.245155917711869	0.517021551380459
0.3509468681715343	0.20784251853140068	0.4412106132970651
0.22069698473541594	0.23346921439915747	0.5458338008654267
0.17510886424260652	0.38694227850944807	0.4379488572479455
0.447421001155046	0.21063031730257234	0.3419486815423817
0.19127610220701072	0.3852052708406274	0.42351862695236203
0.26870602577091246	0.4416740465157836	0.289619927713304
0.41235210914320214	0.5059580141165325	0.08168987674026551
0.3677774838846992	0.43245599676982216	0.19976651934547873
0.3739142838195671	0.508054797474142	0.1180309187062911
0.3431185752615473	0.12756847044337719	0.5293129542950756
0.20241255623095644	0.4551727020460108	0.3424147417230329
0.17197720377170037	0.37976329220011124	0.4482595040281885
0.35825671835576584	0.1793811472298353	0.46236213441439894
0.43957631446714396	0.16771054775523386	0.3927131377776223
0.21939213892680276	0.2959609729887813	0.484646888084416
0.4388803011389347	0.3192106372706015	0.24190906159046388
0.42840600809665796	0.33302891777962307	0.23856507412371908
0.31039916158126835	0.1728257938982442	0.5167750445204875
0.203371571036985	0.24290495612279073	0.5537234728402244
0.16936292562809319	0.30086232187942985	0.5297747524924771
0.28339279354311353	0.3589056297351631	0.3577015767217234
0.4185815110224904	0.4242933440491862	0.1571251449283235
0.32793730812250443	0.21978459651263166	0.452278095364864
0.163531716616935	0.1747631929534189	0.6617050904296462
0.37010345805386685	0.5059073480305027	0.12398919391563051
0.3948439720848411	0.459418625955201	0.14573740195995796
0.3254783134546625	0.20690657285609354	0.46761511368924413
0.3373381985136539	0.2877872164616769	0.3748745850246694
0.13338870046762646	0.13749218525969814	0.7291191142726756
0.25943556200031465	0.16478051769199284	0.5757839203076927
0.15991265863307516	0.49948184633564996	0.34060549503127496
0.17545092548901792	0.4770991589984244	0.34744991551255777
0.4173526983315209	0.38186826787526823	0.20077903379321102
0.2394605698939768	0.3457336259021346	0.4148058042038888
0.34217218946620576	0.3354735656102134	0.322354244923581
0.450558809376989	0.38386586048137966	0.16557533014163142
0.20641794534243774	0.18075598811607402	0.6128260665414884
0.41152510110644	0.2505953639835745	0.33787953490998557
0.2947087822894999	0.21380719072595214	0.491484026984548
0.4392665479564839	0.20864145960686753	0.3520919924366487
0.38037084502502105	0.15565877068275058	0.4639703842922285
0.3850065836242887	0.3366937980877195	0.27829961828799193
0.345230892856938	0.417771886228748	0.23699722091431413
0.43433487454109776	0.4611219775123974	0.10454314794650493
0.34159775226556904	0.2734013791233049	0.38500086861112615
0.11395858350372845	0.24801968906687302	0.6380217274293987
0.3413397925504336	0.252338140042499	0.40632206740706744
0.4420767546653481	0.4550336719299736	0.1028895734046783
0.45219896399666915	0.5141824027639534	0.03361863323937747
0.45025850423185265	0.45350000227375603	0.09624149349439143
0.17373187518958133	0.37185549930109796	0.4544126255093208
0.13297949760794606	0.31156426686057503	0.555456235531479
0.4011509050380945	0.5004622401752452	0.0983868547866604
0.24597153546362951	0.33492689791174607	0.41910156662462456
0.11974863424411902	0.4246979822135779	0.4555533835423032
0.40422146272902526	0.4826095027649862	0.11316903450598861
0.3825503125336125	0.388784166319713	0.2286655211466746
0.14735023371346462	0.4470754896237856	0.40557427666274987
0.370709362613137	0.4285369394794398	0.20075369790742328
0.3426491714559628	0.20932205239863	0.4480287761454073
0.3080858714426151	0.4368541145655306	0.2550600139918544
0.32677848563708745	0.29255573830287457	0.38066577606003815
0.3043867749502361	0.4887415295136382	0.20687169553612583
0.31505548962703683	0.2639432514160449	0.4210012589569184
0.17122348594304498	0.14594700421940657	0.6828295098375485
0.4045106308524281	0.3967086353062995	0.19878073384127248
0.4461250890984296	0.2568897918524973	0.29698511904907327
0.43095934015928233	0.24674108092499528	0.3222995789157225
0.41182037432036095	0.3849869645308052	0.20319266114883394
0.19171856872667187	0.19573683509296105	0.6125445961803672
0.3962209115862833	0.3168123244825806	0.2869667639311362
0.3824262141744539	0.47388312725033394	0.1436906585752123
0.2140706618885569	0.5164724030881601	0.2694569350232831
0.19003308532406155	0.49669558749635434	0.3132713271795842
0.3457745953901995	0.49271369482358496	0.1615117097862157
0.2607005595240429	0.20102454862401026	0.538274891851947
0.4444950825484847	0.3438447247037979	0.21166019274771755
0.2931324489489299	0.1558007117921308	0.5510668392589393
0.24090065610069014	0.23467916091675758	0.5244201829825523
0.2112928804872685	0.15902322538217248	0.6296838941305591
0.2802620301859084	0.40411600181871776	0.31562196799537395
0.2912186954878266	0.18721679039877573	0.5215645141133978
0.19857502373990163	0.45151895770148653	0.3499060185586119
0.31735592779986244	0.19289488447640618	0.48974918772373155
0.3768946584149517	0.22361347185772576	0.3994918697273227
0.15488085648947156	0.16095317473748957	0.6841659687730389
0.44830820126290405	0.3762691842531441	0.17542261448395194
0.18173986759073316	0.1675777736785976	0.6506823587306694
0.24323208389809728	0.22100599467887305	0.5357619214230298
0.2784752088338878	0.35742111183240993	0.36410367933370236
0.4300510080048585	0.28439125058833803	0.28555774140680357
0.3188895174198506	0.48861691079365627	0.1924935717864932
0.17357174108219064	0.3288124258963906	0.49761583302141893
0.3572355901838648	0.2738981463382328	0.3688662634779025
0.3691067604140514	0.31343953339334885	0.3174537061925998
0.29846022068578837	0.39779272239884234	0.3037470569153694
0.38830024706622845	0.15066146469731065	0.461038288236461
0.3947163614521763	0.3309114249947346	0.2743722135530892
0.33589372975792076	0.16588207501811136	0.498224195223968
0.34515382231936537	0.3447474610011025	0.31009871667953226
0.18951101819057214	0.40388102896195394	0.40660795284747403
0.18722467631490927	0.29021028599072396	0.5225650376943669
0.3475475323214883	0.17130003583350217	0.48115243184500966
0.2294540274287486	0.29974644735091205	0.4707995252203395
0.308877637952612	0.36330850325460734	0.32781385879278074
0.3739334196989399	0.21639105608970852	0.40967552421135167
0.24391232047129074	0.3722213195624763	0.3838663599662331
0.15085144464535205	0.4354482725385854	0.41370028281606264
0.17973268877207543	0.22998977877327825	0.5902775324546464
0.21087125222298891	0.5072123842164892	0.281916363560522
0.4164418033691193	0.18931726330593932	0.39424093332494153
0.3992612405462759	0.33311570100928506	0.2676230584444392
0.21288363727997522	0.2815602718018862	0.5055560909181387
0.27459090112541834	0.2601488058374396	0.4652602930371422
0.4035845984404879	0.2557269873453163	0.340688414214196
0.18948469779253863	0.4898690197364125	0.3206462824710489
0.42793720660527956	0.27754209345327996	0.2945206999414406
0.2630265396070045	0.46126606651211366	0.2757073938808819
0.24059114896846917	0.44336432175092505	0.3160445292806059
0.17637492230469248	0.202163086143039	0.6214619915522686
0.14645560867165505	0.36825394112730636	0.4852904502010387
0.33352867776725836	0.17676948568716666	0.4897018365455751
0.2016480088770482	0.1352059761255468	0.6631460149974051
0.2888201161327096	0.3423568687661063	0.3688230151011842
0.33890596336705414	0.20679991552051197	0.45429412111243395
0.45069153347186547	0.4330992790787962	0.11620918744933847
0.2924132055731613	0.2779032302553347	0.4296835641715041
0.33250229650721846	0.36475149782584054	0.3027462056669411
0.3424305412257525	0.2883706102599698	0.3691988485142778
0.32176304150971546	0.275709093549547	0.4025278649407377
0.2618522919290478	0.5138699480938304	0.224277759977122
0.27243604984376424	0.3910254659220667	0.33653848423416916
0.3698541673541301	0.4969070989470813	0.1332387336987887
0.3220060512955497	0.4805391957323238	0.1974547529721266
0.40186276676570754	0.13174521437454917	0.46639201885974346
0.3263472436192109	0.3734809895134602	0.30017176686732905
0.4430170406006435	0.1629526418547014	0.39403031754465523
0.24765477897059354	0.23674931431830298	0.5155959067111036
0.3188634635486367	0.1902899037542219	0.49084663269714157
0.25909457339203595	0.30159022825241844	0.4393151983555458
0.3751873715257419	0.44027073704034075	0.18454189143391744
0.3849480921705399	0.25754391271246857	0.3575079951169917
0.2327160512292907	0.32748414124016006	0.43979980753054937
0.24336112141960953	0.16302982607463762	0.5936090525057529
0.3775780155498702	0.3184882711141497	0.3039337133359803
0.16691099723648253	0.27398297484051864	0.5591060279229989
0.4264627062723211	0.15572912286263513	0.4178081708650439
0.3115830199198546	0.36057192624153095	0.32784505383861456
0.4552837722042274	0.5054121860416977	0.039304041754075036
0.18178665929418553	0.2782517859409005	0.539961554764914
0.3078649149141712	0.16689324945888592	0.525241835626943
0.36885575238793106	0.23095105275555433	0.4001931948565147
0.16076957673883555	0.3941633051327372	0.44506711812842736
0.425025666367817	0.25526116227136497	0.3197131713608181
0.23146806614886048	0.19474089522856664	0.573791038622573
0.18597565791127613	0.19542242904462975	0.6186019130440943
0.1904480387803055	0.32428526136643476	0.4852666998532599
0.2885844123596764	0.15375312599118865	0.5576624616491351
0.11453777318520494	0.42031441195888275	0.46514781485591244
0.16946616442457368	0.4045152279917806	0.42601860758364585
0.12889275036560993	0.4289333168986439	0.44217393273574634
0.4054587794776957	0.429152020449513	0.16538920007279137
0.42736517426591364	0.22335534011882033	0.3492794856152661
0.1228328833631388	0.373013871312466	0.5041532453243953
0.12290519277224554	0.20065885727639615	0.6764359499513584
0.21249542151927803	0.4364232289419573	0.3510813495387648
0.1710370018987461	0.3801235593290846	0.4488394387721694
0.2973809256071326	0.35061279644439763	0.3520062779484699
0.39384648484095186	0.15265907921802452	0.45349443594102373
0.13457023356445744	0.48809023889681	0.3773395275387327
0.1909269986224249	0.1728421236442804	0.6362308777332948
0.40887284834771065	0.22441059570073024	0.36671655595155916
0.43368458219023315	0.1835234086927978	0.3827920091169692
0.41361074362824574	0.26421350412946093	0.32217575224229344
0.4320909809440212	0.4116634689676031	0.15624555008837582
0.2868999368986382	0.3475424658241865	0.36555759727717546
0.24682989892217397	0.5016460407024824	0.2515240603753437
0.3673502092693353	0.34009074744241563	0.29255904328824917
0.38632303800167345	0.17145054507034868	0.44222641692797793
0.39254754670865843	0.20197011520963296	0.40548233808170875
0.3978926680258145	0.17316537509264815	0.42894195688153747
0.3392720829031415	0.4417242264919178	0.21900369060494082
0.14289139983418367	0.3023543025645402	0.5547542976012763
0.29277412172031936	0.38466824688356593	0.3225576313961148
0.3196497394627923	0.4776706535426887	0.2026796069945191
0.42181439125201375	0.13731227417976127	0.4408733345682251
0.16786501249764596	0.4307009181009769	0.4014340694013773
0.38360917062231054	0.28390894438486036	0.3324818849928292
0.15485340825829624	0.5055187167093655	0.3396278750323383
0.2961582018666509	0.36397961201746193	0.33986218611588725
0.403406011475642	0.28180846355355926	0.31478552497079887
0.28050719390607076	0.34665221560829207	0.3728405904856373
0.1288501938998224	0.17290976601745095	0.6982400400827267
0.4545573461642033	0.3601720099992022	0.1852706438365946
0.13585956373257804	0.17937821782911462	0.6847622184383075
0.3159497357699092	0.21036349929108894	0.47368676493900197
0.11733865186502879	0.38230168728109243	0.500359660853879
0.1966598489139136	0.31978762861351334	0.4835525224725732
0.15311136420609978	0.4642533356565784	0.38263530013732194
0.43561385430215105	0.3729791890444486	0.19140695665340046
0.40559685120167666	0.2112878026202557	0.38311534617806775
0.4252391551957101	0.47648729759060926	0.09827354721368078
0.28360424741849205	0.43879574078287226	0.2776000117986358
0.2566329717870366	0.2989196992601775	0.44444732895278605
0.2616142128630161	0.375229168712126	0.36315661842485797
0.23990393209317767	0.5189170585837163	0.2411790093231062
0.1557553590530777	0.3089230112967501	0.5353216296501723
0.20973471398572074	0.19999241741847823	0.5902728685958012
0.26908248393427875	0.47864734630895417	0.2522701697567672
0.45411198301038186	0.4250986072720569	0.12078940971756133
0.3740224390917465	0.47354286895454967	0.15243469195370396
0.13920096929431314	0.28264805206164423	0.5781509786440429
0.3561922192586985	0.42776065006720576	0.21604713067409592
0.3256088073661747	0.4269620793691382	0.24742911326468714
0.42773055018592143	0.13224034746765015	0.44002910234642845
0.30632617842529297	0.20759674848718696	0.4860770730875202
0.16213141194395525	0.4180417372738163	0.41982685078222853
0.15408627900665872	0.4636311204207837	0.38228260057255775
0.26342223709043466	0.49978639747175113	0.23679136543781432
0.1900407457116296	0.4653663108953746	0.3445929433929959
0.3935363258080976	0.20401282355912914	0.40245085063277336
0.21496316087268136	0.26844452986560874	0.51659230926171
0.14138546034489105	0.37248582276561065	0.48612871688949844
0.4490123188051479	0.252562703915438	0.2984249772794142
0.3225013659816286	0.4300718058742195	0.247426828144152
0.45295683805279796	0.20974400719582115	0.337299154751381
0.3614331698019196	0.20477432174354648	0.433792508454534
0.28420582791407845	0.4847367408557668	0.23105743123015485
0.2952169129064571	0.3631340236234522	0.34164906347009083
0.2022632407469172	0.1743125310873333	0.6234242281657496
0.4007937673817197	0.3331496280240894	0.2660566045941911
0.15801684591101747	0.3503819892962116	0.49160116479277105
0.38617453879530855	0.3005717674890358	0.31325369371565576
0.4479703844314263	0.492895406174643	0.05913420939393077
0.227691248952352	0.49977125609830264	0.27253749494934554
0.15781656401099456	0.28552524352583714	0.5566581924631684
0.1196093422177339	0.35631328167971626	0.52407737610255
0.25087139009892095	0.14570911418800853	0.6034194957130706
0.32838077793740605	0.15040596625666147	0.5212132558059326
0.42887780303454204	0.1980266072614096	0.37309558970404844
0.16575330265804034	0.2477279129858701	0.5865187843560897
0.40603064668190425	0.41180367720667543	0.18216567611142037
0.33117119240536463	0.23726769351235188	0.4315611140822836
0.42525845100333326	0.14467388104464285	0.430067667952024
0.12016696718806413	0.2940344365059622	0.5857985963059738
0.16881211041193486	0.3140606591743999	0.5171272304136654
0.3477608271474206	0.4998573940123332	0.15238177884024626
0.3988209344422874	0.43228002707223395	0.16889903848547877
0.41052196585019907	0.23872161889983345	0.35075641524996753
0.22002681602302754	0.2905676029952789	0.48940558098169373
0.4009305028003667	0.48924014230319	0.10982935489644341
0.11518528936935879	0.40653065730948146	0.4782840533211599
0.41787375718899367	0.38773995942367867	0.19438628338732777
0.275732699635724	0.400195710750891	0.3240715896133851
0.2739282276780097	0.3758632819312505	0.3502084903907399
0.2515953088861501	0.18727722026314889	0.561127470850701
0.41695696671992205	0.19563214073609927	0.3874108925439788
0.2994964604500575	0.5189653796260865	0.18153815992385613
0.19089135987628383	0.4752302606180636	0.3338783795056527
0.17314030224146684	0.45668425584738925	0.37017544191114404
0.16601753810392683	0.4696538228495746	0.3643286390464987
0.2832226189295965	0.2107716708215858	0.5060057102488178
0.29476051472506015	0.45176482224513126	0.2534746630298087
0.25799605459081637	0.46024080305233417	0.28176314235684957
0.17514646471840808	0.27428139457130374	0.5505721407102883
0.45598244133478427	0.2951992306398438	0.24881832802537202
0.22696952312898838	0.1454992225564508	0.6275312543145609
0.33362855154247545	0.34549539615381625	0.3208760523037084
0.33193464022212343	0.1477506977179216	0.520314662059955
0.2594210904750448	0.3305070033794525	0.41007190614550276
0.362730368990332	0.24738552158238072	0.3898841094272874
0.2812241527553258	0.3732040318195124	0.3455718154251619
0.3881596062118745	0.14209556223978648	0.4697448315483391
0.2305596792282789	0.4702604375510204	0.29917988322070077
0.16819434668940866	0.507259398790181	0.32454625452041047
0.22881144084818894	0.3426172411637685	0.4285713179880426
0.4547385932218761	0.39538099009150923	0.14988041668661473
0.1409154355361088	0.19542434200508316	0.6636602224588082
0.43332487191202823	0.2366239835937048	0.3300511444942671
0.3404450270115079	0.18174642514297026	0.47780854784552196
0.16264911882350855	0.24835592207248655	0.588994959104005
0.263964290479567	0.4120928827518846	0.3239428267685485
0.31657125955640186	0.40751869366053123	0.2759100467830671
0.4227640211346242	0.50652603263924	0.07070994622613591
0.29010021045616374	0.35136951873242384	0.3585302708114125
0.31675615598031476	0.13234255330393166	0.5509012907157537
0.2370644868639688	0.32485386395749916	0.4380816491785322
0.21625301044765094	0.2534732426820415	0.5302737468703076
0.21034038422957269	0.23031961123165612	0.5593400045387713
0.2667062618266698	0.4575142836465922	0.2757794545267381
0.15721914930664072	0.50806091370587	0.33471993698748936
0.28046027489053815	0.44867346628129623	0.2708662588281658
0.3964284858077447	0.3065111715030011	0.2970603426892543
0.42147699885289686	0.15805864709005102	0.42046435405705224
0.38910568811348867	0.3654156640622246	0.24547864782428686
0.35456223982418755	0.32212333277727195	0.3233144273985406
0.31748988205373313	0.47811529494875404	0.20439482299751294
0.30625630362153633	0.22019146838234988	0.47355222799611396
0.1688329030228608	0.138387688699613	0.6927794082775263
0.41469036799941067	0.49130890307454367	0.0940007289260458
0.3063417385838482	0.328251898246169	0.3654063631699829
0.3948422128988929	0.4521591688289438	0.15299861827216343
0.25068393927539045	0.2847017443409411	0.46461431638366857
0.43239699703993884	0.16376624853632302	0.40383675442373823
0.30544248195148804	0.35097842664885787	0.34357909139965426
0.45291250993332427	0.3387071258131407	0.20838036425353507
0.18667022825639773	0.12611348371968575	0.6872162880239168
0.26414975206300634	0.2513677695193609	0.4844824784176328
0.1374563889125555	0.1635944951575129	0.6989491159299317
0.38385659992071053	0.4747898942832557	0.14135350579603392
0.3394039561958706	0.4120182602521882	0.2485777835519413
0.3044492707302028	0.49119762961674224	0.20435309965305515
0.4234136155546263	0.39360196112322426	0.18298442332214956
0.3727006320348553	0.1964091492745325	0.4308902186906123
0.40212934314659515	0.19351019020829438	0.4043604666451106
0.3268292754259336	0.22334939457150332	0.4498213300025632
0.39906702500453906	0.40410811562021376	0.19682485937524724
0.2099908700861345	0.5057421372966525	0.28426699261721305
0.37314658825542457	0.1979429015412274	0.42891051020334814
0.19266530189572534	0.175121846050039	0.6322128520542358
0.1342855162346461	0.2930809552681114	0.5726335284972426
0.43353210621569915	0.30176210865227865	0.2647057851320223
0.11714129978953974	0.13762045323828456	0.7452382469721758
0.23006325452800552	0.31306300915247176	0.4568737363195228
0.43829092588885277	0.2569935445023567	0.30471552960879067
0.3172009387911134	0.5069504839550214	0.17584857725386532
0.12840274966380943	0.1945127591820088	0.6770844911541819
0.23315172333998252	0.23557633496856015	0.5312719416914574
0.21089086606897522	0.4841797604302248	0.3049293735008001
0.17541385318377883	0.2260934172392177	0.5984927295770035
0.4426175555041415	0.3322966317147589	0.22508581278109963
0.36282959093605077	0.4790623653511487	0.15810804371280066
0.11163531658961634	0.23692888596997835	0.6514357974404055
0.3792801373016514	0.4775005359392246	0.14321932675912413
0.30283221832701956	0.3560672171250525	0.34110056454792803
0.1927450447500911	0.34553973613879185	0.4617152191111171
0.17407736257442724	0.29133017134820577	0.5345924660773671
0.4018639196521757	0.4875533039494528	0.11058277639837161
0.4138093026229187	0.3761883131207086	0.21000238425637274
0.1731994720309981	0.5025426790044217	0.3242578489645803
0.2894922823804604	0.4292802725362714	0.28122744508326836
0.3852886834995096	0.2449482230081711	0.3697630934923194
0.4155265643343808	0.25926502474060864	0.3252084109250107
0.11696717175015081	0.46357193535515717	0.41946089289469213
0.20337091349325054	0.16322105872133302	0.6334080277854166
0.3674432949581573	0.20528936881942572	0.4272673362224171
0.2956472534633342	0.16435421707346404	0.5399985294632018
0.12552134216438346	0.33468942681392366	0.539789231021693
0.22052879720194568	0.14102041968565066	0.6384507831124038
0.18380809987134067	0.39973835106298855	0.4164535490656709
0.4345397723243381	0.5026340488436871	0.062826178831975
0.2703369115751083	0.24853588647505753	0.4811272019498342
0.1559877247538902	0.4684601030119863	0.3755521722341236
0.15337527296957798	0.4639624950440048	0.3826622319864174
0.15604158498557535	0.3942928211555469	0.44966559385887783
0.3030873000638636	0.46557381476952575	0.23133888516661075
0.2701546035822202	0.4900508028868105	0.23979459353096938
0.19759920068447495	0.12977852362813608	0.6726222756873891
