0.17530602108676158	0.09509219200937055	0.2094119345467188	0.0984199291531027	0.06949272784399521	0.10079680163459143	0.06266095720888387	0.18881943651657562
0.17575879495819186	0.09516051350919011	0.20906025153989355	0.09875797140036419	0.06934810965161178	0.10141871241255912	0.06251063610135951	0.18798501042682964
0.17564305586065942	0.09509804523839602	0.20912651982907443	0.09825509008571665	0.07032255490120505	0.10060018529346432	0.06263491874611885	0.188319630045365
0.1756627543187525	0.09511063598682361	0.20975275647490466	0.0984792410173165	0.06884199548476329	0.10112853767598405	0.06281061503409015	0.188213464007365
0.17548062724764463	0.09514748276157384	0.20905128686067426	0.09822677787186768	0.06970694750561506	0.10109886681964343	0.0624818731208637	0.1888061378121172
0.17537816354070815	0.09517367336387364	0.20955662550113582	0.09828218644868363	0.06960259159426893	0.10064716268498447	0.06275015408525673	0.1886094427810884
0.1750680791919699	0.09514798011723687	0.20939939251211115	0.09826656692823486	0.06896770854637571	0.10174649468083294	0.06281337733667791	0.1885904006865604
0.17558849676641455	0.09515871044170204	0.20978281801344723	0.09831663667940066	0.06952562908281146	0.10083524551319203	0.06237745300507415	0.18841501049795764
0.1751707218569123	0.09514265681044659	0.20902659938786303	0.09889049329333764	0.06971544787623357	0.10034217576798868	0.06277669869496258	0.18893520631225535
0.17538430640841998	0.09508143383159726	0.2093045377771257	0.09891923319645199	0.06883224128860871	0.1007425397093401	0.06272220786279531	0.18901349992566072
0.17474604135918648	0.09513932189749023	0.20965649088645008	0.09875338857717754	0.0688123849682997	0.10201050712116391	0.06249332556711465	0.1883885396231172
0.17513581693004102	0.09511428023525825	0.20963396848122762	0.0988875482431956	0.06988430421434456	0.10091032396580726	0.06273292597734398	0.18770083195278148
0.17516154290647307	0.09507571195114266	0.209064782334789	0.09843430289448211	0.06989323897095648	0.10109601979770579	0.0627331463044174	0.18854125484003328
0.17486869836575303	0.09518195392479598	0.20958542984968487	0.09841042275013555	0.0704515251503158	0.10034842655360053	0.06269288541449375	0.18846065799122028
0.17537736913259616	0.09508138923768286	0.2092688823156671	0.09877601202671211	0.07030334481403477	0.10068677421900601	0.06240943609367937	0.1880967921606214
0.17511290464923027	0.09515363666758378	0.20987369942771567	0.09858611673460783	0.06952340730983542	0.10066172820313588	0.06246453503098433	0.1886239719769066
0.17469917916697905	0.09513921305552894	0.20949285431331155	0.09829115447254666	0.07002457792713374	0.1018630023694575	0.06277825245838153	0.18771176623666075
0.17490564815013265	0.09512333818803301	0.20919475980504304	0.0985363935131784	0.07052645738810293	0.10061654337334952	0.06278707221257059	0.18830978736958962
0.17497769274971575	0.09513353624685704	0.20976587978480205	0.09835931582888872	0.06893032097909751	0.1015675354215626	0.06266668735218218	0.18859903163689395
0.175510903110918	0.09519296100361904	0.20908838621006492	0.09862729168689346	0.07018907970487373	0.10066576866110827	0.06259515282254406	0.1881304567999783
0.17485124979956262	0.09509239328663303	0.20912164501920194	0.0988497092511441	0.06919832508572384	0.10151213822293734	0.06243096743153387	0.188943571903263
0.17484258258644975	0.09507563542964556	0.20930800432723112	0.09890561292893722	0.06906829175341433	0.10154002530777556	0.06282114781498685	0.18843869985155937
0.17506677718760738	0.09518518503784923	0.2089555374814899	0.09885864058834226	0.06995612181530639	0.10080240111645247	0.06250949788005597	0.18866583889289615
0.1745970819277801	0.09517193298117688	0.209688046747776	0.09893435276425089	0.06902707051255044	0.1021275661196771	0.0627061127459389	0.18774783620084948
0.17480626612883093	0.09509088881136077	0.2090177999872611	0.09857146791629177	0.06907288459718094	0.10173127607892565	0.06277038897111964	0.18893902750902894
0.17548531246099852	0.09507796231886069	0.2094195340392895	0.09858703636203699	0.06896866675114094	0.10202913792298773	0.062386426111602625	0.18804592403308276
0.17529520940952883	0.09507525183728874	0.20923408154585954	0.09861960717868766	0.06997140661418748	0.10113999687804015	0.06247100888972601	0.18819343764668137
0.1754456793286702	0.09507527714542707	0.20918213712174627	0.0983904366920565	0.06915786538756727	0.10190972922842659	0.06274352874810649	0.18809534634799938
0.17569236531588744	0.09512012123384786	0.20918862938736105	0.0988410776134889	0.06870205904061595	0.10204372584405992	0.06255651389045504	0.18785550767428358
0.17532413541503603	0.09510370831729877	0.2091417673405369	0.09866332647857873	0.06924905394047147	0.1012845646636457	0.06264529826133278	0.1885881455830994
0.17527020461396958	0.09518559521832187	0.208968074684931	0.0985230235945239	0.06941022741214747	0.10143424900242963	0.06273651816616713	0.18847210730750918
0.17554047721249583	0.09513963665784869	0.2093752592452695	0.0985246966781152	0.06948066493698649	0.10133321734840967	0.062433259285928216	0.18817278863494621
0.17563522604726853	0.09512414180631672	0.20909926527817294	0.09886781866970658	0.0689827304168246	0.10150830469658573	0.06239537140211117	0.18838714168301351
0.1750109800020582	0.09517910394751583	0.20911552094541558	0.09883178793210537	0.0701397293742956	0.10028973110363504	0.062441905250758004	0.1889912414442162
0.17457258313365076	0.09513277725257684	0.2093082234171122	0.09854867260525094	0.0703906323211799	0.10109356576408329	0.06272081411721686	0.188232731388929
0.17523739614682984	0.09507244721040671	0.2091966839980583	0.09886486025958813	0.06922185780191809	0.10137943120522447	0.06259354071174586	0.18843378266622837
0.17490982830139248	0.09516373151656991	0.20965666822217055	0.0988246447860475	0.07029843826460991	0.10090270653603717	0.06243633564067014	0.1878076467325021
0.1752690813555574	0.09510927915838685	0.20943074006107004	0.09851598242546948	0.07046288244955362	0.10099030961616326	0.062419798916499306	0.18780192601729984
0.17510468710110624	0.09518388116660866	0.20957935629825603	0.09847070172877215	0.06877747503900661	0.10206039992828707	0.06278888076534886	0.18803461797261414
0.17531597522421494	0.09518019587062962	0.20920849089403762	0.09889251757181851	0.06941659317628102	0.10070614179991465	0.06255581338553473	0.18872427207756867
0.17504205499985936	0.0951310533369898	0.20983025801549188	0.09841514470349422	0.06881249255911653	0.10146361844097511	0.06263640154415274	0.18866897639992014
0.17545270190920026	0.09517446998693319	0.20926672649386202	0.09825171694688423	0.0700766051613779	0.10068945608025176	0.062483024471095494	0.18860529895039493
0.17491839614163027	0.0951702961107943	0.20977772466686487	0.09828514340410548	0.07048406497859686	0.10043963026046887	0.06280259457504334	0.18812214986249579
0.1755603260089066	0.09508180268748805	0.2096732263366164	0.09838661741289659	0.07034291638902962	0.10057642018458487	0.06258980659366145	0.18778888438681623
0.17519525205954417	0.09510204903097545	0.20967753324667013	0.09884662251702123	0.0696595477935538	0.10099190302976872	0.0626151699706452	0.1879119223518211
0.17480804914975132	0.09508743826504099	0.20913365914803772	0.09852105795048552	0.0699289486659277	0.10166593679251731	0.06274733500098097	0.18810757502725825
0.1751673813535765	0.09517664533343256	0.20891200516154101	0.09854739797824369	0.07062959120100001	0.10084749761564038	0.06244081363793398	0.18827866771863164
0.17488133231469855	0.09508858820617377	0.2098586695569034	0.09852222148224714	0.07006663250332444	0.10058949153541857	0.06239251006218166	0.1886005543390522
0.17571715537913396	0.09515403900199478	0.20968179881144222	0.09874830915399138	0.06890478573854773	0.10127235081792464	0.06260578150568205	0.18791577959128303
0.17472214199405267	0.09516299039597867	0.20946994634811844	0.09853827164418417	0.0705292128855388	0.10111510498404265	0.06245272448867968	0.18800960725940466
0.17504973808805335	0.09517289116723837	0.20902691953402816	0.09833877149097563	0.0695656576426254	0.10135549181427297	0.06257489900323027	0.18891563125957564
0.17465228047024625	0.09511793573767582	0.2097266190752495	0.09861630287065104	0.06961385897601272	0.10126325399037375	0.06250603348904923	0.18850371539074146
0.17495558923431256	0.09515260595999028	0.2098089427418115	0.09861481465280823	0.06915500964490999	0.1016545175768141	0.06245562938769332	0.18820289080165975
0.1746515743950961	0.0951786025286329	0.20960596240984553	0.0983068089952333	0.07058722287366748	0.10144549217363352	0.062398021540973736	0.1878263150829172
0.1745886256182833	0.09516937125351453	0.2091809034941478	0.09865704145373412	0.06914996076604067	0.10165381653085392	0.06271696349060533	0.18888331739282008
0.1749421296319699	0.09512427193347081	0.20989810313513113	0.09873151318314297	0.06877807623641788	0.10148528605149229	0.0627742853219501	0.18826633450642466
0.17501469307271522	0.0951587075005265	0.2091601600983006	0.09893507924916006	0.06955754399659624	0.10145873161354296	0.06277982359489231	0.18793526087426587
0.17551023764941326	0.09511121238110372	0.20990943516052565	0.09851121137317469	0.06953826351748006	0.10034130715239498	0.06239949097597293	0.1886788417899345
0.17579302383634743	0.09507075379166458	0.2094438839863324	0.09826450643053877	0.06988203466525289	0.10057848355397166	0.06276614136925764	0.18820117236663436
0.1752944739338221	0.09507603187309625	0.20924964172469468	0.09826339330671158	0.06990128592728848	0.10082687094911211	0.06253190619016315	0.1888563960951114
0.17469980435770682	0.09516844037276798	0.20927384170993413	0.09894450480841502	0.06980651451039768	0.10124118712697286	0.06278037596045649	0.1880853311533488
0.17463006216985855	0.09507481879447259	0.2092754684440552	0.09861556311905022	0.068740863208879	0.10214859612137067	0.06265789233787855	0.18885673580443502
0.17585625373043645	0.0950794942213383	0.209588606199962	0.098760480365763	0.0691445222228656	0.10111931723852577	0.06260172715346018	0.18784959886764846
0.17511272123804422	0.09509054497718414	0.20924617254663802	0.09873300789003385	0.06961071301577865	0.10185208176939672	0.0625292477607089	0.18782551080221527
0.1749737306575046	0.09508795224377342	0.20915021282398122	0.09838772935570735	0.0704841486469128	0.10039745156966244	0.06261075277577904	0.18890802192667888
0.17509912001356115	0.09508760465390376	0.2094841265675909	0.09848500972572857	0.07015898072954928	0.10081250755969395	0.06265343479066406	0.18821921595930813
0.17571443882791127	0.09510511198939062	0.20916722205057253	0.09837882287909658	0.07016142562346674	0.10092884497221338	0.062487149704457165	0.1880569839528915
0.17488429404755007	0.0951267524112183	0.20927291005057383	0.09841814954969749	0.07053095109389995	0.10056891860101878	0.06251359373712842	0.1886844305089129
0.17509591202326874	0.09517093026155718	0.20916528674554652	0.09870086015806462	0.0702864878559929	0.10111151854211714	0.06256119201272632	0.18790781240072632
0.17508897543967036	0.09518585226237933	0.20951059262879418	0.09887191887343694	0.06987772128475589	0.10041212208424258	0.062435170773604776	0.1886176466531157
0.17515345519560263	0.09511003977856536	0.20952522838377877	0.0989231710045832	0.07048392961862673	0.10070243920713802	0.06240297230247856	0.1876987645092265
0.1757352348482424	0.0951192500462272	0.20909967688906816	0.09856528508730286	0.06984531496604904	0.10064731443305491	0.0624967972554325	0.18849112647462266
0.1748210679989635	0.0951156900902794	0.20973337725289892	0.09837301470413182	0.06940713780354378	0.10206299033413199	0.0625279262399385	0.18795879557611184
0.17560329926067672	0.09517495348582569	0.20911762763087427	0.09827679652022235	0.07047994600444146	0.10076609745916436	0.06258020148984772	0.18800107814894718
0.174823891001583	0.09508509688221024	0.20962553154042918	0.09879259630999547	0.0690204304916302	0.10144308037106602	0.06253805720570871	0.18867131619737693
0.17466088800279467	0.09509350451120724	0.20981604276473453	0.09867385383026135	0.06943328333300153	0.10156231353319758	0.06243158201559858	0.18832853200920424
0.175080617749859	0.09512723223664903	0.20950303741269555	0.09841346404441129	0.07026520828438576	0.10114172591386504	0.0627512742047743	0.18771744015335978
0.17476603704789773	0.09515385356912102	0.20914442088713134	0.09828789193723134	0.07065325976473553	0.10051610684588949	0.06259405889578937	0.18888437105220396
0.1745450332180532	0.09515503896301357	0.2098982732798938	0.09860570368966601	0.07042948513217101	0.10073416675104198	0.062447537392542884	0.1881847615736173
0.17573782786318215	0.09519464678155284	0.2095765833269649	0.09860797410897926	0.0698379232992915	0.10039033077643661	0.06244620513764636	0.18820850870594613
0.17522337255512152	0.09512174943532825	0.20900990281465648	0.09844494671445292	0.07056203454193732	0.10108759212394441	0.0623949187817838	0.18815548303277504
0.17584426934691275	0.09512991937680582	0.20942755645572753	0.09824363154764365	0.07003901622603245	0.10028676790040994	0.06246682211214451	0.18856201703432313
0.17489514769184866	0.09507996028680774	0.20942591070018485	0.09834052955558745	0.07055327960508453	0.10122294870570916	0.06255319300431918	0.18792903045045822
0.1749697901728772	0.09519580493865028	0.20905167901002286	0.09832717197747022	0.07051042836994521	0.10066218647794631	0.06277337371204522	0.18850956534104243
0.17540836692940415	0.0951583526413228	0.20965163886703042	0.09854239855949762	0.06973111216466599	0.10057600698591933	0.06260159117640848	0.188330532675751
0.1752112542246176	0.09510725978651985	0.20963505386690884	0.0989175612632609	0.0689432167525988	0.10098266597456348	0.06267421706655509	0.18852877106497518
0.175157310325395	0.09519271327927367	0.20961167995737212	0.09877874543713717	0.06927444062769755	0.10133526139276824	0.0626093910359172	0.1880404579444388
0.17494818216408783	0.09514739527558709	0.2098009708843258	0.09840068004784616	0.0694821380303496	0.10151264691240079	0.06278254267560006	0.18792544400980238
0.17583495198628762	0.0951891706011246	0.2093441705725358	0.09841455092647064	0.0691138178221486	0.10085799982641075	0.06263436967196385	0.1886109685930579
0.1746815901237027	0.0951207483487059	0.20981642350350532	0.09861918544804864	0.06914988823833178	0.10142568474696195	0.06277318715060765	0.18841329244013577
0.17510709938289742	0.09516206609587399	0.20925529103727464	0.09841389974815576	0.06879558164550924	0.10216180141337161	0.06264635271103935	0.18845790796587775
0.1749430727711549	0.09519407399492065	0.20915541461113113	0.09822799480084667	0.06930194973864934	0.10180175053799154	0.06277797317324368	0.1885977703720619
0.1750543006245568	0.0951631379688462	0.20956439302136717	0.09848833769297008	0.06956939188388278	0.10205514315508883	0.062383877243708113	0.18772141840957976
0.1749253269719529	0.09516926754134208	0.20933963166501962	0.09863740845970442	0.06939570563487917	0.1013420764624968	0.06246422439336817	0.18872635887123657
0.17524164356524066	0.09516789737444671	0.20922740390381594	0.09880463222399449	0.06934826290752216	0.10116522577060885	0.0624867964184329	0.18855813783593806
0.17506121095849234	0.09512024696253102	0.20978536261399489	0.09890881869285671	0.06987705284041021	0.1003711851230275	0.06267270653140614	0.18820341627728096
0.1756269319164681	0.09507377384815634	0.2095915190746825	0.09841021905330669	0.06939411583077001	0.10096876884934242	0.06251498615670424	0.18841968527056946
0.17542394686136156	0.09509813130277525	0.20927586933024217	0.09848404100748125	0.06973986406201264	0.10066143958277185	0.06243223453797589	0.18888447331537914
0.17562314785215785	0.09516798386347824	0.2090827977284431	0.09882444938426424	0.06964179609333317	0.10095555813887586	0.06249542657234293	0.1882088403671044
0.17518173598227887	0.09512103789047911	0.20930117065987047	0.09836961606956074	0.06941720357365327	0.10179319486297325	0.06275957376800442	0.18805646719317964
0.17515912929811872	0.09517889461532025	0.2094046167191821	0.09827184116177805	0.06946549842750202	0.1021543496437484	0.06263427893594205	0.1877313911984082
0.17454150760856058	0.09518817339967697	0.20977601301774507	0.09874575244412113	0.06996146551935267	0.10085573323268858	0.06260373289557192	0.18832762188228283
0.1756779817872811	0.09508156281420208	0.20941772766541866	0.09849049377514897	0.0691409363536026	0.10098536794931667	0.06260190129767068	0.18860402835735895
0.17466245223075746	0.09518154083040005	0.209010862428505	0.09834110131887673	0.07010004414387314	0.1017971270146385	0.06278949517622251	0.18811737685672641
0.1753474669627192	0.09513759789165539	0.20891433246050206	0.09888152911770196	0.0697564550117921	0.10143911113224463	0.06240273135810136	0.1881207760652831
0.17459199369469325	0.09517332655403436	0.20910184486574993	0.0987981966664432	0.07025246779848417	0.10071186477223829	0.06256587872694504	0.18880442692141156
0.175771988815304	0.09507171925495508	0.209707096891602	0.09873940279217355	0.06955007928622467	0.10060705384884702	0.06271758726566751	0.18783507184522594
0.17543892458459914	0.09514204855304498	0.20908581856454816	0.09829666826540812	0.07012138165988073	0.10121012453983975	0.06263605678136487	0.18806897705131403
0.17568547696872827	0.09510134699330053	0.2096523856821806	0.09878579033738882	0.0693297191720101	0.10041641774986391	0.06256176937192885	0.1884670937245987
0.17578810850498716	0.09512883429653791	0.20912232456730195	0.0988304785479778	0.06881330757658788	0.10214059858810776	0.06248161572592803	0.18769473219257127
0.17564413517449076	0.0951703602350115	0.20965012553172396	0.09890311111380447	0.06879446360375001	0.10103611729396286	0.0627054367207725	0.1880962503264837
0.17461431634845614	0.09509796302322188	0.20963799698396762	0.09873879810126612	0.06954569690792145	0.10179389855884523	0.06268134665445031	0.18788998342187102
0.17520153825728862	0.09515724963468089	0.20961758571334663	0.0986246504246644	0.0694365905806868	0.10107571270550572	0.06260268576224833	0.18828398692157836
0.17509544969462829	0.09507360716826999	0.20924739191021963	0.09854011939655338	0.0696441821585671	0.1008009210057856	0.06261780268230585	0.1889805259836699
0.17493147291626082	0.09518491638301946	0.20903994154041394	0.09865002900065178	0.06976160493812728	0.10138242154473937	0.06245131307739628	0.1885983005993908
0.17451545473122357	0.0951058296631955	0.20971718746635154	0.09856024130685175	0.06947816486966935	0.10144214619510242	0.06251395890637562	0.18866701686123002
0.17551928166119118	0.09517337122298061	0.2096957203318274	0.09888055674288988	0.06885916769302763	0.10119192864571382	0.06275206654317092	0.1879279071591983
0.17566721934010424	0.09511076889973742	0.2089613080522017	0.09827476102085034	0.0702656745298507	0.10031581599732309	0.06272433723449378	0.18868011492543846
0.17476618419073542	0.09517475308683558	0.2094563865559296	0.09873828541481952	0.06948123955861576	0.10187840492125362	0.06251314597648439	0.1879916002953259
0.17525129595913355	0.0950935790755079	0.2089984497342056	0.09836640424843472	0.0692809706420589	0.10162941280383017	0.06263259501699925	0.18874729251982966
0.17554229700298513	0.09507308585368723	0.20917230575647244	0.09872471836297249	0.07051999894696884	0.10068909015847244	0.06250726454669323	0.18777123937174794
0.17540662382591912	0.09509694526102674	0.2094834360090854	0.09830166955518296	0.0702500476856269	0.10070673526508858	0.062455620983427385	0.18829892141464266
0.17554396735840305	0.09509275308701552	0.2091843517870673	0.09831853770731257	0.0698681789726515	0.10143655583380852	0.06249239219261567	0.18806326306112564
0.17517620234663328	0.09518028492343629	0.20946022405625164	0.0983977909291662	0.06967656081096497	0.10108847538339938	0.06245277613571515	0.1885676854144328
0.17489118178871094	0.09516118305097619	0.20927603999774919	0.09827306595346261	0.07062555813522879	0.10058624429167438	0.06242739647558923	0.18875933030660846
0.17468718273239459	0.09512172516587691	0.20905364928797518	0.09887623274841992	0.07066492094277518	0.10118064386089426	0.062423033855824664	0.18799261140583906
0.17556797903852833	0.09514618388831567	0.20899808668106087	0.09883507815722987	0.06891431106997131	0.1015404231047842	0.06249219061230246	0.18850574744780704
0.1750308185220273	0.09513362072480336	0.2092298583520657	0.09875684423307826	0.07007328018572893	0.10166385808464122	0.06243495079756535	0.18767676910008965
0.1749427090371344	0.09508935571111919	0.2099125116634542	0.09852969206879458	0.0690891401494903	0.1013600622189236	0.06262984295651622	0.18844668619456723
0.17556592801203108	0.09516381101755955	0.20898446346461763	0.09893007702714349	0.07041561003311311	0.10053110235277665	0.06245095268578771	0.18795805540697053
0.17525064776005644	0.09517622932318927	0.20961597772036966	0.09836854127497684	0.0688412143169572	0.10201332377623323	0.062409526855870076	0.18832453897234705
0.17529060423739704	0.09512719894875182	0.20934076428206783	0.09837343017570921	0.06901829325612435	0.10205962057783916	0.06245926938954598	0.18833081913256441
0.17565948260148445	0.09510105516652648	0.20988924457384045	0.09838843107326195	0.06873567893469415	0.10115394499014504	0.06268314080481963	0.18838902185522766
0.17484311100499728	0.09509200625096763	0.20957396626630248	0.09862567270616723	0.06952980872766468	0.10119127706446135	0.06244113126956807	0.18870302670987105
0.17537956840339966	0.09517169448341296	0.20949269019649064	0.09834782326509356	0.06917041626185522	0.10138422717238546	0.0625462472330931	0.18850733298426917
0.17475201132165152	0.09507461246980009	0.20912045673596008	0.09869856413004939	0.06979565693868858	0.10121110534641191	0.06279472452530098	0.18855286853213718
0.17545754838279637	0.09518056925225327	0.20989464178782727	0.09838848577072128	0.07011817687267255	0.10046427720164491	0.062436164727160584	0.18806013600492352
0.17544599236153008	0.09513678095690242	0.20955990573334476	0.09845416771581553	0.07053682773725789	0.10031849572285287	0.06260906220921836	0.1879387675630778
0.1748060830032189	0.0950900741540894	0.20961644131259322	0.09854118217960167	0.06891213101725562	0.10198659533444347	0.0626605449353401	0.1883869480634574
0.17454694866739395	0.09510838423234544	0.2089480943863959	0.09848366642527025	0.06977726737940931	0.10196602886134773	0.06258283227913555	0.18858677776870164
0.17513696584681895	0.09512319334823459	0.20910054489767027	0.09881446611939557	0.07014731462554491	0.10098105306367927	0.06272201317235723	0.18797444892629894
0.174716140730414	0.09511331828348686	0.2098966995297032	0.09876059065156989	0.06999686828653538	0.10101647634842877	0.06276863765862983	0.18773126851123184
0.17467371018236463	0.0951522377414271	0.2095129699608025	0.09839584662600438	0.07041674825021702	0.10120227155859521	0.06276926317373213	0.1878769525068568
0.1758162719444083	0.09519568522273808	0.20909634532648588	0.09860051269988404	0.06913711958888397	0.10152884746094208	0.062475310693184904	0.1881499070634725
0.1757909512762315	0.09516002945947123	0.2093086428347793	0.09824417159091027	0.06875567987623717	0.10146701911320165	0.06245130067301016	0.1888222051761585
0.1754376631526856	0.09514255432385015	0.20951472699473989	0.09864230553687697	0.0696161102933876	0.10132965862901983	0.062396285851620076	0.18792069521781965
0.17522221642437447	0.09509106463553234	0.20902281539859222	0.09830329531992112	0.0689811174606582	0.10165469271847541	0.0627589883795695	0.18896580966287652
0.17528317874441085	0.09510376089999051	0.20921690378855268	0.0985581488942322	0.06943559152358943	0.10092086536551137	0.06250018804085436	0.18898136274285837
0.1748233439186761	0.09510364342413061	0.20968236596961848	0.09891729392379395	0.0687507579595435	0.10174995333864066	0.06281395595897232	0.18815868550662412
0.17521558804434867	0.09507355271111882	0.20912479637409415	0.09829156861909516	0.0691057041070719	0.10172020919169693	0.06270019038101451	0.18876839057155959
0.17575738043016423	0.09515757295066031	0.2089582158806373	0.09860317484466428	0.06923394731868121	0.10146802278066605	0.0624005425879498	0.18842114320657657
0.17583127008994687	0.09516919956119445	0.20921554396210587	0.09834159054240402	0.0690222962458977	0.10129186573674172	0.062465622588717476	0.18866261127299164
0.175133480566064	0.09517324317021358	0.20965301973328895	0.0986419120673705	0.06898108676312445	0.10208961623127996	0.06258116953301761	0.1877464719356407
0.17489107566287357	0.09513824452542444	0.20980230038546543	0.09867453324611136	0.06892035854396888	0.10132011942345426	0.06273491475738896	0.18851845345531287
0.17507421109650553	0.09514223228823908	0.20919406305404387	0.09844540992779831	0.06961427783381181	0.10196903732023696	0.06282041081305559	0.18774035766630862
0.17568593900551022	0.09519075729482532	0.20950642789877788	0.09873205939913443	0.06893490901517976	0.10034983030688677	0.06263088090574442	0.18896919617394098
0.17530941529881316	0.09509790109267549	0.20981638447692796	0.09836879074891579	0.06955076621763481	0.1013988595681106	0.06271791245826698	0.18773997013865495
0.1746767280922086	0.09507220977420243	0.20951392104312583	0.09838330147756733	0.06938757818304883	0.10183208438001579	0.06277342800010965	0.1883607490497213
0.17533597070232843	0.09507803866473977	0.2094430325908107	0.09845304079377792	0.07000577408996145	0.10047342618452547	0.06240118381735396	0.18880953315650206
0.1755953653070918	0.09515886454223942	0.20930614197380795	0.09824211189757567	0.06891790338290454	0.10215753618612175	0.06281518663854288	0.18780689007171575
0.17536994800615574	0.0951664945880068	0.20905305371118915	0.09873586335213544	0.06952926270218227	0.10167953464570609	0.06264950652825532	0.18781633646636892
0.17454121768960743	0.09513833920010573	0.2093429550921007	0.09872207970601882	0.069989567792416	0.1019343304663051	0.06261658803452202	0.18771492201892395
0.1755240950165648	0.0950946818831817	0.20966086858462712	0.0988599054871237	0.06925770156805416	0.10051981140892033	0.06275652173684776	0.1883264143146801
0.17458021998878367	0.09511174839929902	0.20943015550935554	0.09888163074723856	0.06952972005392091	0.10166354584971025	0.06274452758606833	0.1880584518656235
0.1752029731004675	0.09519220837802587	0.20954762140315275	0.09864222778349506	0.06879840309732473	0.10123834199817289	0.06277845816670295	0.18859976607265802
0.17485637285562078	0.09508480933462397	0.20963590391618997	0.09884308613132257	0.07017498713634338	0.10052383760059352	0.06260692224785205	0.18827408077745356
0.17468289154455952	0.09507268075962164	0.2089050221801908	0.09891942070456833	0.06965775752414775	0.10188963516721213	0.06275078892450937	0.18812180319519023
0.17527447497232995	0.09513224028275005	0.208979091251396	0.09877518933163643	0.07009933612961564	0.10070872616575924	0.06269826254999285	0.1883326793165196
0.17478522371907645	0.09519735824234352	0.20960614686289974	0.09867025045546812	0.06909019356396723	0.101094869853564	0.06277277261378753	0.18878318468889319
0.17525823992681744	0.09519764537382325	0.20958125520879245	0.09890518871443382	0.06905961919013476	0.10062233173922344	0.062441402961049844	0.18893431688572476
0.17524031697278872	0.09512094123175131	0.20910958350999997	0.09861412693922124	0.06993621914749293	0.10091232602264899	0.06272526300221125	0.18834122317388535
0.17487628382864148	0.09515053635281179	0.20891101633437748	0.09886458883412766	0.06959157245828854	0.10188507430815673	0.062571708521025	0.18814921936257112
0.17546367443907834	0.09511475107218738	0.20937277317013125	0.09824936677396207	0.06890637579390892	0.1020828231441515	0.06240877394346839	0.1884014616631119
0.17581864179279566	0.09519370664476977	0.2091430648622761	0.09839752691639987	0.06897455583142897	0.10137521757462593	0.062380750187442324	0.18871653619026107
0.17514631027582173	0.09512814642508158	0.20975620503515854	0.09842684256767707	0.06967536190407944	0.10074043537558945	0.06254641309664763	0.18858028531994434
0.17453982030393805	0.09507355655720426	0.2097512868116953	0.09855952870888143	0.06887319451451987	0.10194966491525735	0.06278618272404779	0.1884667654644557
0.1754551480616836	0.0951664153419269	0.20902725758648374	0.09833032149036011	0.0702287156848766	0.10116168675364828	0.0627444819666893	0.18788597311433125
0.17515800222120614	0.09519525471074744	0.208912017596869	0.09835965005768335	0.07026759048279313	0.10081340859141738	0.06264896634195516	0.18864510999732814
0.17514998998380843	0.09513946854775744	0.20952059664189923	0.09851508390469614	0.06963895397776762	0.10196263575882794	0.06238383644968694	0.18768943473555602
0.1751883619759303	0.09517682991379044	0.20958921393571175	0.0984063810314311	0.06947010590395747	0.10077626876024058	0.06245319871377171	0.18893963976516642
0.17539477190972652	0.09517233836017726	0.20961886831069645	0.0985456455969837	0.0690651534661082	0.10172191289493712	0.06267062163111348	0.187810687830257
0.17539582327596465	0.09510890054428842	0.20906890508445158	0.09852189923164725	0.06872340560812062	0.10145375055977093	0.06274947479163925	0.18897784090411707
0.17574994205699185	0.09511711880829042	0.20926002676498934	0.09865369032260367	0.0690996440474562	0.10185296175280971	0.06237819967192909	0.18788841657492947
0.17575620089305874	0.09517913938288636	0.20991093817809983	0.09850411093155509	0.06891451962990167	0.10143140096130714	0.0626068725744988	0.18769681744869215
0.17525922124434043	0.09513389920294096	0.20967444755240716	0.0985545097753405	0.07024436276608158	0.1008020225539143	0.06260103763649601	0.18773049926847885
0.1756759088219636	0.09518240693738655	0.20967894393206515	0.09861652614109499	0.0697377418954491	0.10080040469460037	0.06257510389317446	0.1877329636842655
0.17544101420472535	0.09519311053938104	0.20966100568035512	0.09831233409116101	0.06991903546380736	0.10089294502003623	0.06246297405588021	0.18811758094465342
0.1748853139366262	0.0951667564105049	0.208997261849811	0.09854543666144366	0.07068472598791423	0.10099988015222151	0.06251446820039036	0.18820615680108793
0.17568853252827465	0.0951692413788186	0.20892215801023106	0.09890250221807745	0.06905335209508223	0.10054472200622429	0.0628025495642276	0.18891694219906385
0.17479978642367086	0.09517770398065771	0.20895675383904058	0.09881877668484365	0.06943553775707098	0.10209696348269943	0.06240564511716304	0.1883088327148535
0.1755204386004524	0.09507969327248411	0.20913153717427493	0.09837036873564448	0.06878809947709702	0.10171868595708558	0.06268604407931205	0.18870513270364914
0.17503889586917978	0.09514703215618961	0.20895767927475406	0.09886536889093324	0.06969866199717187	0.1011543847170939	0.06249356253061192	0.18864441456406536
0.17513700229139162	0.09517514864164074	0.2098082660494074	0.0986816109055586	0.06948115230724244	0.10031851041337986	0.06266268698098162	0.18873562241039749
0.17472181673225212	0.09511124996617049	0.2098515217959933	0.0984429464165455	0.06981729742886011	0.10129777939270218	0.06242796619448987	0.1883294220729862
0.1756361364049412	0.09508608715478235	0.2099059049171072	0.09840013194425629	0.0690379612136811	0.10061762892126307	0.06243822401988408	0.1888779254240845
0.1752787614444791	0.09518938341371336	0.20974486538826348	0.09879469909600092	0.07027295808468687	0.10050114529581013	0.062383430562398326	0.18783475671464758
0.1758392278935983	0.09511612766166214	0.20990771235509206	0.09827517839600189	0.06968480774337416	0.10075949016999716	0.06250028653028306	0.18791716924999102
0.17519111636781368	0.09511517960459086	0.2095803291192318	0.09839114908411228	0.06976540980529877	0.10054224848659475	0.06247694058716227	0.1889376269451953
0.17462170124351645	0.095140848742631	0.20954373678198152	0.09840613709277278	0.06920346792597942	0.10182008925813747	0.062397421885357046	0.18886659706962408
0.17497203505997355	0.09519529762575306	0.20938715558421478	0.09845269640089058	0.06911856444882235	0.10144417939245995	0.06266190342104352	0.18876816806684202
0.17551599539810206	0.09508520041779911	0.20933310397262656	0.09882055315906024	0.06998539898829675	0.10067347175377006	0.06264181099836133	0.1879444653119836
0.1749994056047315	0.09509270634554319	0.2094168201791482	0.09878617596541606	0.06979179385161613	0.10144454661209594	0.06268614087455282	0.1877824105668959
0.17535517161454228	0.09514948831405136	0.20958494652081483	0.0984566850720653	0.0690463097677662	0.10182928483793229	0.06250004591098399	0.18807806796184354
0.17509546638014356	0.09511179228536507	0.20958505460425472	0.09862246747581928	0.07010932717245791	0.10033822158599873	0.06278504386487876	0.18835262663108174
0.17464213856145236	0.09511332660237318	0.20985439574969733	0.09848542622500835	0.0700625004483918	0.10058826513411412	0.06266949682041176	0.18858445045855088
0.17547568575136654	0.0951968619362792	0.20921205637443388	0.09850490754774197	0.06902040247100785	0.102149405098488	0.0626850739568423	0.18775560686384002
0.174604198816454	0.09515265497894945	0.20944263824663029	0.09878437101398219	0.06950504219634886	0.10131993588493184	0.0626827055003828	0.18850845336232033
0.17463960804460282	0.09515426840137008	0.20985265746983317	0.09890847702348128	0.07010134825235614	0.10026027386345156	0.062497915582181846	0.18858545136272284
0.17513558079257918	0.09507366547599894	0.20951924830920224	0.09842093128455762	0.07020202369021265	0.10101278829630958	0.06260705349365894	0.18802870865748061
0.1748637903894855	0.09513520501956774	0.2089762087119431	0.09850483323526962	0.0698937235602842	0.1009548915988871	0.06273931295230809	0.18893203453225438
0.17522295317572179	0.09508284926717744	0.2098007154779688	0.09890637265914273	0.06943557696665911	0.10071060129286505	0.06265748277066965	0.18818344838979517
0.17555908094421457	0.09516323608969078	0.209854643877736	0.09882735864657104	0.06937149907226169	0.10026066976255897	0.06277637010515887	0.18818714150180788
0.17577173641123092	0.09514685676098925	0.20924522526703437	0.09824178495486724	0.07034872535208114	0.10030386093351995	0.06251352235383299	0.18842828796644387
0.1745199474224741	0.0951699552069154	0.20966616658491416	0.09841715411853844	0.0693948905718935	0.10212794421434626	0.06275119714801165	0.18795274473290624
0.17497777449280696	0.09510428070064096	0.20918274756976987	0.09840863946956875	0.07024650540822276	0.10090491165673371	0.06265123733242062	0.1885239033698361
0.17553643780019554	0.09512909220911706	0.20919751900503958	0.09830938377546566	0.07056244154010452	0.10097586378645246	0.06252571528655601	0.18776354659706895
0.17514791567471205	0.095176854297987	0.20909534192939278	0.0984310157641003	0.06974950176256686	0.10144080268038	0.06260408625432407	0.1883544816365367
0.1748632593906371	0.09519054463210776	0.208976338838048	0.09887336032223515	0.06924759459137908	0.10209946385614545	0.062484464399338496	0.1882649739701087
0.1756512141722646	0.0951320701543866	0.2094091032691568	0.09875706000932648	0.07040764880554384	0.10025397251391677	0.0626849556578776	0.1877039754175271
0.17524967403393277	0.09511620718170327	0.20904228238106393	0.09873016545209083	0.06884829347432926	0.10187144127955923	0.0627606638572807	0.18838127234003976
0.1752529733420325	0.09511316348624697	0.2089104052086676	0.09849762556875741	0.06964652785964424	0.10162302976900198	0.0625359748347863	0.18842029993086276
0.17507579682253085	0.095165015824406	0.20945518987039258	0.0985579911169283	0.06926129790116983	0.10185988727006161	0.062439289989294294	0.18818553120521636
0.17566952117621804	0.09512682186397906	0.20938697759751765	0.09842372141880687	0.06904353088000725	0.1007806094040571	0.0627280818919739	0.18884073576743987
0.1756603240595267	0.09509386379359486	0.20942483675695883	0.09851698029342629	0.06954132244306188	0.10057840684583991	0.062427831412924434	0.18875643439466683
0.1752147512893296	0.09518429903263992	0.20900030381106444	0.09843993949250825	0.0694008148165342	0.1020459491949456	0.06274574080638634	0.18796820155659144
0.17468913749448473	0.09509391406923683	0.20958636959652316	0.09832674764960306	0.06886133550433834	0.10167931160065789	0.06278663427454596	0.1889765498106098
0.1747261282079159	0.09511913884767259	0.20900099225268068	0.09829348748070388	0.07018610458906988	0.10111295270175785	0.06260149998441566	0.18895969593578335
0.17571905668674376	0.09509751288898133	0.20922022605512683	0.09822436843002791	0.06944953176812868	0.10092709040136935	0.06238851801137783	0.18897369575824405
0.1747766678747894	0.09518810362657452	0.20975046007030476	0.09846051590604495	0.07015085894277956	0.10146248403135918	0.06243289117064017	0.18777801837750724
0.17481822194748228	0.09516836198720163	0.20964056543393772	0.09869640214102869	0.06969797465863681	0.10077189453616037	0.06260861275124278	0.18859796654430944
0.1752719870489848	0.09513483805812345	0.20914966278951075	0.09833168432947365	0.07048649197354351	0.10139152482014449	0.06245745120582333	0.18777635977439583
0.17538797603463166	0.09508052197286483	0.20987760382333093	0.09866750717670561	0.07026979621369676	0.10045224180256028	0.06244432809264677	0.18782002488356295
0.17500336727030585	0.09511885580293591	0.2095825866689519	0.09889862430306925	0.0696633913949741	0.10058959171777176	0.06266389005792566	0.18847969278406534
0.17561862623119262	0.09509197386139842	0.20976532678712412	0.09884412802284934	0.06930741885589657	0.10032909272367806	0.06272927925227945	0.1883141542655812
0.17478947482567597	0.09511340759345138	0.20969012813036664	0.09869761322279746	0.07013973120365558	0.10143320741865258	0.062446675399269694	0.18768976220613048
0.17549627937565504	0.09514652602422045	0.20950545855358516	0.09884748218887066	0.07001753473719961	0.10025932134460504	0.06264611937934861	0.18808127839651523
0.1746476337010979	0.0950754766471102	0.20933527018654263	0.0984710111599855	0.0703693774749064	0.1015651642289004	0.062419474924570395	0.18811659167688632
0.17535334131384753	0.0950951556067642	0.209089169913466	0.09827733236120963	0.06953855319258599	0.10144138168501433	0.06281581246985288	0.18838925345725918
0.17556554162724483	0.09510870273968818	0.20968715710658672	0.09876197389787822	0.06872371955786863	0.10099579275587994	0.06251207263057149	0.18864503968428173
0.17530768564384774	0.09512947207968572	0.20955301860649891	0.09894587395700055	0.06883367777144091	0.10156287672581342	0.06271205748134537	0.18795533773436715
0.1750637018678695	0.09516350405392068	0.20900233555811373	0.09861326070255381	0.06933798952954415	0.10117931191280882	0.0627643222897629	0.18887557408542616
0.1748998098274424	0.09514145546611506	0.2096837716720587	0.09865463720809425	0.07013589674270307	0.1004938671264599	0.06243127320316995	0.18855928875395642
0.1755502891797656	0.09508071874863894	0.20957581837148945	0.09844355555930871	0.0697160592832296	0.10107004398209915	0.06238277811812257	0.18818073675734578
0.1752549873550167	0.09514514407746087	0.20927542000096833	0.09847244521687444	0.06957825622567818	0.10190250816549554	0.0626272430091011	0.18774399594940464
0.17540208735608087	0.09507488579232021	0.20950721865735789	0.09840147074211138	0.06932610094136102	0.10148966312332727	0.062419910636156456	0.18837866275128468
0.1753397044279735	0.09518543672014286	0.20914298624738636	0.09891934632628989	0.0701411166166345	0.10073831154048538	0.06237715712695498	0.18815594099413227
0.17468579483054747	0.09511092034819067	0.2089063622135664	0.09883835396114002	0.0692190201013371	0.10177470186493749	0.06268329711549885	0.18878154956478174
0.17568651686556103	0.09518451836024806	0.20893487708368358	0.0985093483856545	0.06923607587991867	0.10118998474289037	0.06281274452982849	0.18844593415221503
0.175000088742434	0.09508404042914026	0.20938809574663558	0.09892547761084629	0.06918497734351028	0.10161635748513631	0.06279295618041374	0.18800800646188331
0.1747604955654861	0.09512668598145468	0.2098692831597329	0.09881532750399605	0.07021410723991078	0.10040299315097663	0.06270678167350031	0.1881043257249423
0.17508640511924267	0.09513836775172863	0.20965169673289694	0.09868802668947997	0.07006104737563404	0.10067220656862849	0.06274812834769795	0.18795412141469103
0.17563688571515276	0.09507133437892941	0.209430905705917	0.09886493694151721	0.06931399961185108	0.10082310179936	0.062481694112657776	0.18837714173461456
