0.15335117804828136	0.38444874746623314	0.46220007448548567
0.15312944700415326	0.38489210480240876	0.4619784481934381
0.15314787026144203	0.3849705674303975	0.46188156230816063
0.15334327662082858	0.3841388179754931	0.4625179054036785
0.15385125578221798	0.383593203531079	0.4625555406867031
0.15317902975281952	0.38468637466851024	0.4621345955786703
0.15349341340968817	0.384066474114559	0.46244011247575295
0.15326442490361342	0.3847834978494574	0.4619520772469292
0.15344283001383136	0.3847106979061631	0.46184647208000573
0.15396774422233844	0.38413941260731205	0.4618928431703496
0.15365296777633886	0.38394810102722815	0.4623989311964331
0.15289606560825325	0.38467981274819046	0.4624241216435564
0.15366070460688364	0.38373096453338384	0.46260833085973263
0.15339692644723868	0.384380558216273	0.4622225153364885
0.15312159900408012	0.3838386990490805	0.46303970194683947
0.1531981006573948	0.3842389421365192	0.4625629572060861
0.15337136949962893	0.3844650640794104	0.4621635664209608
0.1526681892355381	0.384736809649818	0.4625950011146441
0.1528923173093962	0.3841933224834878	0.4629143602071161
0.15336879324047367	0.38418309623145014	0.46244811052807633
0.15287649038633055	0.3838755777186233	0.46324793189504626
0.1536765171670888	0.38388454656977933	0.46243893626313204
0.15329212688345834	0.3848092898983467	0.4618985832181951
0.1526963505289747	0.38449477129811055	0.46280887817291483
0.15394712248294318	0.38359478010814446	0.46245809740891247
0.15268214834929106	0.38442589798195254	0.46289195366875646
0.15265107851737947	0.3846299947982225	0.4627189266843981
0.1532896558201457	0.38456746640159184	0.4621428777782626
0.15351093619467476	0.3843176302144618	0.46217143359086355
0.15348526090968342	0.38397140363099164	0.462543335459325
0.15360519076892287	0.38357809127071424	0.462816717960363
0.15390500831019038	0.3837812564604443	0.4623137352293654
0.1530079211988879	0.38368465634880955	0.4633074224523027
0.15287673850728456	0.38395267847804726	0.4631705830146683
0.15380498661866038	0.3836292798766661	0.4625657335046736
0.15394231172518075	0.3845500267946995	0.4615076614801199
0.1536287536866208	0.38454746659908595	0.46182377971429334
0.15292229701261523	0.38495714969075495	0.46212055329662993
0.15332173885358868	0.38389649613192883	0.46278176501448265
0.1528534949373872	0.38410844812044226	0.46303805694217065
0.15316567001882317	0.38374499360325853	0.4630893363779184
0.1533745480824445	0.3842573363052012	0.4623681156123544
0.15330335513452462	0.3848254434712574	0.4618712013942181
0.15366773692222593	0.3839647613658307	0.4623675017119435
0.15308429934633805	0.3851611650227173	0.4617545356309448
0.1539952532662125	0.38432019315021093	0.4616845535835767
0.15291343395675	0.38378131965198603	0.46330524639126414
0.15280756864170084	0.3849716853931546	0.46222074596514473
0.15382803980631304	0.3846103457286088	0.4615616144650783
0.15285560284000066	0.3840629737894063	0.46308142337059316
0.15303381390626147	0.3847010633785699	0.46226512271516873
0.15279356764743088	0.384535629041873	0.4626708033106962
0.15363537557530124	0.3841089765315063	0.4622556478931926
0.15350872248120542	0.3846105594116263	0.4618807181071684
0.1530131171063528	0.3840630439044792	0.46292383898916817
0.15357204178638117	0.3845478085633352	0.46188014965028373
0.15274502698677653	0.3843216252053344	0.46293334780788914
0.1532359513768214	0.384314064293574	0.4624499843296047
0.15276614995819565	0.38440693115290553	0.46282691888889893
0.15349228771867027	0.3848360540053631	0.4616716582759668
0.1538682176895185	0.384154470399005	0.4619773119114766
0.1539325439865203	0.384269821088243	0.46179763492523684
0.1530260421968625	0.38420340283507753	0.4627705549680601
0.15396302787922284	0.38410649414652404	0.46193047797425324
0.15381993177957165	0.38466725740869007	0.4615128108117384
0.15389112438499353	0.3839728108006068	0.4621360648143997
0.15397459104555639	0.38357179163401556	0.4624536173204281
0.15350800090185726	0.3843869049816905	0.4621050941164524
0.1534166491307897	0.3839403845711782	0.46264296629803225
0.15393851035620643	0.38374663907737616	0.4623148505664176
0.15320435573858782	0.385163493541449	0.46163215071996333
0.15321069421979022	0.3841508052758776	0.4626385005043323
0.15352505266419264	0.383835035593019	0.46263991174278846
0.15398712530768668	0.3839765969459302	0.46203627774638323
0.15268244590811975	0.38447404164817933	0.46284351244370103
0.15397786606620123	0.3838342491340185	0.46218788479978035
0.15295512929002836	0.38514307658096314	0.46190179412900867
0.15319728605576027	0.3838187123647016	0.46298400157953823
0.15353827568796133	0.384101959874498	0.4623597644375408
0.15272367043775875	0.38454552515751916	0.46273080440472225
0.15279868838085708	0.3838122297447311	0.46338908187441197
0.15301500868487958	0.38483014030953244	0.46215485100558806
0.153213984383557	0.3837514128609667	0.4630346027554765
0.1531417721538832	0.38508401826851024	0.4617742095776067
0.15393944361306183	0.38424148839480177	0.4618190679921365
0.1529491095008914	0.38412034535739753	0.46293054514171117
0.15346689094305155	0.384341634945766	0.46219147411118255
0.15295440589339468	0.38422639517734436	0.4628191989292611
0.15349232451515563	0.3836734974503038	0.4628341780345407
0.1534040733710224	0.38493957973407517	0.46165634689490254
0.15392824110297715	0.3837811560633134	0.46229060283370954
0.1538474929159196	0.3842391095016275	0.46191339758245303
0.15274813360901587	0.383999219778357	0.4632526466126272
0.15390109382785444	0.3843658527290918	0.4617330534430539
0.15365951090318075	0.38429900458627275	0.4620414845105466
0.15336914313686917	0.3841890135593549	0.462441843303776
0.15336873372963564	0.38377763958530814	0.46285362668505636
0.15368498794113553	0.3842456076747712	0.4620694043840934
0.15341487464314432	0.3845127968674002	0.46207232848945556
0.1530695572243533	0.38504185390980966	0.46188858886583717
0.1526570115896592	0.3840449630924526	0.46329802531788833
0.1531100614067557	0.38401748322769025	0.4628724553655542
0.15280459564238746	0.3849935578569711	0.46220184650064156
0.15372409661121195	0.38474664047173374	0.46152926291705443
0.15389882468902255	0.38394597503823746	0.46215520027274015
0.1531334168410707	0.38397106530522473	0.46289551785370475
0.1526456614389783	0.3840725833373496	0.4632817552236722
0.15381122816972143	0.38376267223845206	0.4624260995918266
0.15264193655980807	0.38438329260623705	0.462974770833955
0.15304269945926058	0.3840255278897895	0.4629317726509501
0.15297149507321614	0.3850644113884978	0.46196409353828627
0.1529901031333383	0.38431172712624834	0.4626981697404135
0.1529272927107384	0.38452159005879105	0.46255111723047065
0.15306004172843424	0.3849516023908665	0.46198835588069936
0.153676073567876	0.38462939261643375	0.46169453381569037
0.15339238790057763	0.38405264184381943	0.4625549702556031
0.15340862662494248	0.38395670498959206	0.46263466838546563
0.15348394507664245	0.3836653571964124	0.4628506977269452
0.15304173356203093	0.38517646917475473	0.46178179726321444
0.15376054721085258	0.3837579999890949	0.46248145280005265
0.15280486091074202	0.3842924966814796	0.46290264240777845
0.15301207553413015	0.3845656191234434	0.46242230534242657
0.15295380424435007	0.3839041786914319	0.46314201706421815
0.15370877182690032	0.3841295494920188	0.46216167868108105
0.15378163337931816	0.38362715215489057	0.4625912144657914
0.1533538353358901	0.38407041667111597	0.46257574799299406
0.1533740597502899	0.3843116737293695	0.4623142665203407
0.1529192110356378	0.38413361246410044	0.4629471765002619
0.15317766302985342	0.38407058090692986	0.46275175606321683
0.15329580149679406	0.38428707421218933	0.4624171242910168
0.15366308739294152	0.38417019196920543	0.46216672063785313
0.152653364512424	0.38481706948478916	0.46252956600278694
0.15388845613598928	0.38403079908554	0.46208074477847083
0.15311683400432946	0.38385612171892464	0.463027044276746
0.15288584702031738	0.3847109535815415	0.46240319939814123
0.15337869555700728	0.3841179452419297	0.4625033592010631
0.1537499387119839	0.38399448729287966	0.4622555739951366
0.1532075795860383	0.38410109470787984	0.46269132570608196
0.15360049086726477	0.384562924867453	0.4618365842652823
0.1536709188447441	0.383887371177505	0.462441709977751
0.15370323535724456	0.3839387370906913	0.46235802755206423
0.1530035207165949	0.3848486643134743	0.4621478149699309
0.15268523062147138	0.384621167668718	0.4626936017098108
0.15358080496030446	0.3847160610954225	0.4617031339442732
0.15375869848951565	0.3843506723296094	0.4618906291808751
0.1526899207562735	0.38439863188425605	0.46291144735947054
0.15308903251267142	0.3849716848867498	0.4619392826005788
0.1530619278349269	0.3851335844309598	0.4618044877341134
0.1539371177079254	0.3844792866931649	0.4615835955989099
0.1526739194687215	0.3848160312160913	0.46251004931518735
0.15320512131394112	0.3844778940567294	0.4623169846293297
0.15292886563663974	0.38513674975679907	0.4619343846065613
0.15315280555512284	0.3841777196670182	0.4626694747778591
0.15275460480939623	0.3849035837420304	0.46234181144857356
0.15382339271563805	0.38400743277080335	0.46216917451355877
0.15374722422618123	0.3837415044144583	0.46251127135936054
0.15344736878966836	0.38427996146021376	0.462272669750118
0.15393902645363064	0.3839204506673334	0.4621405228790362
0.1532190552005473	0.3848311215055702	0.46194982329388257
0.15329167733591692	0.38503684620085976	0.4616714764632235
0.15381232194464817	0.3845760350683315	0.46161164298702045
0.15370038252655127	0.383717044615623	0.46258257285782584
0.1534760263608863	0.38421635093065803	0.4623076227084558
0.152909966498448	0.38458492665066263	0.46250510685088947
0.15358325153704194	0.3846624006079133	0.4617543478550449
0.1534288590467832	0.3844805848297349	0.46209055612348204
0.15288323651196334	0.38402108127986206	0.4630956822081747
0.15377387986117436	0.38362435442820003	0.4626017657106257
0.15300405816979235	0.38495236539443545	0.4620435764357723
0.15396197841721446	0.3845068118761766	0.4615312097066091
0.15337521348957328	0.3836375446006235	0.46298724190980334
0.15395349182967208	0.38375011668758113	0.4622963914827469
0.15309145190466458	0.383773834548956	0.46313471354637953
0.15392535771299923	0.384435187006096	0.4616394552809049
0.15348904013813364	0.3839015493141135	0.462609410547753
0.15365276090298663	0.383778846040397	0.46256839305661646
0.15325946616854136	0.38515675314825326	0.4615837806832055
0.15285832273172723	0.38427524734076385	0.46286642992750904
0.15316565160125883	0.3843729962939669	0.46246135210477446
0.15298608711284933	0.384835939894888	0.46217797299226276
0.1530565638218674	0.3843693139391342	0.4625741222389985
0.15350434370741045	0.38418728175873884	0.4623083745338509
0.15290322882544832	0.3843379461167568	0.462758825057795
0.15320192455797155	0.38400586068784937	0.4627922147541792
0.15324539276091087	0.38496318341647	0.46179142382261923
0.1537339776178523	0.3836765405622664	0.46258948181988147
0.15316338860609735	0.3846967787898346	0.46213983260406816
0.15396601900698526	0.38445062945518954	0.4615833515378253
0.1532300678582028	0.3836142698028864	0.4631556623389109
0.1532675371737931	0.38492066040399975	0.4618118024222073
0.15336622710913977	0.3838070495099596	0.46282672338090075
0.15314104540181905	0.3850933064157542	0.4617656481824269
0.15285208948300488	0.3837884692967216	0.4633594412202736
0.15380768553366098	0.384574947948159	0.4616173665181802
0.1527176604072159	0.384708781739528	0.4625735578532562
0.15388662324729374	0.3841986922639846	0.46191468448872175
0.152949968804856	0.3845366200903672	0.46251341110477684
0.15365784074527	0.3836882208985986	0.46265393835613144
0.15290896325699704	0.384292744466031	0.4627982922769721
0.15371926074927572	0.38416585613862486	0.4621148831120996
0.15277938332947827	0.38469686574898454	0.46252375092153736
0.15387032582379284	0.3840939670018174	0.46203570717438985
0.1534290993694421	0.38454706726069326	0.46202383336986474
0.1533449737907208	0.38465277975142803	0.46200224645785126
0.15279941578645762	0.3851472194837064	0.4620533647298361
0.15367768062213205	0.3839049539050986	0.46241736547276946
0.15303896922689103	0.38502374114033555	0.4619372896327736
0.15279572709338524	0.38509995992756163	0.4621043129790532
0.153557682899367	0.3837938281896006	0.4626484889110325
0.1535111643394087	0.3846411495290788	0.4618476861315126
0.15325690741306247	0.38507303454376496	0.46167005804317274
0.15328865813232476	0.3838763967856799	0.4628349450819954
0.1528851424263219	0.38475379417540123	0.462361063398277
0.15322949839350888	0.3839973200390141	0.46277318156747715
0.15296152163549162	0.384007336901618	0.46303114146289054
0.1538404778269532	0.38375555722732335	0.46240396494572356
0.15367084619768112	0.38452841735396337	0.4618007364483556
0.15345438068683998	0.3847258273285209	0.4618197919846392
0.15275977987106737	0.3850903460215906	0.46214987410734215
0.15277286728261824	0.3839839143983765	0.4632432183190054
0.15309645730497676	0.3849526210489338	0.46195092164608953
0.15283149725768091	0.38381379921855235	0.46335470352376684
0.15273109509933225	0.38418175495674045	0.4630871499439274
0.1533027721041351	0.38365474766448837	0.4630424802313767
0.15338890412574152	0.3838858522265101	0.4627252436477485
0.15334449400440928	0.3844675486470554	0.4621879573485354
0.15325350386569073	0.38501285230685844	0.46173364382745097
0.15281147487956928	0.3841185862195432	0.46306993890088766
0.15336311195755015	0.3848695655444469	0.46176732249800306
0.15298773759064982	0.3836377441383668	0.4633745182709835
0.15389452708733864	0.383618726634372	0.46248674627828945
0.15329209912623687	0.384268735541782	0.46243916533198126
0.15371918755886116	0.38382121935479185	0.4624595930863471
0.1533544995382496	0.38381799597404664	0.46282750448770393
0.15326277823420395	0.38456745031957396	0.4621697714462222
0.15394928279561348	0.3842356028599033	0.4618151143444833
0.1527596291994078	0.3850002240379574	0.46224014676263486
0.15266237392691434	0.38482540775186824	0.4625122183212176
0.15371970171757252	0.3844848560060984	0.4617954422763292
0.15321048082374783	0.383743701677693	0.4630458174985593
0.1530215002357754	0.38454811384987464	0.46243038591435004
0.15353148122380403	0.38388886765241065	0.46257965112378546
0.15350709842710497	0.38457504278249444	0.4619178587904007
0.15344420775402304	0.38374315450494706	0.46281263774103
0.1539659504876693	0.3843290899620295	0.46170495955030133
0.1530605643474713	0.3838713127298715	0.4630681229226573
0.15278232455971383	0.38411081298496447	0.4631068624553218
0.15264339713805197	0.38477678102368484	0.4625798218382633
0.15325039151098963	0.3846387162160006	0.46211089227300994
0.15295845015504353	0.38407723557030665	0.4629643142746499
0.15294265263832094	0.38504697984274666	0.46201036751893254
0.15330094361243185	0.38432150944219534	0.4623775469453729
0.1539843752641063	0.38379310078705925	0.46222252394883456
0.15309914651793435	0.384969718406824	0.46193113507524175
0.153983536035002	0.3836199586656955	0.4623965052993026
0.15322431487118954	0.3849815458502561	0.4617941392785545
0.15388480452471742	0.38440181325307055	0.46171338222221214
0.15320545007713754	0.3839454468566563	0.4628491030662062
0.15304855796315237	0.38362315981998907	0.4633282822168587
0.1532599031682923	0.3841000470875577	0.46264004974415013
0.15360009288021195	0.38419476286680243	0.46220514425298576
0.1530282665679591	0.3846750891983561	0.462296644233685
0.15300457929136319	0.3850019209371169	0.46199349977152004
0.15287547483698316	0.38516732890589733	0.4619571962571196
0.1529731636192647	0.3846241495490954	0.46240268683164
0.15343797049591956	0.38463336648231133	0.4619286630217692
0.1531028855313325	0.38427184448031504	0.4626252699883526
0.15356905287861727	0.38411717480767527	0.4623137723137076
0.1530034645889164	0.38369519096823695	0.46330134444284676
0.1529872389288838	0.38433772704713554	0.46267503402398075
0.15351624787962548	0.3840494488336289	0.46243430328674573
0.15362273608172672	0.3840969554216459	0.46228030849662743
0.1536573452689199	0.38472678045866665	0.4616158742724136
0.15297180042392594	0.3837163730706262	0.4633118265054479
0.1533526909705239	0.3849879281930244	0.46165938083645186
0.15356287705649885	0.3842507603029314	0.4621863626405699
0.1529951853874877	0.38490476064393586	0.46210005396857656
0.15291922727770252	0.38505890982022706	0.4620218629020706
0.15298503304460653	0.3845969907925336	0.46241797616285996
0.15312849998882241	0.3841228220655156	0.4627486779456621
0.1527863110319425	0.38403523433386383	0.4631784546341938
0.15273365439624526	0.3846848157312791	0.46258152987247575
0.1535269529923915	0.38448622278956524	0.4619868242180434
0.15274569256440934	0.38468641465795617	0.4625678927776346
0.15331815815249494	0.3836293109064239	0.4630525309410813
0.15264090782159723	0.384735320189549	0.46262377198885396
0.15347361011385463	0.3842832258464989	0.4622431640396466
0.15354452095739618	0.38446296541699804	0.4619925136256059
0.15338055654239396	0.38373355205272464	0.4628858914048815
0.1539036644987757	0.38446934548416123	0.4616269900170632
0.15389472552426478	0.38428907500108284	0.46181619947465247
0.1533342880979831	0.3837210848011169	0.4629446271009001
0.15313124385517535	0.3844657004798109	0.46240305566501383
0.15364213698895224	0.38402744693780505	0.4623304160732428
0.15349381073100415	0.38384467668764444	0.4626615125813515
0.1535003003409759	0.3844990369389242	0.4620006627201
0.1537311168722138	0.3837432640120442	0.4625256191157421
0.15350029342199345	0.38388721893793787	0.4626124876400688
0.15307243084619723	0.38375698032995786	0.463170588823845
0.1535167590016348	0.384588638586422	0.46189460241194324
0.152685293200247	0.38443520643506274	0.46287950036469033
0.1537886714771659	0.3837782503321613	0.4624330781906729
0.15345109132250287	0.38456243401178924	0.461986474665708
0.15279931105870231	0.38467824519693594	0.4625224437443618
0.15348384022147962	0.38441226569859416	0.46210389407992636
0.1537173798851967	0.3842468781038949	0.4620357420109086
0.15349487761364727	0.3848903888652125	0.46161473352114035
0.15310263685728073	0.384559002535476	0.4623383606072434
0.15340100967260384	0.38502222138530195	0.46157676894209426
0.15321286397302902	0.3851725232228463	0.4616146128041248
0.15344531984432078	0.38426610784601606	0.46228857230966325
0.15279078185931966	0.38511291213144494	0.4620963060092355
0.1533761122233625	0.3846694184842242	0.46195446929241335
0.15282724932906527	0.3841520574293743	0.4630206932415606
0.15397954642498157	0.38405541171299734	0.4619650418620212
0.15364496000678152	0.3846102908314325	0.4617447491617861
0.15370791811483264	0.3846758557703779	0.4616162261147896
0.1529520646721717	0.3843526476206153	0.46269528770721313
0.15364222213959589	0.3838161048588379	0.46254167300156634
0.15303660501778446	0.3845751501473873	0.4623882448348283
0.1529457677184249	0.38433283061076284	0.4627214016708123
0.15377499739870465	0.38397856931382973	0.46224643328746573
0.15302810265647637	0.38511555511991785	0.4618563422236059
0.15362233790130259	0.3839883439859413	0.4623893181127563
0.153075196868657	0.38417247891800943	0.4627523242133337
0.15302190262422605	0.38428598727160745	0.46269211010416667
0.1530494324163268	0.3851032334801098	0.4618473341035636
0.15271470246699176	0.384305907239519	0.46297939029348933
0.15396980878222327	0.3844913882248882	0.46153880299288863
0.15345290670190573	0.3847352857150288	0.4618118075830656
0.15327836380469295	0.3848597012281269	0.4618619349671802
0.15279184433769277	0.3844162456003102	0.46279191006199716
0.15275741185663114	0.3843375065358181	0.46290508160755084
0.15362143962685193	0.3839411979186597	0.4624373624544885
0.1529090339340935	0.3845541283584179	0.4625368377074887
0.15293597811305543	0.3849649223919005	0.46209909949504424
0.1535988766673882	0.38390184189153514	0.46249928144107677
0.15309918463393668	0.3849710239122285	0.461929791453835
0.15322841384186178	0.3843845256711606	0.46238706048697775
0.15380257533637426	0.3841764025867966	0.46202102207682927
0.15287037619591998	0.38452910362992543	0.4626005201741547
0.1532906575666469	0.3851193655800232	0.46158997685333003
0.15304038220781355	0.3841075096504638	0.46285210814172273
0.1531316758086979	0.38435613256715184	0.46251219162415036
0.15304006129622472	0.38410461283503033	0.462855325868745
0.15382320386422066	0.38448795939118435	0.46168883674459515
0.15393042000525592	0.3835697009223865	0.4624998790723577
0.15356583509039062	0.3842449821533437	0.4621891827562658
0.15310687172744153	0.38449733876924114	0.46239578950331744
0.153094389746452	0.3849338675166281	0.46197174273692
0.15380676685938396	0.3836932664625611	0.4624999666780551
0.1534636137384564	0.38496957599860504	0.46156681026293866
0.15321480901036627	0.38383679438410595	0.4629483966055279
0.15296565399525303	0.38412862713860046	0.4629057188661466
0.15335621624768592	0.38417431725412043	0.46246946649819376
0.15345862042510056	0.3848119955806467	0.4617293839942529
0.15326619405132824	0.3850475688862411	0.4616862370624308
0.1536919919163659	0.38447784362789483	0.4618301644557394
0.15288767692940647	0.3847812500791241	0.4623310729914696
0.15339435472528445	0.3839796249288357	0.46262602034587996
0.1539251347474337	0.38385170119888984	0.4622231640536766
0.1538481769471819	0.3840426745572326	0.4621091484955856
0.15387401030315717	0.3837203790292036	0.46240561066763936
0.1539242598529671	0.38376538751689665	0.4623103526301363
0.1532087537238323	0.3841178850675483	0.4626733612086195
0.15311316663057356	0.3843736173903004	0.46251321597912615
0.1533870885184409	0.38357138038643485	0.46304153109512436
0.1529672326711874	0.3842150996273411	0.4628176677014716
0.1536404309711783	0.38367268841902785	0.46268688060979396
0.15354317733134393	0.3845571911419587	0.4618996315266975
0.15358419475694501	0.38425371399239744	0.46216209125065766
0.15394257598187036	0.3841513015163587	0.4619061225017711
0.15300416787083737	0.3845225010600905	0.46247333106907224
0.1533439275349268	0.3849545771806036	0.46170149528446974
0.15363621941738642	0.3847748619479886	0.46158891863462514
0.153478754851371	0.38423362628883956	0.4622876188597896
0.15313892042690838	0.38497067213511954	0.46189040743797216
0.1527954663974393	0.38448753068035063	0.4627170029222102
0.15287386261365968	0.3850252433093417	0.4621008940769988
0.15329630577494607	0.3850384403361141	0.46166525388894
0.1531931066110563	0.38498074083548905	0.4618261525534547
0.153048838842064	0.38431027774321136	0.46264088341472476
0.15391089007594277	0.3844445739824129	0.4616445359416444
0.15294301216095862	0.3846153198560252	0.46244166798301634
0.15395953729686626	0.3836821116987339	0.4623583510043999
0.15375526453645993	0.3839507830099065	0.4622939524536337
0.15269832694747343	0.3849544832181946	0.4623471898343321
0.15298485030917114	0.3849258851963756	0.46208926449445337
0.15270199217177866	0.3840925751275912	0.46320543270063025
0.15378753617079283	0.38393822799605637	0.4622742358331509
0.15329116526824627	0.38407392543124386	0.46263490930051
0.15300314310749033	0.3836897391404691	0.4633071177520407
0.15290634670129447	0.3837895928456236	0.46330406045308203
0.15266698932077485	0.38425712307564397	0.4630758876035813
0.1537938856827562	0.3843524423753229	0.461853671941921
0.15339093882824717	0.38374788263705056	0.4628611785347024
0.15342397172893418	0.3842727343722766	0.4623032938987893
0.15270472180814898	0.385066628874965	0.4622286493168861
0.15346518166786915	0.3850198877515921	0.46151493058053883
0.15265156193492022	0.38457967599557896	0.46276876206950096
0.15292709077102057	0.3836867881797869	0.46338612104919263
0.15291793970772694	0.38411787617569526	0.4629641841165779
0.15300592997226437	0.3850498857917235	0.4619441842360123
0.15267080486600368	0.3846739116918182	0.46265528344217827
0.15279230905177243	0.3847689657249699	0.4624387252232578
0.15360692911105084	0.38367408426825045	0.4627189866206988
0.15351601690690073	0.38378201096610987	0.4627019721269895
0.15326168782268548	0.3848096309622697	0.46192868121504493
0.15332409129680952	0.3846821118147464	0.4619937968884442
0.15400462855381702	0.3842398477490388	0.46175552369714434
0.1528499950686545	0.3843703172321642	0.46277968769918143
0.15282064027379147	0.3850045964512364	0.4621747632749722
0.15343676755203067	0.3849048224423888	0.4616584100055806
0.1533957242536477	0.38453031137489796	0.4620739643714544
0.15322865329000424	0.384107225183215	0.4626641215267809
0.15327399698977148	0.38427343858326446	0.46245256442696414
0.15378759716872853	0.38386874293313594	0.46234365989813564
0.1537425116438836	0.38359488172768286	0.46266260662843367
0.1529474021643566	0.3841163155765422	0.46293628225910133
0.15292485536007916	0.3844016659655475	0.4626734786743735
0.15368268398380985	0.384103219171118	0.46221409684507225
0.15375153971424355	0.38420783030706607	0.46204062997869055
0.15265468170170698	0.38418741276733454	0.4631579055309586
0.1537535330648402	0.3837054000575032	0.4625410668776567
0.1532002194631632	0.38405035549822203	0.46274942503861494
0.15339265842479222	0.38478438669423864	0.46182295488096925
0.15399582987517826	0.38395862816326615	0.46204554196155573
0.15288535192846198	0.38402322830438396	0.4630914197671542
0.15386608512352104	0.38434690047753955	0.46178701439893954
0.15303235833849144	0.38369043117850365	0.4632772104830051
0.15349274041686312	0.38432005910748834	0.46218720047564865
0.1534342619068829	0.38428694649087847	0.4622787916022387
0.15309372822377282	0.38461078347996347	0.4622954882962639
0.1527933916422171	0.3842073514170269	0.4629992569407561
0.15300817896683638	0.384558892975021	0.46243292805814273
0.15329265112167753	0.38401354395616794	0.4626938049221546
0.15288718916853677	0.38514403571582184	0.4619687751156415
0.15321038936197984	0.3850024836065007	0.4617871270315196
0.15324628871417872	0.38514360565363753	0.46161010563218385
0.1530694903626833	0.3838348335145714	0.4630956761227454
0.15314684734824308	0.3838790219077904	0.46297413074396665
0.1531482113714001	0.3835834855111031	0.4632683031174969
0.15364095341183412	0.3839882853183487	0.46237076126981724
0.15302778639010245	0.38480734778469494	0.4621648658252028
0.15288569389665896	0.38425484493625217	0.462859461167089
0.15360235653862564	0.38460951038215985	0.4617881330792146
0.1529962466881002	0.3848515501232757	0.46215220318862427
0.15355244953698804	0.3843767986110883	0.4620707518519237
0.1527286681050749	0.38464905985015196	0.46262227204477324
0.1537691786575714	0.3837489655207156	0.46248185582171314
0.15273814524171303	0.3842771090907159	0.4629847456675712
0.15299589543100708	0.3848393891336748	0.46216471543531823
0.15344804758908911	0.38479355757446065	0.46175839483645037
0.15344036752530807	0.3843920320468077	0.46216760042788435
0.15357324818791399	0.3844509348579243	0.4619758169541618
0.15279811259985604	0.384075422024422	0.4631264653757221
0.1536205442881037	0.38376044322123515	0.4626190124906613
0.15330899465595005	0.38378065581746446	0.4629103495265856
0.15268868936774943	0.3844327330085042	0.4628785776237465
0.15303314968589465	0.3840494800068666	0.46291737030723884
0.15334987798916855	0.3838643411059437	0.4627857809048879
0.15363917896766666	0.38427762646269065	0.46208319456964275
0.1538915997051558	0.38383365370866424	0.46227474658618006
0.15302483178956733	0.38515797801097523	0.46181719019945755
0.1526466689484128	0.38449655679073436	0.462856774260853
0.1532836171970502	0.38512346202181064	0.46159292078113934
0.15304686085915598	0.38506300389573367	0.46189013524511047
0.15333877957929826	0.3846072026159411	0.46205401780476074
0.1530910927304554	0.38513324807640487	0.4617756591931399
0.1527213856766017	0.3850069493824455	0.4622716649409529
0.15350130367392484	0.3847064433841182	0.461792252941957
0.15325373543962523	0.3841137690568889	0.46263249550348606
0.15321108869487166	0.38467518147623236	0.4621137298288961
0.15342524271280644	0.38430584236520315	0.4622689149219905
0.15278105770487466	0.3841639862526006	0.4630549560425249
0.15329843041829355	0.38458761399914054	0.46211395558256607
0.15282852500676042	0.3847192900642617	0.462452184928978
0.15376353793613026	0.38443814450781794	0.46179831755605194
0.1530270760549418	0.3845573146939208	0.4624156092511375
0.15294341223589103	0.38405023063064725	0.46300635713346183
0.15330555070209723	0.38445127443681404	0.46224317486108885
0.15300489216228919	0.38501613674373725	0.4619789710939737
0.1535939592131937	0.3848794148788224	0.461526625907984
0.15334489632016046	0.3838999619869089	0.46275514169293075
0.1531251583489494	0.3849687144221281	0.46190612722892266
0.15366367242138979	0.3836480672630514	0.462688260315559
0.15267707843336498	0.38405993972989405	0.4632629818367411
0.15270768972997026	0.3851195563095068	0.4621727539605231
0.15343111334664272	0.3846695313455418	0.46189935530781556
0.15322185408772532	0.38481173289483506	0.4619664130174398
0.1538105377204954	0.3843559965299633	0.4618334657495414
0.15310469785026748	0.3840252323303575	0.4628700698193752
0.15305772900249823	0.3848751702379032	0.46206710075959867
0.1527863480131354	0.38463996585348864	0.4625736861333761
0.15365903611730358	0.3847279893445803	0.4616129745381162
0.15311114133370732	0.38358524878145234	0.46330360988484043
0.15284919125155694	0.383898207784713	0.46325260096373017
0.15352903655707478	0.3842401929331044	0.46223077050982087
0.15286124317573077	0.3842447580832684	0.4628939987410009
0.15336121236400416	0.38401572983455734	0.46262305780143864
0.1527711240900252	0.3851245093125547	0.4621043665974202
0.1535620540618689	0.38433897735927475	0.46209896857885646
0.1536014167577047	0.38439873810591785	0.4619998451363776
0.15344701350850362	0.3842733487084158	0.4622796377830807
0.15338189115275452	0.3843599589513781	0.4622581498958675
0.15325591843018452	0.3838006690626246	0.462943412507191
0.15306488149449377	0.38439307708457604	0.4625420414209303
0.1537240221147182	0.38388424793466247	0.4623917299506194
0.15300881062252056	0.3846107713786139	0.46238041799886564
0.1528659225934243	0.38395661855216245	0.4631774588544133
0.15382383768756228	0.384236586269312	0.4619395760431258
0.1537455220023746	0.38426078139053493	0.4619936966070906
0.15333578741100257	0.3838903313430196	0.46277388124597796
0.15370971851062135	0.38466130268117926	0.46162897880819953
0.15400185703716607	0.3836085831169662	0.4623895598458678
0.15282909301179726	0.38389412320162797	0.4632767837865749
0.15375596836073008	0.38427345390936973	0.46197057772990024
0.15388238275051308	0.3838761945695116	0.4622414226799754
0.15298013962655874	0.3851024537163189	0.4619174066571225
0.15292116258208605	0.3844607018309471	0.46261813558696696
0.15280576671805085	0.38456380817275254	0.4626304251091967
0.1534228553120675	0.3839932837191792	0.46258386096875337
0.1528766481121354	0.3839374985087814	0.46318585337908336
0.15343105925278633	0.38371725564846787	0.46285168509874586
0.15334107619691412	0.3843866894823644	0.4622722343207216
0.15392572296893475	0.3838610165769059	0.46221326045415945
0.15382624102158812	0.3843469795806699	0.4618267793977421
0.1531180184099431	0.38402884005381477	0.46285314153624224
0.15332597787907126	0.38399933798805835	0.4626746841328705
0.1537311266213585	0.3838107037962314	0.46245816958241026
0.15316979419291404	0.383661280916374	0.463168924890712
0.1537137650430887	0.384334238870241	0.4619519960866704
0.15392584984675844	0.38412502512288227	0.46194912503035945
0.15290140995014095	0.3841068806143867	0.4629917094354724
0.1526589553161592	0.3848129307889203	0.4625281138949206
0.1530831624824237	0.3838936230849523	0.46302321443262406
0.15315478763315335	0.3846491414791899	0.46219607088765685
0.15321995081319909	0.38394908578249176	0.4628309634043093
0.15286871315062506	0.38424541129159845	0.4628858755577766
0.1537620019840266	0.38383836020013307	0.4623996378158405
0.1530200920316575	0.3850493647718538	0.4619305431964888
0.1538153869347268	0.38370485632397233	0.46247975674130104
0.15290103394910365	0.3837162121237622	0.46338275392713424
0.15272332301422797	0.38420906803443033	0.4630676089513418
0.15386009448921373	0.3843124967981179	0.4618274087126685
0.15382844888073022	0.3840417213227253	0.4621298297965446
0.15379095604215998	0.38450678892908524	0.46170225502875495
0.1530874257010601	0.38417984498966495	0.4627327293092751
0.15359543091126573	0.3836780700496998	0.4627264990390346
0.15376701001541626	0.38393983198930237	0.4622931579952815
0.1533581931415678	0.38358699133862845	0.4630548155198039
0.15371557422532045	0.38369728817596266	0.462587137598717
0.1535337652937961	0.3840587756488931	0.4624074590573109
0.1528901194914648	0.38462190814173025	0.46248797236680506
0.15381367748036115	0.3836372274698816	0.4625490950497574
0.15332570848599214	0.3846747034640714	0.46199958804993657
0.15282557430162474	0.38386501126231004	0.4633094144360653
0.15370299896561926	0.3847866065794631	0.46151039445491776
0.15355407981770344	0.38413178089055655	0.46231413929174014
0.1539864695819642	0.3838453656379738	0.4621681647800621
0.1537405803623088	0.38412940786083033	0.46213001177686097
0.15387329886165457	0.3837961655052958	0.4623305356330497
0.1537941052513968	0.38409475232414964	0.4621111424244537
0.15350518937540192	0.38381487598932007	0.4626799346352781
0.1535212093251665	0.3840141125545603	0.46246467812027336
0.15366511386456128	0.3845199862989204	0.4618148998365184
0.15382010930971457	0.3842690471791307	0.46191084351115486
0.15394129879835422	0.38414950212492727	0.4619091990767187
0.15365151509612054	0.38447334465097854	0.461875140252901
0.15316747026787442	0.3841020311817066	0.46273049855041914
0.1536535900295297	0.3836340076092075	0.4627124023612629
0.15345076557676984	0.38441970981913687	0.4621295246040934
0.1531618371199919	0.38430699156964687	0.4625311713103613
0.1537120250597859	0.3838820988589505	0.46240587608126366
0.15388603549801977	0.3841406828686995	0.46197328163328083
0.15321477065114544	0.3847633004536842	0.46202192889517046
0.1532845870849257	0.38361423499011077	0.4631011779249637
0.1530162925873898	0.3843945571792182	0.4625891502333921
0.15361424807529644	0.3846037907314595	0.4617819611932442
0.15287861320122476	0.3846239309496772	0.4624974558490982
0.152944624176869	0.38399202011206257	0.46306335571106855
0.15308826976885687	0.383974314650007	0.46293741558113627
0.15350588376595709	0.3849019324930649	0.4615921837409781
0.1530811839672231	0.3842866440339254	0.46263217199885165
0.1535796541273433	0.3846782970204882	0.46174204885216863
0.1528491291885577	0.3850047036697647	0.46214616714167767
0.15394885615386528	0.38403931175880934	0.46201183208732555
0.15336801060212696	0.38390991689028015	0.462722072507593
0.15372620022055383	0.38441631679887156	0.4618574829805747
0.1530196403820755	0.38428188375017935	0.46269847586774526
0.1529420950030492	0.38417447428036655	0.4628834307165844
0.15282394027648305	0.3848930207341706	0.4622830389893465
0.15371917876830046	0.38454311546842074	0.46173770576327894
0.1527517033914931	0.38406147674312796	0.4631868198653791
0.15389212505778493	0.3840008425754609	0.46210703236675427
0.15395222338463532	0.3843392784841372	0.4617084981312276
0.15365176394725338	0.38383968811615166	0.4625085479365951
0.1539170447921999	0.38410435838410295	0.46197859682369724
0.15343533721718228	0.3839969926458096	0.4625676701370082
0.15395906675414583	0.3844642910147147	0.4615766422311396
0.15306537119640007	0.384191371493501	0.462743257310099
0.1532695681066717	0.384400129723076	0.4623303021702524
0.15354283390242782	0.38415564267070534	0.4623015234268669
0.15308356250908509	0.38460847643182056	0.46230796105909444
0.15314964859124516	0.3843949200535266	0.4624554313552283
0.15343891061919285	0.3846149718337463	0.46194611754706094
0.15301753277182825	0.3840447045538627	0.4629377626743092
0.15367032118653462	0.384477525844113	0.46185215296935256
0.15346230798207544	0.3846355882199411	0.4619021037979836
0.1526748584525126	0.3845206808635011	0.4628044606839864
0.1530466957108087	0.3850002189926447	0.46195308529654666
0.15360000880385272	0.38367939164423553	0.4627205995519119
0.1536616815191829	0.3846286416986934	0.4617096767821238
0.15320387120798476	0.38497084016457733	0.46182528862743805
0.15353160316418163	0.38457829532288546	0.461890101512933
0.15342927988311028	0.3843998189772038	0.46217090113968606
0.15394846788974587	0.3843021188675849	0.4617494132426694
0.1531042399592017	0.3841478054521032	0.4627479545886952
0.15318648766636506	0.3844754238798849	0.46233808845375013
0.1535777211961088	0.3840645586546396	0.4623577201492517
0.15323847651361877	0.38510433183286336	0.461657191653518
0.1536083297209826	0.3840943556305694	0.46229731464844814
0.1528851721132393	0.3845751076338897	0.46253972025287116
0.15309654538695056	0.3836088828898661	0.4632945717231835
0.15309666809580036	0.384758991355795	0.46214434054840475
0.15313377165992445	0.3845189995159943	0.4623472288240814
0.15319939229614035	0.3842408493622877	0.4625597583415721
0.15307726625764312	0.38394023285574075	0.4629825008866163
0.15367399862216286	0.384780212794083	0.4615457885837543
0.15300524226070172	0.38471703369588545	0.46227772404341294
0.15296171278417403	0.38364984756693177	0.4633884396488943
0.1527812593580075	0.384068544473107	0.46315019616888564
0.15356372103929983	0.3837375364701213	0.46269874249057896
0.15324966120012737	0.383569328298073	0.4631810105017998
0.15352598069833207	0.38466480560011757	0.4618092137015505
0.1534655887375909	0.3837005853150119	0.4628338259473973
0.15327138564595472	0.3839803924467807	0.4627482219072647
0.15273660266825254	0.38510933220004034	0.4621540651317072
0.15315514368358546	0.384892808240893	0.46195204807552165
0.15307015014937295	0.38397856279169323	0.46295128705893396
0.15320011963296543	0.3838021167059247	0.46299776366111
0.1526454399229451	0.38425584789443706	0.46309871218261794
0.1539227077202484	0.3844599870343782	0.4616173052453735
0.15335646353003599	0.38370642877814193	0.46293710769182217
0.15385246446414647	0.383878505321708	0.46226903021414567
0.1530509537191701	0.38444107299978125	0.46250797328104876
0.15346933460319329	0.38441914098144553	0.4621115244153613
0.15279778450589315	0.385019617755562	0.462182597738545
0.15324658573374333	0.38493113460683137	0.46182227965942546
0.1535786400914202	0.38415518259197684	0.4622661773166031
0.15294701309100966	0.38381650761124886	0.4632364792977416
0.15280739584480463	0.38478257202407523	0.46241003213112025
0.15332557007138442	0.3845871563031233	0.4620872736254924
0.15270178247142496	0.38452119662227174	0.46277702090630346
0.15323233681860277	0.3836697255414777	0.4630979376399196
0.15315893891117535	0.38378279726956877	0.463058263819256
0.15266503408343557	0.3849239912108146	0.46241097470575
0.1530759825961302	0.3837432046523842	0.46318081275148576
0.15298464282564644	0.38374490301352665	0.463270454160827
0.15396237154991055	0.3840026020200978	0.4620350264299918
0.15375546344644211	0.3844825948931774	0.46176194166038065
0.15356424739959684	0.384275321553299	0.46216043104710425
0.15359185249598062	0.38390450799042636	0.4625036395135931
0.1531295722835896	0.3845227750518422	0.46234765266456834
0.15382608438172074	0.3845107546592679	0.4616631609590115
0.15352911558752064	0.38482146514103016	0.4616494192714493
0.15309451673959257	0.38415800277001294	0.4627474804903946
0.1538988552482795	0.38442971652532615	0.4616714282263945
0.15384517104942996	0.3844419216286108	0.46171290732195935
0.15296361910770517	0.3849415173130708	0.46209486357922414
0.15336204885435262	0.38426551825784067	0.46237243288780683
0.1536102748755121	0.38361653334433166	0.46277319178015636
0.15361253403710312	0.38411851017690524	0.46226895578599175
0.15330633502612953	0.3850173471798352	0.46167631779403534
0.15365941765256338	0.384197643223038	0.46214293912439874
0.1531321567779787	0.38428493549863674	0.4625829077233847
0.1527107324030204	0.3849802172047049	0.4623090503922749
0.1529133378115265	0.38411713424205873	0.46296952794641494
0.15322282304864876	0.38403808646227655	0.4627390904890748
0.1535581259822863	0.38408418841876923	0.46235768559894463
0.1528965261107308	0.38464081673585	0.46246265715341933
0.1539328861231563	0.3844825537881547	0.4615845600886891
0.15328657432184628	0.3848883085599202	0.4618251171182337
0.1531536507194406	0.38414738459422115	0.4626989646863384
0.15389578292538258	0.383943462688348	0.4621607543862696
