0.07700278410363703	0.12635995793474597	0.053529468573240015	2.274959075806715E-4	0.0013055366487552678	0.026835424371745978	0.0729368525475187	0.09701847396956316	0.2551009482208071	0.28968305772240605
0.07700262941955982	0.12635999498166678	0.053529575553072	2.2749534822909256E-4	0.0013055751412383854	0.026835452691212985	0.07293682882768537	0.0970184767967549	0.25510096095233786	0.2896830102882428
0.07700251816880856	0.12635980700979846	0.053529772840785736	2.2749510375566495E-4	0.0013055878488922867	0.026835475650743193	0.07293722595564793	0.09701822764195671	0.2551005941695246	0.2896832956100869
0.07700247329330998	0.12635990534315222	0.05352985279942291	2.2749522167304914E-4	0.0013057710906094894	0.026835601084780905	0.07293709013592733	0.09701811130055457	0.25510060428003	0.2896830954505395
0.07700252107187923	0.12635986091957727	0.0535297160375188	2.2749590703745326E-4	0.0013057179003723302	0.02683576250112868	0.07293685327206963	0.0970183535925723	0.2551005522137108	0.28968316658413346
0.07700211879675575	0.1263596152105116	0.05352960158478715	2.2749534151274287E-4	0.0013060190991394799	0.026836309044525317	0.0729368356186071	0.09701843548283515	0.2551002740110324	0.28968329581029323
0.07700218574569992	0.12635956940425525	0.053529663815725034	2.2749560949508751E-4	0.001306144214764035	0.026836178256254256	0.0729368307517149	0.09701816272459456	0.2551004740421256	0.2896832954353713
0.07700213627923601	0.1263598371848257	0.05352936749767781	2.2749539366397065E-4	0.0013061367294129739	0.02683606794795504	0.07293693095074144	0.09701807177249275	0.2551005867668177	0.2896833694771766
0.07700226579544936	0.12635990834616403	0.05352932833219668	2.2749511272836254E-4	0.0013060493960196096	0.02683601516874512	0.07293681006884833	0.09701817744600481	0.2551005639418778	0.28968338639196584
0.0770020573449447	0.12635991383712014	0.053529135124210335	2.2749569868843467E-4	0.001305990969009449	0.026835896690685077	0.07293729623013277	0.09701808199765101	0.255100407409551	0.2896837246980071
0.07700178826721067	0.12635994044292642	0.053529499435378027	2.2749573507603593E-4	0.001306335783974863	0.026835675427183833	0.07293852247839719	0.09701770555169925	0.255099738036684	0.28968329884146965
0.07700132947939316	0.12635933833524227	0.05352935941125925	2.2749578483415023E-4	0.0013063555572300073	0.026835985728966782	0.07293827630686392	0.09701837693434404	0.25509969987476827	0.2896837825870982
0.07700117267898464	0.1263591983953092	0.0535292583904072	2.274951811841036E-4	0.0013063900697234537	0.026835869121260306	0.07293858502478458	0.0970183903902733	0.25509972973767325	0.2896839110104
0.07700158143767785	0.1263590191854179	0.05352929533032834	2.2749543454850252E-4	0.0013065177072421608	0.02683587673247853	0.07293873272326913	0.09701810098126387	0.25509969609836447	0.2896836843694093
0.07700170990684421	0.12635921786886134	0.053529184738776894	2.2749557509728346E-4	0.0013067217811719295	0.02683571174868639	0.0729385847827127	0.09701789645153204	0.25509975567219406	0.28968372147412313
0.07700210054811575	0.12635826761165372	0.05352957533177192	2.274957116319698E-4	0.0013069150916587002	0.026835839962054048	0.07293889767958989	0.09701760907933088	0.2551000019871138	0.28968329699707923
0.07700174529354245	0.12635843953333017	0.05352941399703192	2.27495133045999E-4	0.0013066199396991884	0.026836239759353495	0.07293830729969028	0.09701765740616028	0.2551007320624791	0.2896833495756671
0.07700184884468109	0.12635863038824455	0.05352979082843314	2.274953856564732E-4	0.0013062430239777073	0.026835777578395115	0.07293857644582791	0.09701750368892047	0.2551008628902156	0.2896832709256479
0.07700169579880432	0.12635862055874028	0.053529870587875776	2.2749565410395967E-4	0.0013062562920160975	0.026835849092335093	0.07293851810359779	0.09701741983803887	0.25510082437445303	0.28968344970003473
0.07700176018985351	0.1263581362489991	0.05352964863007993	2.2749552142602159E-4	0.0013062654063774465	0.026835613888165508	0.07293916833630304	0.09701822519943415	0.2551001446546872	0.289683541924674
0.07700179087630668	0.12635862532166564	0.05352961104349021	2.2749565560645224E-4	0.001306008651389065	0.0268356006858744	0.07293926744667589	0.09701843738624838	0.2550997177497287	0.2896834451830146
0.077001674272662	0.1263586172980372	0.05353010583955765	2.2749531129884204E-4	0.0013062484895552673	0.026835770447112217	0.07293877831572348	0.09701811786854195	0.2550997725604203	0.289683419597091
0.07700170688992174	0.12635860849932457	0.05353021723612855	2.2749557179110869E-4	0.0013060137359180435	0.026835737825124634	0.07293882825025888	0.09701800285612534	0.25509977993460226	0.2896836092008048
0.07700194077561995	0.12635890421626633	0.0535304983410102	2.2749503868350895E-4	0.001306444118209557	0.02683540665275888	0.07293832672563295	0.09701785439298836	0.25509979003683275	0.28968333970199733
0.07700152651880769	0.12635908824284606	0.05353014627830371	2.2749565961711904E-4	0.001306722280466785	0.026835508595775867	0.07293871125997638	0.09701780447775432	0.25509971216271643	0.28968328452373554
0.07700199689014066	0.1263586466866088	0.05353048226694432	2.274950005993065E-4	0.0013061542702303836	0.026835885767078307	0.07293821827039884	0.09701740121583671	0.255100109567829	0.2896836100643336
0.07700119308736425	0.12635858635239552	0.05353043454181097	2.2749501379541737E-4	0.0013062674366510624	0.02683631383971738	0.07293795535921659	0.0970175825719473	0.25510025855030555	0.28968391324679593
0.07700076766308847	0.1263582476513665	0.05352996519372187	2.2749513673692157E-4	0.0013063979861905883	0.026836410860822293	0.07293858454233781	0.09701781625681799	0.25510044853080455	0.289683866178113
0.07700203245543605	0.12635882361247422	0.053528951024135046	2.274951413347992E-4	0.001306051530640881	0.026838008486682913	0.07293827285095177	0.09701742402797124	0.2550994036152182	0.28968353725515483
0.07700269937690832	0.1263585023855291	0.05352886775361382	2.2749565858516674E-4	0.0013062400450547795	0.026838058899344264	0.07293780546548591	0.09701743981888702	0.2550990949931708	0.28968379560342084
0.07700267540968711	0.12635859458319948	0.05352844432899912	2.2749528887737458E-4	0.0013062639242946428	0.02683799291915058	0.07293794917079609	0.09701762733285617	0.25509944934036116	0.2896835077017782
0.077002646642368	0.12635947299586894	0.053528420101259036	2.2749552130719997E-4	0.001305780554994737	0.026838143396083702	0.07293750976081896	0.09701784565698662	0.2550994486091532	0.28968323676115965
0.07700277619013479	0.12635928368728758	0.053528346921519976	2.2749548725160829E-4	0.0013058512098729352	0.026838119605604782	0.07293761947197631	0.09701782483262494	0.2550994554623581	0.2896832271313689
0.07700264907708551	0.12635925090085315	0.053528434012427926	2.274950624508998E-4	0.0013060842866715328	0.026838681663062608	0.07293710501664459	0.09701748361041174	0.255099560474358	0.28968325589603405
0.07700197932344252	0.1263588716008606	0.053528222309149324	2.274953651280054E-4	0.0013062150470156408	0.026838643313281244	0.07293748951297742	0.09701819290078549	0.25509975457645034	0.28968313605090934
0.07700220578201844	0.12635913021685471	0.05352790099733407	2.2749550103114136E-4	0.001306578881478615	0.02683844321707725	0.0729374555862509	0.09701805604194999	0.2550994879467885	0.28968324582921634
0.07700244813170262	0.1263592719463134	0.05352772844848639	2.274955434095477E-4	0.0013063936253385616	0.026838384701813475	0.07293725848807456	0.09701815692383135	0.2550995884506131	0.2896832737404169
0.07700251985185025	0.1263597579860798	0.0535278990383935	2.2749507611348474E-4	0.0013063170786603712	0.02683813432920311	0.07293720384436499	0.0970178116823822	0.25509954173740196	0.2896833193755503
0.07700192426322736	0.12635994070690154	0.05352856125075419	2.2749581892363147E-4	0.0013062757584540036	0.02683815107383107	0.07293687866763415	0.09701776929733671	0.25509971820767496	0.28968328495526235
0.07700189189614456	0.1263599590148264	0.053528500421822424	2.274954692395581E-4	0.0013063817403106137	0.026838181486706525	0.07293696604281442	0.09701768424279635	0.2550997837818543	0.28968315590348487
0.07700197304406543	0.1263598673575076	0.05352842863487661	2.2749508676181418E-4	0.001306222069362567	0.02683794871205082	0.07293704924797852	0.09701806697590361	0.25509981801665516	0.2896831308548378
0.07700203682666762	0.12635994714210075	0.053528167647888855	2.2749594252198524E-4	0.001306446449709897	0.026838097202238093	0.07293720144949722	0.09701806221663255	0.25509940073125115	0.28968314439149184
0.07700253581354438	0.12635970038889693	0.053528367850784755	2.2749564761133378E-4	0.001306299248146181	0.02683788224418787	0.0729373534030354	0.09701806095307436	0.25509906657438824	0.2896832378763305
0.07700251821909188	0.12635996071361566	0.05352808692215498	2.2749551812813185E-4	0.0013063269436542901	0.026837901366385558	0.07293727276944514	0.0970179442337656	0.2550994777262933	0.28968301558746545
0.07700233520227118	0.12635835078029065	0.05352776898343872	2.2749574080487E-4	0.0013063055467037593	0.026838468651848205	0.07293787143952077	0.09701768243778346	0.25510024743459403	0.2896834737827444
0.0770023841388596	0.12635877514576566	0.05352796170765357	2.2749545063774357E-4	0.0013066547137121354	0.02683802015746077	0.0729380764234013	0.09701725342392967	0.2551001358640867	0.2896832429744928
0.07700236051864379	0.1263581695545459	0.053528487124194446	2.2749593642230892E-4	0.001306804338909437	0.026838542330587203	0.0729372024429956	0.09701736600342273	0.25510048831123444	0.2896830834390441
0.07700254786818503	0.12635838770228536	0.0535282201264035	2.2749517769268812E-4	0.0013072867169739155	0.026838532572601936	0.07293691926057369	0.09701703461664272	0.255100373641858	0.28968320231678313
0.07700260848402778	0.1263583376458067	0.0535281828808076	2.2749528780720285E-4	0.0013072375420814242	0.026838438336164352	0.07293682087260392	0.09701700235157854	0.2551004933012922	0.2896833832978303
0.07700244840860096	0.12635831890715488	0.05352807009286029	2.2749530052651457E-4	0.0013070431193481502	0.02683860317986525	0.07293695591824395	0.09701699486660662	0.25510046782434825	0.28968360238244506
0.07700252504724032	0.12635839061437856	0.0535283004820318	2.274953119590084E-4	0.0013069474195992054	0.02683846893635891	0.07293716983322635	0.09701690527455646	0.2551002249379325	0.2896835721427168
0.0770022444186858	0.12635883646985024	0.053527970746409165	2.2749527631590882E-4	0.001307170989503073	0.026838551443119682	0.0729371797381195	0.09701686458254338	0.25509994843179445	0.28968373790365876
0.0770019838949117	0.1263592364521452	0.05352765856229787	2.2749559809240316E-4	0.0013073772887419594	0.026838717056328426	0.07293723229008439	0.09701720533324622	0.25509922998148354	0.28968386354266834
0.07700142604288916	0.1263591847582906	0.05352774684262318	2.2749566767073237E-4	0.0013077932616964022	0.02683938398399366	0.07293767600013923	0.09701716627360654	0.2550983531827791	0.2896837739863113
0.07700125146148878	0.1263591837192837	0.053527441019973226	2.2749513391170928E-4	0.0013079887264455525	0.026839157072126682	0.07293723099930574	0.09701749966336892	0.2550988609903382	0.2896838912137575
0.07700127226430012	0.12635908797916334	0.05352751502141238	2.2749536702361406E-4	0.0013079328362824855	0.02683886146462708	0.07293737956074232	0.09701753904566843	0.25509921433418714	0.28968370212659306
0.07700070377336207	0.12635922858112003	0.05352734415801043	2.2749500798613376E-4	0.0013084976957040972	0.026838938663195352	0.07293689303317322	0.09701827731616716	0.2550996129118708	0.2896830088594107
0.0770006250716592	0.12635918886630265	0.0535275539259471	2.2749562687578162E-4	0.001308369465223752	0.026839014550651782	0.07293707977279448	0.09701842223156432	0.2550992436758081	0.2896830068131728
0.07700089515783871	0.12635912045909864	0.05352741360691523	2.274953854174283E-4	0.0013081553144416308	0.02683854339767404	0.07293765883846373	0.09701791778238728	0.2550992549403405	0.2896835451174228
0.07700040442413439	0.12635942584071472	0.053527659407563224	2.2749514159293993E-4	0.0013082480920927203	0.026838675582109756	0.07293794062590483	0.09701779003409983	0.25509863799393095	0.2896837228578566
0.07700014550041308	0.1263594148043635	0.053528012164102405	2.274954827953951E-4	0.0013080569250256135	0.026838859318901745	0.07293786263706173	0.09701783247255084	0.25509857087076593	0.2896837498240197
0.07699943472481897	0.1263596792201034	0.05352942658594613	2.2749541555171227E-4	0.0013080344431455476	0.026839245887623486	0.0729377787635172	0.09701727929099663	0.2550986081739965	0.2896830174943004
0.0769993580243283	0.1263597028633936	0.05352935413267902	2.274957116505799E-4	0.0013080421120862523	0.026839089557068666	0.07293766791869148	0.09701739233857405	0.25509869810328445	0.2896831992382435
0.0769987944572551	0.12635976492767975	0.05352921695150886	2.2749579928597885E-4	0.0013080947036686608	0.026839158229774493	0.0729379036223191	0.09701735679982787	0.2550987317272076	0.28968348278147255
0.07699915787120973	0.1263588769533737	0.0535296357686985	2.274958667615734E-4	0.0013085087595832157	0.026839573503938147	0.07293786947946727	0.09701685272875771	0.2550983522692348	0.28968367679897533
0.07699932022301323	0.12635891689599754	0.05352895159909708	2.274959607053012E-4	0.0013077729926120468	0.02683976060954464	0.07293836566333625	0.09701802821300747	0.25509759172241636	0.28968379612027
0.07699913037143637	0.1263589324424012	0.05352865803341201	2.274956797198996E-4	0.0013078672050189505	0.026839637000041813	0.07293895146513336	0.09701797195939099	0.2550973929634113	0.28968396288003406
0.07699916101789445	0.1263590815395808	0.05352871062779453	2.2749527157478466E-4	0.001308370312669227	0.02683978724752313	0.07293875258284531	0.09701767318975693	0.255096974168065	0.2896839940422958
0.07699890463381878	0.12635966782477062	0.053528356288329706	2.2749534793618797E-4	0.001308124686933143	0.026839978657793126	0.07293890823718242	0.09701785951844272	0.2550971578842224	0.2896835469205709
0.07699909575186538	0.12635977239866963	0.053528549374776954	2.2749598148567862E-4	0.0013077988013819875	0.026839918149987943	0.07293908798732532	0.09701780062314708	0.25509744896934766	0.28968303196201234
0.07699942366284009	0.12635981305330055	0.05352855631679863	2.2749552439377263E-4	0.0013075874252894415	0.02683945354296932	0.07293918490776918	0.09701809931399538	0.25509736480606526	0.28968302144657837
0.07699947815648293	0.12635991340506136	0.053528446130292236	2.2749555970003055E-4	0.0013068676022118114	0.026839153335608767	0.07293917469800013	0.09701845520724951	0.2550977488882141	0.28968326701717906
0.07699952611389936	0.1263598203704544	0.05352843142522004	2.2749500371550824E-4	0.0013068075811280555	0.02683906388928632	0.07293907599078496	0.09701844793729818	0.25509763139775027	0.28968370029046286
0.07699948029922049	0.12635945702078144	0.053528618187100974	2.274951709295564E-4	0.001306744231382287	0.026839566348800664	0.07293913859200586	0.09701830578733696	0.2550975067742615	0.2896836875881802
0.07699966638837369	0.1263596785113994	0.05352842811937859	2.2749571033359173E-4	0.0013067294675460778	0.026839465029409218	0.0729389131121781	0.09701842107509107	0.25509720447662965	0.2896839981096606
0.07700157994959134	0.12635930294182962	0.05352741685141026	2.2749522485635E-4	0.0013072815544772354	0.026838113551167206	0.07294183352394085	0.09701752225931501	0.2550962000036738	0.2896832541397383
0.07700141456918475	0.1263590553900439	0.053528020887629923	2.2749500477524387E-4	0.0013074193779692295	0.026837444138613456	0.07294219926497644	0.09701734511494961	0.255096066178113	0.2896835400737444
0.07700138911130099	0.126359257900044	0.05352806488238629	2.274959855324138E-4	0.0013071346379888021	0.026837296076921882	0.07294264784385027	0.09701745958669324	0.2550959044640899	0.2896833495111923
0.07700118619516433	0.12635927915791925	0.05352705704952568	2.2749560206926367E-4	0.0013072671828788934	0.026837797304451946	0.07294266437502447	0.0970172858876171	0.2550963638418419	0.2896836034035071
0.07700111045479399	0.1263590066332279	0.05352727438183283	2.274951684054366E-4	0.0013067908722798338	0.026837882692394704	0.0729431021994969	0.09701743500577371	0.2550964765907492	0.28968342600104546
0.07700101831306128	0.1263593100941073	0.053526841049450706	2.274956086723845E-4	0.001307439490679449	0.02683778007158738	0.07294291751823004	0.09701749941466638	0.25509644510108614	0.2896832533384589
0.0770017623570883	0.1263596280486226	0.053526491742652255	2.2749598501531354E-4	0.0013064290131424433	0.026837381609931446	0.07294261016576961	0.09701828086962713	0.2550967836775138	0.289683136530637
0.07700172836908689	0.1263594666800097	0.053526461506970296	2.2749532616365975E-4	0.0013066750370988311	0.026837557126711972	0.07294258068557657	0.09701812832792304	0.25509674168682983	0.28968316525362914
0.07700188824022557	0.12635930078839083	0.05352646102835305	2.2749557163033451E-4	0.0013071998809347785	0.026837257574822346	0.07294248027996549	0.09701813844578755	0.25509652602868016	0.2896832521612099
0.07700135827479052	0.1263585682940646	0.053526391281349193	2.2749582463320317E-4	0.0013069307274234249	0.026837494437208745	0.07294251478545094	0.09701837219853214	0.25509744946003543	0.2896834247165117
0.07700121457863383	0.1263588137185988	0.05352643007774477	2.2749590007467568E-4	0.0013069120929238287	0.026837325906929374	0.07294301449273634	0.09701810473402887	0.2550971720652548	0.2896835164330747
0.07700117070242622	0.12635907798587154	0.0535265311933916	2.2749534780620861E-4	0.0013068910602429124	0.02683745237240795	0.07294298110809068	0.09701785124886998	0.25509703614289037	0.2896835128380025
0.07700104783347224	0.12635930146730903	0.05352655715064243	2.2749555762631435E-4	0.0013066259020408505	0.026837341481835475	0.0729430561408008	0.09701829279104833	0.25509723930843975	0.28968304236678477
0.07700062075308581	0.126358774510722	0.053526232995947096	2.274958219725537E-4	0.001306091538169088	0.02683773451947699	0.07294412261640526	0.09701734603298565	0.2550978838895005	0.28968369732173505
0.0770013302667642	0.12635885071178699	0.0535253077576521	2.2749512427888696E-4	0.0013071415718101664	0.026837847030038525	0.07294475400734331	0.09701684326817128	0.2550973850696908	0.28968304519246374
0.0770011936161688	0.1263595487674395	0.053524376016600234	2.2749590129964026E-4	0.0013070584999006346	0.026837583712147492	0.07294484657598839	0.0970170089251603	0.25509751949174	0.289683368493555
0.07700142456970861	0.1263596042578792	0.05352434752880816	2.274957025015789E-4	0.0013071052207251077	0.026837568226969727	0.07294523510377884	0.09701675873569043	0.2550972763673851	0.2896831842865532
0.07700125636608524	0.12635962763876163	0.053524336338643105	2.27495312792661E-4	0.0013070745812861079	0.026837478981789717	0.0729452125814595	0.09701682126836862	0.25509728337959897	0.28968341355121446
0.07700120298493965	0.1263596246923449	0.05352550097537911	2.274950506631901E-4	0.0013075625048173944	0.026837936945895785	0.07294507297415069	0.09701458732526647	0.2550972819805539	0.28968373456598884
0.07700162470411878	0.12635913179903616	0.053525685379393784	2.2749522883090678E-4	0.0013076098689599053	0.02683773079568695	0.07294516360608957	0.09701454275736827	0.2550974369461951	0.2896835789143205
0.07700181759615966	0.12635915106442355	0.05352568615415034	2.274957387034815E-4	0.001307603688823017	0.026837536045985433	0.07294548777235571	0.09701445775461376	0.2550973621372705	0.2896834020475146
0.07700188842717123	0.12635908423131698	0.053525529654741916	2.2749590746960757E-4	0.0013077395888896753	0.02683784798759907	0.07294534291893677	0.09701423993599992	0.2550969169277551	0.2896839144201197
0.07700132552982396	0.1263587385660444	0.05352552533235384	2.2749546435173185E-4	0.001308425076936362	0.026837774042740584	0.07294476380099468	0.09701495053595065	0.2550970733333145	0.2896839283174893
0.0770012538490506	0.12635876307774374	0.05352576634296715	2.27495615875567E-4	0.0013084878765029645	0.026837356923891706	0.0729446013587558	0.0970150654210308	0.2550972669498441	0.2896839425843375
0.07700071263322664	0.12635909904921774	0.05352604799519476	2.2749500639726583E-4	0.0013086202625119253	0.026837902877425227	0.0729446493758641	0.0970145774930353	0.25509775883212854	0.2896831364749985
0.07700117117768995	0.12635876604438484	0.0535270444049592	2.2749536380535507E-4	0.0013081948496996426	0.02683739084115934	0.07294491126494934	0.09701417831703654	0.25509734997533723	0.28968349776097857
0.07700218924462543	0.12635949760289117	0.05352581913685714	2.274955694955283E-4	0.0013077029783040983	0.02683844309100966	0.07294430691410028	0.09701224437983447	0.2550984843877873	0.2896838166950949
0.07700192958417995	0.12635977036690366	0.05352610860132983	2.2749566381581598E-4	0.001307554494550292	0.026838790683439293	0.0729440790442468	0.09701214365417311	0.2550982193111718	0.28968390859618937
0.07700099213838524	0.1263596676505522	0.05352714542567381	2.2749571706230654E-4	0.0013077142632142436	0.026838717029133638	0.07294337847900553	0.09701303385879405	0.25509787120762767	0.28968398423055125
0.0770008729102503	0.12635877174367444	0.05352680626366949	2.274950856108321E-4	0.0013088542751367171	0.0268383767808303	0.07294463480080318	0.09701361530772093	0.25509741959716387	0.2896831532351399
0.07700091190564257	0.12635958674240721	0.053528866068595485	2.2749575515601528E-4	0.0013085486515177769	0.02683783918437402	0.07294204659468073	0.09701474563255681	0.2550961258690167	0.28968383359605276
0.07700076400931243	0.12635959438072478	0.053528757021524286	2.274954406955021E-4	0.001308216816620661	0.026837552014488217	0.07294239297475721	0.0970148671274513	0.25509654326469844	0.28968381694972706
0.07700087474499924	0.12635967731490966	0.05352892975532312	2.2749570882286962E-4	0.0013083549505660541	0.02683718784378228	0.07294219365369467	0.09701486957989255	0.25509668148575165	0.28968373496225786
0.07700064918034602	0.1263598030726179	0.053528946850435515	2.2749566351389083E-4	0.0013084760585718308	0.02683729042485189	0.0729426780996532	0.0970146874834565	0.2550963008171274	0.28968367234942577
0.07700089805972121	0.12635952750555138	0.05352824027810229	2.2749506600805436E-4	0.0013090850248659164	0.026838022716293583	0.0729427191548294	0.09701437428260704	0.2550960015075545	0.28968363640446665
0.07700149041970956	0.12635920480038462	0.053527420649397424	2.2749525037578378E-4	0.00130963588208248	0.026837410170875597	0.07294256470350409	0.09701399097393155	0.25509692174627685	0.28968386540346197
0.07700147665849083	0.12635936795864697	0.053528056413294084	2.274950828074357E-4	0.0013093284465043875	0.02683689336980223	0.07294228916376286	0.09701419702942045	0.25509704841446246	0.28968384746280823
0.07700170851737698	0.12635954421043355	0.053527620832230845	2.2749585235706804E-4	0.0013094075417492551	0.026836833644294927	0.07294252519693445	0.09701421299441862	0.2550972811839342	0.2896833700262701
0.07700082427946356	0.1263598339188205	0.05352740535364534	2.274951122761132E-4	0.0013093241031563868	0.026837403854336167	0.07294205667758069	0.097014910528483	0.25509750086578	0.2896832453064582
0.0770003875698273	0.1263598917598978	0.05352726633283651	2.2749527500760813E-4	0.0013094001644672337	0.02683659556944644	0.07294250552096247	0.09701543785194172	0.2550974989542452	0.2896835210013676
0.07700054877609855	0.12635998597579765	0.05352739002484531	2.2749591791136614E-4	0.0013092312166875092	0.02683658040826857	0.07294292080083363	0.09701505318004933	0.2550970488497721	0.28968374484973597
0.07700014283331494	0.1263594029978669	0.053527577083330856	2.2749565773276526E-4	0.0013098566368834191	0.026836856793384226	0.07294268462927962	0.09701542858694005	0.2550968808898302	0.28968367389143707
0.07700000327215772	0.1263597706423165	0.053527912302255176	2.2749540103760013E-4	0.001310699356220149	0.02683676591806007	0.07294226344063288	0.09701472194344693	0.2550965004881892	0.28968386723568373
0.07700014031917535	0.12635980673817335	0.05352748369641442	2.2749544894172524E-4	0.0013106413868619465	0.026836828162471973	0.07294204435770744	0.0970147605985778	0.2550968029750755	0.28968399631660047
0.07700017223065911	0.1263592367886428	0.05352672976959827	2.2749562193517814E-4	0.001311105148856448	0.026838706099052423	0.07294330325029319	0.097013473916179	0.25509647959662746	0.2896832975781561
0.07700012466937997	0.12635915565776926	0.0535266113423489	2.2749595639066922E-4	0.0013109220728405035	0.026838599616523906	0.07294319617919269	0.09701365158453712	0.25509626093843846	0.2896839819825785
0.0769995337095589	0.12635994417835425	0.05352713639481411	2.2749597004251276E-4	0.0013108026575528176	0.02683911489901898	0.07294265479321449	0.09701350437660974	0.2550963239382168	0.2896834890826174
0.07699949422372715	0.12635973858373173	0.05352745863404266	2.2749519667249196E-4	0.0013108604638775306	0.026839112582164565	0.0729425855511948	0.09701326943201483	0.25509625231751537	0.2896837330150589
0.07699947030866201	0.12635891038522223	0.0535284143587279	2.2749515512870966E-4	0.0013108968410153327	0.026840060300218196	0.07294202424062635	0.09701436745763167	0.25509500759091785	0.28968335336184964
0.07699928759150826	0.12635928717334627	0.05352844969623354	2.274957863649535E-4	0.0013111421505401788	0.026839514487032062	0.07294185487587881	0.0970144953305764	0.2550948193126307	0.28968365359588877
0.07699922167657641	0.12635924890458214	0.053528405037881414	2.2749555651911668E-4	0.001311319620477494	0.026839310821107742	0.0729425894208603	0.09701440497745399	0.2550944371221631	0.2896835668623783
0.0769990269743138	0.12635949039258126	0.05352844777247607	2.2749563982638055E-4	0.0013114138833791034	0.026838941331396318	0.07294287161509352	0.09701437113526704	0.2550945050049276	0.28968343625073883
0.0769979802969452	0.12635874984737677	0.05352889914602639	2.2749578737887854E-4	0.0013122564955554972	0.026838873614051864	0.07294250677856726	0.09701546065530219	0.2550939721114324	0.28968380526736354
0.07699822551106958	0.12635886730145815	0.05352938630144152	2.274952750814102E-4	0.0013122100509854878	0.026838734431486252	0.07294182777347835	0.09701558181460643	0.25509393072726244	0.28968374081313036
0.07699965072121012	0.12635818071396898	0.053530629273816854	2.2749527020098081E-4	0.0013112931917140386	0.026838255840643005	0.07294163898102837	0.09701517323917336	0.25509422393398196	0.28968345883426233
0.07699984732497228	0.1263578935203181	0.053531320209476665	2.2749584145746737E-4	0.0013112400400297347	0.02683803059798985	0.07294106405947474	0.09701502572621558	0.2550945956215984	0.28968348705846714
0.07699979482065518	0.1263577473350552	0.053531277380955145	2.2749541715259836E-4	0.001311411460637374	0.02683807148139203	0.0729412579444614	0.0970147958083608	0.2550944655722858	0.28968368277904444
0.07700009563837282	0.12635786733692603	0.05353114167653445	2.2749554557581486E-4	0.001310993385547743	0.026837945736286492	0.07294131751068035	0.09701465200638879	0.2550947059867747	0.2896837851769128
0.0770001525726019	0.12635809167771708	0.053531100117133364	2.2749575976949155E-4	0.0013111539529155614	0.02683816109811296	0.07294142010325144	0.09701432279894835	0.2550948389757587	0.28968326294379115
0.07700023532274386	0.12635803159593817	0.05353092872668273	2.2749571812656633E-4	0.0013112000834193255	0.02683813403334752	0.0729417783195592	0.09701448124651768	0.25509444105368656	0.2896832738999784
0.07700134847572934	0.12635743177991066	0.053529980661014234	2.274959776355362E-4	0.001311145053394247	0.026837651303181387	0.07294136017081135	0.09701441040973255	0.25509587441679055	0.28968330175180007
0.07700155140231857	0.12635640521904246	0.05352978090953498	2.274959906484464E-4	0.0013112097903400233	0.02683657915710619	0.07294189527697043	0.09701526315997157	0.2550963661191971	0.2896834529748702
0.0770020093015314	0.12635653313073905	0.05352925506088144	2.2749567772598067E-4	0.0013109217873715773	0.02683622371970562	0.07294205622723632	0.0970154712547952	0.25509673270088207	0.2896833011391314
0.07700169911870416	0.12635683550055266	0.05352969025681422	2.2749554351760015E-4	0.0013116669275852477	0.02683675135447798	0.07294124693043513	0.09701389233202772	0.25509752335600266	0.2896831986798825
0.07700163390189177	0.12635718146434594	0.05352952492450023	2.2749572162837628E-4	0.001311658620091194	0.02683677119398982	0.07294101914999462	0.09701405058783091	0.2550975043528076	0.2896831600829195
0.07700173811556255	0.126357238493943	0.053529582199431394	2.2749526838065914E-4	0.0013114537119133518	0.02683708869192479	0.07294052782100052	0.09701368169033327	0.2550980720642954	0.289683121943215
0.0770010195005635	0.1263573556021027	0.05352991090406508	2.2749576474764832E-4	0.0013116366280537806	0.026837336757034216	0.072940251580763	0.09701361598641821	0.2550979815262734	0.2896833957499785
0.07700156162304882	0.12635803933228723	0.05352973657832077	2.2749590311765822E-4	0.0013112067155458262	0.02683763136169605	0.07294004561077452	0.09701344538153395	0.255097465386043	0.2896833721076321
0.07700185801126684	0.12635766548736285	0.05352986730170346	2.2749539002298036E-4	0.0013116509856432867	0.026837659213182596	0.07293988549534106	0.09701331275775466	0.25509754409691127	0.28968306126081095
0.07700167023991905	0.12635811242251024	0.05352944099867296	2.2749513883921213E-4	0.0013119171796390355	0.02683777639281308	0.07294016056547328	0.09701308566476405	0.2550972876626624	0.28968305373470665
0.0770016626835078	0.12635648362524507	0.05352854718479408	2.2749561751170266E-4	0.0013135334163082296	0.02683787461162844	0.07293744252068642	0.09701624552953471	0.2550976480751183	0.28968306673566524
0.07700086096531657	0.1263566191328072	0.053526991700185496	2.274955635011705E-4	0.0013150824073686895	0.026836963088768984	0.07293845112699847	0.09701649367474821	0.25509721883641007	0.28968382350389515
0.07700078733729185	0.12635655011088304	0.05352727642722363	2.2749544109040842E-4	0.0013152732282288582	0.02683688862331053	0.07293819411802974	0.09701647910004293	0.2550971460419316	0.2896839095719673
0.0770007958104174	0.12635619361178108	0.053526568614505665	2.2749557796429565E-4	0.0013156202716001625	0.02683733669648042	0.07293805107498641	0.09701670405340257	0.25509813080671834	0.2896831034821436
0.0770004670765076	0.12635611425551108	0.0535264298342727	2.2749555813333933E-4	0.0013156449120616531	0.026836808776117577	0.07293852840378447	0.09701705054049284	0.2550978307820131	0.2896836298611057
0.07700057591492501	0.12635580174687777	0.05352662127853067	2.2749503382996084E-4	0.001315657495991468	0.026836926599508162	0.07293876581661683	0.09701692308671137	0.25509745339898665	0.2896837796280221
0.07700048013157838	0.12635576678748273	0.05352666387618317	2.2749527240395473E-4	0.0013157624264458906	0.02683684718110771	0.07293847128909803	0.09701701732830705	0.2550975578052523	0.2896839379021408
0.07700003584124257	0.12635568491998297	0.053527711854567395	2.2749580655544166E-4	0.001316556701702512	0.02683634495631708	0.07293886173112094	0.09701618246004332	0.2550973940544034	0.2896837316740643
0.07700002574481588	0.12635566277970842	0.0535279915894191	2.2749549947158332E-4	0.0013165056286661286	0.02683607647772858	0.07293880518626647	0.0970163196781956	0.2550973670483625	0.2896837503673658
0.07699949476668148	0.12635553581664744	0.0535284932988955	2.274955167119036E-4	0.0013165072729957178	0.026835902769957135	0.07293853569773581	0.09701671512484376	0.25509735804994804	0.28968396168558314
0.07699951347504161	0.1263557865427022	0.05352836514611551	2.2749544400912924E-4	0.0013167028548806553	0.026836104995381485	0.07293827575178546	0.09701648303742579	0.255097468982558	0.2896838037701001
0.07699966996084301	0.12635551050735602	0.053528559791989776	2.2749580238751177E-4	0.0013168346864887714	0.026835559252534516	0.07293837943752107	0.09701685444035651	0.25509748044273234	0.2896836556777905
0.07699932763719475	0.12635520559848143	0.05352893565918568	2.274951346947357E-4	0.0013165152312278466	0.026835660176394688	0.07293840880092506	0.09701712644517768	0.2550975975356055	0.2896837277811127
0.07699909001325253	0.12635467812104284	0.0535286691636323	2.2749582472610108E-4	0.0013166691531521918	0.026836327983981542	0.07293751245740937	0.09701798564989857	0.2550981827935829	0.2896833888393216
0.0769993249457069	0.12635466741250767	0.053528796699135565	2.2749514404162008E-4	0.0013168625789491545	0.0268360179674159	0.072937341645817	0.097017687712323	0.255098484181221	0.28968332171288225
0.07700048668827361	0.12635462017614107	0.05352771806377064	2.2749594882601198E-4	0.0013165639952914532	0.026836342052142484	0.07293719102615087	0.09701735385884772	0.25509895456028625	0.28968327363026986
0.07700087829315773	0.1263546629136283	0.05352771393225658	2.2749534419362616E-4	0.0013159552559901672	0.026836691218492345	0.07293684675745202	0.09701746679259947	0.25509890532275953	0.2896833841694702
0.07700066539621411	0.12635437085615042	0.05352786895772667	2.2749541904464043E-4	0.0013158748605041348	0.026836677804807363	0.07293708658259188	0.09701735224764742	0.25509887046503876	0.2896837374102746
0.07700109134699362	0.12635400050412904	0.053527827870906	2.274953148723724E-4	0.0013160472639422993	0.02683642707220113	0.0729375739174333	0.09701719623366066	0.2550988738137769	0.28968346666208467
0.07700081107022863	0.1263544186712417	0.0535276946854294	2.274957883083989E-4	0.0013160513039138094	0.026836299094089966	0.07293770258715725	0.09701734998293857	0.2550985941952222	0.2896835826214701
0.07700083070026248	0.12635421993230414	0.05352759577527809	2.2749505724634078E-4	0.0013163412027972221	0.026836348639833293	0.07293768560480507	0.09701727523077762	0.2550985458846982	0.28968366197199746
0.07700070598341094	0.12635410819094506	0.053526897951727805	2.2749501794774862E-4	0.001316465075598433	0.026836901273721167	0.0729381428478046	0.09701683416680294	0.25509908914099966	0.2896833603510416
0.07700048976045787	0.12635419166834996	0.05352688440925907	2.274951144972115E-4	0.00131654925106639	0.02683681782044127	0.07293798429416157	0.0970170199309308	0.2550991958325066	0.2896833719183292
0.07700033707834573	0.1263528497993318	0.05352740367416163	2.2749584269188272E-4	0.001316644328743316	0.026838181256353455	0.07293827840925196	0.09701642458402017	0.2550990759948083	0.2896833090322917
0.0769998264292601	0.12635274981323935	0.05352811984981476	2.2749542267579137E-4	0.0013166464266088224	0.02683735956814888	0.07293816859863306	0.09701660320340955	0.2550995574838407	0.28968347320436894
0.0769996884665961	0.12635314932457128	0.053527778697348385	2.274957738894745E-4	0.001316721918001959	0.026837446547138266	0.07293819861140823	0.0970163837645866	0.2550996701955814	0.28968346670087824
0.07699955767555233	0.12635390448267605	0.05352783358996463	2.2749533590687987E-4	0.0013162060273988196	0.026837305919479665	0.07293867366938643	0.09701610911304617	0.2550997334086058	0.28968318077798316
0.07699957522532966	0.1263538833322949	0.05352808740188787	2.2749566833156487E-4	0.0013160835004215748	0.026837191759740073	0.07293870349998294	0.0970159790290408	0.25509988865774424	0.28968311192522633
0.07699931350500444	0.1263538478163241	0.053528255639351	2.2749559075653514E-4	0.0013158462486856648	0.026837110280131443	0.07293873712971388	0.09701634561369468	0.2550998232394346	0.28968322493690357
0.07699937855049081	0.12635364278909453	0.05352813244097731	2.2749529932808432E-4	0.0013159535092374386	0.026837205177265733	0.07293871857062145	0.0970161422757234	0.25510000885637707	0.28968332253088414
0.07699949652850954	0.12635348130708632	0.05352805814606429	2.2749545737027477E-4	0.001315926218432073	0.026837185873107863	0.07293875003996869	0.09701609229681307	0.25510018483351476	0.28968332929913304
0.07699968153992792	0.12635271884082988	0.05352789017253433	2.2749563631359326E-4	0.0013159929187187697	0.026836923288123052	0.07293928388491602	0.09701605442160043	0.2551007230532389	0.2896832362437971
0.07699956122577273	0.1263530276493024	0.05352773114625278	2.2749595081589247E-4	0.0013157636805863349	0.026836880691301954	0.07293960444037789	0.09701583294828384	0.25510085065657606	0.2896832516107301
0.0769994669517569	0.12635261201343226	0.05352765351829333	2.27495402361777E-4	0.001316171792521581	0.026837000607529388	0.0729400172593139	0.09701547149474261	0.2551006588920684	0.2896834520679798
0.07699994225496654	0.12635239214343413	0.05352724959067498	2.2749545203272492E-4	0.0013160528953997247	0.026836075139594018	0.07294025024434839	0.09701629989310782	0.25510043168715846	0.2896838106992832
0.0770003312551705	0.1263524139469264	0.053527357611070574	2.2749511881130224E-4	0.0013157728137716262	0.026836125116102436	0.07294016282687096	0.09701628748049776	0.25510063574253145	0.28968341808824694
0.07700051958479179	0.1263525636974433	0.05352735358972769	2.2749543460953703E-4	0.0013157980819740456	0.026835981346545773	0.07294013083699194	0.09701633943483878	0.25510055450129104	0.2896832634917861
0.07700041731876148	0.12635231002552863	0.05352667962433707	2.2749584239158127E-4	0.0013163350503809373	0.02683607418631069	0.07294019337878044	0.0970166042158022	0.25510071629839165	0.28968317405931526
0.07700037108623117	0.12635240334007442	0.053526660877030584	2.2749564739768524E-4	0.0013160255968327206	0.026836368301522223	0.07294044925674052	0.09701660139657123	0.255100329567482	0.2896832949301174
0.07700015639584265	0.1263525257726497	0.05352753134806901	2.2749587042912578E-4	0.001315821663321115	0.026835809736759503	0.07294034962361559	0.09701674068833531	0.2551002679325407	0.2896833009684373
0.077000159372562	0.12635210436557082	0.05352711356074809	2.274956130286776E-4	0.0013157049499004092	0.026835997702463837	0.07294081989015577	0.09701695560107966	0.25510055600567555	0.2896830929388152
0.07699997697663997	0.12635209528512562	0.053527004036493006	2.2749513058994975E-4	0.0013156318204186196	0.02683574868663298	0.07294104876864446	0.09701728932673898	0.2551004718371933	0.289683238131523
0.07699997705497735	0.12635212322829892	0.05352697030308534	2.2749572302102616E-4	0.0013156389769165	0.026835767952189768	0.07294113685098902	0.09701728643819009	0.2551004268325753	0.2896831766397566
0.07700010836908047	0.12635194204121136	0.0535269358536842	2.2749566507175578E-4	0.0013161421928788858	0.02683576029412256	0.0729412325164058	0.09701694943748712	0.25510038236488797	0.28968305126516986
0.07700047895255815	0.12635185612098593	0.05352706156207109	2.27495131803937E-4	0.0013156243538203077	0.026835640158015373	0.07294058660492558	0.0970176465526959	0.2551003024609706	0.2896833081021531
0.07700034341629035	0.12635202461947112	0.05352702448999032	2.2749581741829394E-4	0.001315476242543731	0.026835843847684684	0.07294037499970754	0.09701773638285463	0.2551003205960821	0.2896833595879572
0.07700055833702793	0.12635217056468903	0.05352747283357527	2.2749586776130148E-4	0.0013156115455493778	0.026835560096684696	0.07294038846271622	0.09701765953262656	0.25510003441220114	0.28968304834716846
0.07700120480058487	0.12635238366756585	0.0535291540200928	2.2749549831846405E-4	0.0013156148679386581	0.026835722622160565	0.07293944505191634	0.09701584276940094	0.255099829834269	0.2896833068677525
0.07700118636751392	0.12635247881119768	0.05352864408158521	2.2749583942999196E-4	0.0013159836020149862	0.02683551206028452	0.07293932335512329	0.0970158518465416	0.2551001267133414	0.2896833973229674
0.0770011601821047	0.12635246830754124	0.05352865473933073	2.2749520662340705E-4	0.0013159164638360393	0.026835440131440347	0.07293940206541497	0.09701580794966734	0.25510025952356735	0.28968339543047383
0.07700108586317764	0.12635255869908973	0.05352836123154627	2.2749545473789434E-4	0.0013157901574137043	0.02683540036660144	0.07293995147072613	0.09701592685706885	0.25510032313038755	0.2896831067692508
0.07700126510385119	0.12635287341466228	0.053527628266655636	2.2749526739211656E-4	0.001315592572174576	0.026835460956363855	0.07293958933887942	0.09701581133564038	0.2551008754033149	0.28968340834106565
