0.1553224601801037	0.3839972646893796	0.4606802751305168
0.15552235555034308	0.38443736354502744	0.46004028090462956
0.15577125186615115	0.38462401068375407	0.4596047374500949
0.15361068531675065	0.38475370540241327	0.4616356092808362
0.15322109491565417	0.38582882414834163	0.46095008093600437
0.15566427822205775	0.3848902357622875	0.45944548601565494
0.15345938501013878	0.38567869870039445	0.46086191628946693
0.15531910025323736	0.385270318665136	0.4594105810816268
0.15516121244419548	0.38498470952718344	0.4598540780286212
0.1533294515365238	0.3856730526839587	0.46099749577951765
0.15378992062065838	0.38510498415665195	0.4611050952226897
0.15437710437848595	0.38550453566391585	0.46011835995759837
0.15377095948874106	0.38535775370101377	0.46087128681024525
0.1545378134049199	0.3841060204721937	0.4613561661228865
0.15422468425884062	0.3845747242689445	0.461200591472215
0.15348253218870112	0.38509145505501746	0.4614260127562815
0.1534392689787098	0.38547664979819407	0.46108408122309624
0.15546651324741576	0.3842438572722907	0.4602896294802936
0.15529826874098446	0.3851170982814239	0.4595846329775918
0.15580738978853215	0.3846621163378521	0.45953049387361594
0.15455576294118312	0.38570761980079377	0.45973661725802323
0.15336001766724378	0.38595070357157274	0.4606892787611836
0.15574270008245367	0.384488465610399	0.45976883430714743
0.15322281669938748	0.3856663720346656	0.4611108112659471
0.15568735431693295	0.38415684390391325	0.46015580177915394
0.15501612534669063	0.3847412076516571	0.4602426670016524
0.15394455326240397	0.38513432862014396	0.46092111811745223
0.15585295576875108	0.38430038986561127	0.45984665436563776
0.1533427199549479	0.3850360526186107	0.46162122742644157
0.15433868182183533	0.3857702823768715	0.4598910358012933
0.1544979951800968	0.38581025144893816	0.45969175337096513
0.15457465216212263	0.3846085662432264	0.4608167815946511
0.15587293275475267	0.38390637023669577	0.4602206970085517
0.15482583042895015	0.3843282003435494	0.46084596922750054
0.15525409178619437	0.38520251902875025	0.45954338918505555
0.1536882799860591	0.3852728745808671	0.46103884543307394
0.15468203988668322	0.3843131877002954	0.4610047724130215
0.15476763364050108	0.3839732672921473	0.46125909906735174
0.15449797456969422	0.3845002624216339	0.461001763008672
0.15333291300998864	0.3859321837516058	0.4607349032384057
0.15378267080731112	0.38479835741714485	0.46141897177554414
0.15441426582450288	0.38421723234229965	0.46136850183319755
0.15453876953711548	0.3853393442759932	0.4601218861868914
0.15374361567449563	0.38465099426619603	0.46160539005930845
0.15335175933957634	0.3850152908455294	0.4616329498148944
0.15441008672088014	0.38451647145294965	0.46107344182617027
0.15583415628254352	0.384666788942821	0.4594990547746356
0.15477650438533042	0.38373177087679516	0.4614917247378745
0.15460666347142404	0.38385450045554126	0.4615388360730348
0.15529996756902337	0.3844994685427736	0.4602005638882032
0.1549511408105641	0.38424029574558494	0.46080856344385107
0.15489207457618032	0.38418151093192876	0.460926414491891
0.154119580708183	0.38573386685350564	0.4601465524383115
0.15530849250046108	0.38496384210627266	0.45972766539326637
0.15433346840110745	0.3851503956573121	0.4605161359415806
0.15556870986793342	0.38473056469478434	0.45970072543728235
0.15449211103326255	0.3855815214607561	0.4599263675059815
0.15383074246546322	0.3858452223578768	0.4603240351766601
0.15495040007558086	0.38505422531346756	0.45999537461095175
0.15389396251212584	0.3849773218618705	0.46112871562600377
0.1547528733158381	0.38549742062636244	0.4597497060577995
0.15431825956055778	0.3849431012951516	0.46073863914429075
0.15343666401744727	0.3855928777866718	0.4609704581958811
0.1544580494463128	0.3858427316026699	0.4596992189510174
0.15333502248295455	0.3859309412843068	0.4607340362327388
0.15458849451375337	0.3849636131049974	0.4604478923812494
0.15528493303250868	0.3853217663353344	0.4593933006321571
0.1548488501690485	0.3853197598246349	0.4598313900063167
0.15483578171914142	0.3850040788172041	0.46016013946365464
0.15481516570029835	0.38413115400961884	0.461053680290083
0.15375661430990564	0.384604431293476	0.46163895439661845
0.15384405203724985	0.3855520521947885	0.4606038957679618
0.1534883567925761	0.3849571429772061	0.4615545002302179
0.15411912296366043	0.38434153754201394	0.4615393394943257
0.15347447655156854	0.38501231599852453	0.46151320744990704
0.1555191357999835	0.3841297336746207	0.4603511305253959
0.1548498374220643	0.38526077345676396	0.45988938912117183
0.15574072231112296	0.3842030443173528	0.46005623337152435
0.15360872674523696	0.3848591951802758	0.4615320780744874
0.15507787748066443	0.3853539221592551	0.4595682003600805
0.15443544347247434	0.38557120182033744	0.45999335470718833
0.15340770175977103	0.38502471198773247	0.4615675862524966
0.15446854355058331	0.38534305640504274	0.46018840004437406
0.1532972027939597	0.38557605655010413	0.4611267406559363
0.1534827363388587	0.38505879662287673	0.4614584670382647
0.1560554594905471	0.38391466077821884	0.4600298797312342
0.1544143743491076	0.3850974092955798	0.4604882163553128
0.15463174746682584	0.3837094503507124	0.46165880218246186
0.1534325189865323	0.38600890058937554	0.46055858042409226
0.15505782971604012	0.38386803831868727	0.4610741319652727
0.15380307141672195	0.38591020233827017	0.460286726245008
0.15388580568048554	0.38546708223301845	0.4606471120864961
0.15359358146295926	0.3858134100795159	0.46059300845752493
0.15417226635045167	0.3850751395276515	0.46075259412189695
0.15584881864741354	0.384339055186151	0.4598121261664355
0.15507111156285858	0.38542842289381857	0.4595004655433229
0.1542435472512803	0.3852360908801798	0.46052036186854006
0.15448771346587586	0.3851711115598652	0.460341174974259
0.15450618756173373	0.3850594768553985	0.46043433558286795
0.15381974712479182	0.38481959916976	0.46136065370544826
0.1537269735074937	0.3847226054908345	0.46155042100167193
0.15470285387941118	0.38584267922529863	0.45945446689529035
0.15339041531670522	0.385870915466532	0.4607386692167629
0.15513762958529206	0.383716189514206	0.4611461809005021
0.15454068403444385	0.38593247834839733	0.45952683761715896
0.15435438256350492	0.3846207642440242	0.461024853192471
0.15349258973293606	0.38540264512729744	0.4611047651397666
0.1539270538114786	0.3851592705750435	0.46091367561347807
0.15495569691929334	0.38388539483397255	0.4611589082467342
0.15495078931467016	0.3845152836278466	0.46053392705748336
0.15405571978169597	0.3844305037334514	0.46151377648485276
0.15446924306179022	0.3848441220040918	0.4606866349341181
0.15430497278029492	0.3851704536229753	0.46052457359672994
0.15448916146839448	0.3843352602570152	0.46117557827459044
0.15448467943720057	0.38384638217522904	0.4616689383875705
0.15375448085315135	0.3855063787130082	0.46073914043384057
0.15392864063875317	0.3857859493208937	0.4602854100403532
0.1548974074644976	0.3846246756279956	0.4604779169075069
0.15324216324301188	0.3857126622645291	0.4610451744924592
0.15381729053389387	0.38488548867378003	0.4612972207923262
0.155253930131597	0.38535131507516207	0.459394754793241
0.15466373570547354	0.38446332523557164	0.460872939058955
0.15577371294764822	0.3842014888407467	0.46002479821160525
0.15483126663158736	0.3841476086817296	0.46102112468668316
0.1544930623926191	0.3845093681221526	0.4609975694852284
0.15550697720075388	0.3850067974474852	0.4594862253517611
0.15393479779540173	0.38479698009773305	0.46126822210686536
0.1540225461280344	0.38553328020309907	0.46044417366886664
0.15502170447561048	0.3851701430018288	0.4598081525225609
0.15605489940219808	0.3839367469231473	0.46000835367465476
0.15404924756843602	0.3847554626967802	0.4611952897347839
0.15397203884419847	0.38448184445743305	0.4615461166983686
0.1540422514754218	0.3848464671072508	0.4611112814173275
0.15487352097432922	0.3851471128569607	0.4599793661687102
0.1545196966782245	0.38472327704693365	0.460757026274842
0.15433575010484396	0.3849184294056134	0.46074582048954277
0.1543854817017449	0.38482336918492605	0.4607911491133292
0.1552717209183204	0.38515800507322506	0.4595702740084547
0.15425389631739655	0.3847559059538906	0.46099019772871297
0.15566146317365048	0.3842901804758009	0.46004835635054875
0.15346986618891478	0.38525281629597546	0.4612773175151099
0.15427650757077116	0.3853608930475837	0.46036259938164525
0.15475474803498912	0.3841009664922892	0.4611442854727218
0.15456884931313164	0.3855950711386633	0.45983607954820516
0.15548846382737333	0.3842065208286557	0.46030501534397106
0.15482549668170445	0.38559317479516736	0.4595813285231283
0.15327022698444537	0.3854669593649074	0.46126281365064736
0.1556733133277386	0.384549229019869	0.45977745765239253
0.1556610479079772	0.3843060224462863	0.4600329296457366
0.1556084554267839	0.38457862186080183	0.4598129227124144
0.15559571908111128	0.3845337977326908	0.459870483186198
0.1540405436622413	0.38482098110930896	0.46113847522844986
0.15567292002408445	0.38382831908914755	0.4604987608867681
0.15498536192791892	0.3849751772934316	0.46003946077864954
0.15350273560005023	0.38494242096120246	0.4615548434387474
0.15362832814774985	0.385345942332826	0.46102572951942433
0.15446355245405669	0.3839342955192527	0.46160215202669075
0.15454906257939224	0.38435690218381563	0.46109403523679227
0.15497421567478964	0.38500001485745705	0.4600257694677534
0.15408169906519914	0.3858378788613949	0.46008042207340605
0.1553106719784228	0.38417917991862977	0.46051014810294755
0.153836233253582	0.38598361456149366	0.4601801521849245
0.15427194728823757	0.38535738100347466	0.4603706717082878
0.1557988338835698	0.3845180032604826	0.4596831628559478
0.15493083152551165	0.38511901089428907	0.4599501575801994
0.15434005636004663	0.3844846274885156	0.4611753161514379
0.15560399681347586	0.3839847609948063	0.46041124219171803
0.1543201407841185	0.38498868915027695	0.4606911700656047
0.15389415605074624	0.3844469429245547	0.46165890102469914
0.1541521126692437	0.38497963948982916	0.4608682478409273
0.1535360680208558	0.3851631290561282	0.4613008029230161
0.1541951815144702	0.38557123782755487	0.4602335806579751
0.15328472231517326	0.3856532575814229	0.46106202010340397
0.15366903162569573	0.38552552317513356	0.4608054451991708
0.15499885480456965	0.38523993791420963	0.45976120728122083
0.15503195541985387	0.3844446169022134	0.46052342767793286
0.1544734692943306	0.3853892712171942	0.4601372594884754
0.15487802713563215	0.3854998234253547	0.4596221494390132
0.1554259156911649	0.3851014137357721	0.4594726705730631
0.15550894259804282	0.3841692509688016	0.4603218064331557
0.15373350704867594	0.3846373505650492	0.46162914238627495
0.15370565937908282	0.3852906299001946	0.4610037107207227
0.15507753666873839	0.384693837306823	0.46022862602443876
0.15495117778823492	0.3854990113206976	0.4595498108910676
0.15332149768571154	0.3856359664314541	0.4610425358828345
0.15534846611074082	0.3838012928887262	0.46085024100053307
0.15435126160691792	0.38589419787506635	0.45975454051801584
0.15383774088165614	0.3853019959666649	0.46086026315167905
0.15352604789950358	0.3859812408097948	0.4604927112907018
0.15369649620597742	0.38470023479482857	0.4616032689991941
0.15353716374247517	0.3848446282933293	0.4616182079641956
0.15495809121112836	0.3856474348396819	0.45939447394918986
0.15402938199107707	0.3857559237934636	0.4602146942154595
0.15477465794127943	0.3847330959226536	0.4604922461360671
0.15456601805997058	0.3854351461869669	0.45999883575306266
0.15342486944300845	0.3853035986696241	0.4612715318873675
0.15597721645762833	0.384266952790418	0.4597558307519538
0.1547327262543085	0.3848638317287276	0.460403442016964
0.15366908323699002	0.38582372587956304	0.46050719088344705
0.15490247779098276	0.3839636488902841	0.46113387331873323
0.15590977844782083	0.3839132085629096	0.46017701298926966
0.15369876975800612	0.38476166725851235	0.46153956298348164
0.15510616390179371	0.3847446647991042	0.4601491712991022
0.15542860521987653	0.3837625349459741	0.4608088598341495
0.15345320616347502	0.3849841565599891	0.461562637276536
0.15326396917915666	0.3858028423605956	0.4609331884602479
0.15469671311657618	0.3855274518481859	0.45977583503523806
0.15326296085131433	0.3851916390420258	0.46154540010666
0.15373920068604513	0.385441287499527	0.460819511814428
0.15599920041699927	0.3845084134314364	0.45949238615156446
0.15510533592338271	0.38408759885948784	0.46080706521712955
0.15490102989533172	0.3852954330430534	0.4598035370616149
0.15476925859072005	0.3847258478985801	0.4605048935107
0.1555257025037959	0.38440123348080557	0.46007306401539866
0.15561315015380767	0.38416538954104706	0.4602214603051454
0.15483154805979943	0.38562858590743154	0.4595398660327692
0.15510763161654256	0.38432283089346886	0.4605695374899887
0.15497850160728907	0.38414675719091923	0.46087474120179184
0.15368136866759685	0.3853479004931489	0.4609707308392544
0.15332527436512391	0.3853961706135443	0.46127855502133186
0.1556556537332658	0.3837276135467083	0.460616732720026
0.15505969836253788	0.38475313000343747	0.4601871716340248
0.15393329039867182	0.38453765790730543	0.46152905169402286
0.1533174969473069	0.3851365018479814	0.4615460012047118
0.15461400144853227	0.384812226452764	0.46057377209870387
0.15456588907897154	0.3848867253054389	0.4605473856155897
0.1539999347436498	0.3856966281401353	0.460303437116215
0.15403533256307972	0.38564496008516014	0.46031970735176025
0.15451825102080619	0.38531863749235756	0.4601631114868364
0.15591115775630537	0.38436358957908673	0.459725252664608
0.15586485946292444	0.3837412500132056	0.46039389052387014
0.15450294415827298	0.38476071768028225	0.4607363381614449
0.15448240078257397	0.38558883384971326	0.4599287653677129
0.15384880868211032	0.3859750526876354	0.4601761386302544
0.15471709234290232	0.38431897829057343	0.4609639293665244
0.15382860814493535	0.3855166487745573	0.46065474308050747
0.1535936650333385	0.38503343563452674	0.4613728993321349
0.1539002794577883	0.3856749840876239	0.4604247364545879
0.15466725198514886	0.38557421203470477	0.4597585359801465
0.15514651976796665	0.38437805736103536	0.4604754228709981
0.15338761286352348	0.3859477274111641	0.4606646597253125
0.15340953318204997	0.385105652257898	0.4614848145600522
0.1543812064261062	0.3841963003965861	0.4614224931773078
0.1546608276134066	0.38429475421130677	0.46104441817528674
0.15442656705828905	0.38564352121136275	0.45992991173034836
0.15572346644946472	0.38471507027182916	0.45956146327870623
0.15374958980757164	0.3849818731639259	0.46126853702850257
0.15422400899332633	0.3846944042228974	0.4610815867837763
0.15568576036357265	0.38433616831920886	0.45997807131721863
0.1549571567113413	0.3844786901475644	0.46056415314109445
0.154930194643681	0.3851550805338025	0.45991472482251666
0.15418999262931504	0.3853234305894517	0.4604865767812334
0.1540687848361721	0.3848940589244028	0.4610371562394252
0.15459323233414668	0.38398223284954025	0.4614245348163132
0.15369846497556325	0.385406221363124	0.46089531366131287
0.15379572243871248	0.3854840157931705	0.4607202617681172
0.155442672172829	0.38450507082998964	0.46005225699718144
0.1545791249829278	0.38566647677886395	0.45975439823820835
0.15490105591203307	0.38406871357703837	0.4610302305109287
0.15334066207065983	0.38595285781044747	0.46070648011889287
0.1540511552982108	0.3853075454813102	0.46064129922047914
0.15454971601391207	0.38434324179278606	0.46110704219330195
0.15555799635464934	0.3844311378839431	0.46001086576140765
0.1559629793213983	0.38414222889635385	0.45989479178224796
0.1544302354920506	0.3839456839434044	0.4616240805645452
0.15501267503180866	0.38499439854562606	0.4599929264225654
0.1536804605844971	0.38542139270254483	0.46089814671295815
0.1555717561059176	0.38369566008605677	0.46073258380802573
0.15482601615238378	0.3842619322701725	0.4609120515774438
0.15407750090330075	0.3844131842098326	0.46150931488686675
0.15477436453571508	0.3844700692591662	0.4607555662051188
0.15407666705162337	0.3858408769384204	0.46008245600995634
0.1541397196207134	0.38533367661543166	0.46052660376385507
0.15563372402022072	0.3837057003971554	0.46066057558262397
0.15541221112793396	0.3850441087996472	0.45954368007241897
0.15575542178637763	0.3843718547189884	0.45987272349463415
0.15549479075937064	0.3839067641956425	0.4605984450449869
0.15481115393334	0.38522323541614373	0.4599656106505164
0.1540739832320812	0.3857689400141435	0.4601570767537754
0.15424108311810306	0.3860062948506844	0.45975262203121264
0.1538056225890353	0.3854458549280872	0.4607485224828776
0.15335764987645717	0.38507948097484873	0.46156286914869427
0.1539616497030582	0.3850796156537096	0.46095873464323234
0.1541250565183558	0.38578003834615987	0.46009490513548446
0.1546436487366178	0.3855294711594266	0.4598268801039558
0.1543380956053222	0.38519754320763744	0.4604643611870405
0.15519756611350666	0.3840023238725573	0.46080011001393617
0.15569139201969076	0.38425664481774	0.46005196316256936
0.15391045990830315	0.3853377907075585	0.4607517493841385
0.15367120266076112	0.384767210326499	0.46156158701273997
0.15447291315121725	0.3851198231652561	0.4604072636835268
0.15485016812292368	0.384443705986955	0.46070612589012144
0.1554760358698353	0.3846116879094767	0.4599122762206881
0.15544979023205563	0.38482026112623796	0.45972994864170647
0.1551621776640489	0.38537702048985295	0.4594608018460983
0.15535361329192648	0.38469355166530583	0.45995283504276785
0.15500622551023954	0.38533413440354164	0.45965964008621896
0.155307802645056	0.3844496701215339	0.4602425272334102
0.15439667832174042	0.3854649466271074	0.46013837505115235
0.15523927981931018	0.3843005821558294	0.4604601380248605
0.15410717192227752	0.3846006144523619	0.46129221362536066
0.15405906469029484	0.3858961122140515	0.46004482309565375
0.1544562633808918	0.3858869651874966	0.45965677143161177
0.15541393870148063	0.38438391915022796	0.4602021421482915
0.15476097687343898	0.38571155697400267	0.45952746615255846
0.15417066184304928	0.3849103754812813	0.4609189626756695
0.15558854332842792	0.3836855400496012	0.46072591662197093
0.15520595667061404	0.38492770841225965	0.45986633491712636
0.1552700159386469	0.3847927800610364	0.4599372040003168
0.1536657122894841	0.3854495448274159	0.4608847428831001
0.15381998569386238	0.38594382937719063	0.46023618492894713
0.154524932782322	0.3859992875209916	0.4594757796966865
0.15503076028172025	0.38395831080655785	0.461010928911722
0.15580276559279121	0.3843452668766652	0.4598519675305437
0.15322911146860116	0.3853404071988905	0.46143048133250847
0.15478640057941445	0.3853303715037435	0.4598832279168422
0.15472435487311184	0.3846611640003823	0.46061448112650594
0.15481093771833554	0.3853355386488066	0.459853523632858
0.1546052699477104	0.3843769195418799	0.4610178105104098
0.15508025948424764	0.3849278442457813	0.4599918962699712
0.1542887849602274	0.385191253367761	0.46051996167201176
0.1560013671494263	0.38461065674120704	0.4593879761093668
0.1555703626753262	0.3838343329189782	0.4605953044056957
0.15424337194077625	0.38562424160744524	0.46013238645177856
0.15375169307604664	0.3848952377042566	0.4613530692196969
0.154764136914179	0.3841052693979562	0.4611305936878649
0.1544867210778023	0.38393726507405446	0.4615760138481434
0.1543484077303352	0.38517673856078455	0.46047485370888036
0.1546444974897631	0.3840758517427806	0.4612796507674564
0.15542516567752165	0.3842082661475869	0.4603665681748915
0.15424883852917465	0.38564736864447874	0.4601037928263467
0.1534857875367432	0.3856819690992892	0.46083224336396766
0.15476869383587383	0.38458542947369745	0.46064587669042883
0.15435724816045393	0.3857228651847781	0.45991988665476813
0.1547040472526725	0.38575729799411856	0.45953865475320904
0.15569680264887875	0.3845092369186465	0.45979396043247484
0.15514724418620301	0.3839799149234361	0.46087284089036107
0.1543392763675558	0.38448277933804204	0.46117794429440234
0.153700639178788	0.3858111604160848	0.4604882004051273
0.15499992681203908	0.38479684772848716	0.4602032254594739
0.15575327340666556	0.38442297793736496	0.4598237486559696
0.1538227891878273	0.38548841614258117	0.4606887946695917
0.15472178724938107	0.38394410769294945	0.46133410505766964
0.15488436130885702	0.3853368816112722	0.45977875707987087
0.15486235738252302	0.3849557276538762	0.46018191496360095
0.15446693539359724	0.38474259719262405	0.4607904674137788
0.15490210586129077	0.3850087879204421	0.46008910621826726
0.15458866823214895	0.3843895079400844	0.46102182382776674
0.156004462440505	0.38369443977280343	0.4603010977866917
0.15569129784381042	0.3838330609065618	0.460475641249628
0.15433011740279043	0.3850668965082885	0.4606029860889212
0.15344793850130728	0.3850007008640132	0.4615513606346796
0.15556339681879172	0.3839421844743883	0.46049441870682006
0.1533540922658548	0.3858018397977697	0.46084406793637567
0.15553500724748184	0.38371786110610906	0.46074713164640924
0.1555987341371669	0.38409793056754393	0.46030333529528933
0.15520997371932854	0.384612762017662	0.4601772642630096
0.15364570833361957	0.3853105488312042	0.46104374283517635
0.15563981849520772	0.3841609008375686	0.4601992806672238
0.15412186160694766	0.3845006312454684	0.4613775071475841
0.1536188248396263	0.3858820973285137	0.46049907783186017
0.1557932647623679	0.38374156031662254	0.4604651749210097
0.1560119358057628	0.3841323351048357	0.45985572908940164
0.15536514456423545	0.3847897469516788	0.45984510848408594
0.15402094288878238	0.38467210308069216	0.4613069540305256
0.15484079204297957	0.3843370417534592	0.4608221662035613
0.15348640528299562	0.3858807422148965	0.460632852502108
0.15362594314654482	0.38555524175778877	0.4608188150956666
0.1554687128004745	0.3842937921228664	0.46023749507665923
0.1548541573614244	0.3844327448640398	0.46071309777453595
0.15550409609355248	0.38424831800313036	0.46024758590331727
0.15466099893345392	0.3847069591596125	0.4606320419069337
0.15407580287512834	0.385372728216989	0.46055146890788284
0.15430606316396794	0.38407556546631727	0.4616183713697149
0.15397076414909755	0.3847612704234298	0.4612679654274728
0.15373821339120552	0.38601512948871247	0.4602466571200821
0.15532028000797077	0.38408848127771356	0.4605912387143158
0.15434709425767987	0.3842914089221493	0.4613614968201709
0.15566124186610975	0.38476318151335076	0.4595755766205396
0.15477738857090295	0.38489501927691894	0.4603275921521782
0.1549467204370124	0.3837987355929	0.4612545439700877
0.15373570623426286	0.38479443356590093	0.46146986019983627
0.15413587226316097	0.38481381172601636	0.4610503160108228
0.15389975878971235	0.3855245255096561	0.4605757157006317
0.15401297277352777	0.38470062306348984	0.4612864041629825
0.15342255630586113	0.3855763097239235	0.46100113397021547
0.15365176490950982	0.3858434525447687	0.4605047825457216
0.1548659050529984	0.38442992340370946	0.46070417154329224
0.1540337171323828	0.3842807935666365	0.4616854893009808
0.15594942546006307	0.3842443154728589	0.45980625906707817
0.15478708069824193	0.38446639469570804	0.46074652460605015
0.15435080250362399	0.38411593146549694	0.4615332660308792
0.15494022488279097	0.3843290750352185	0.46073070008199063
0.15363096663959802	0.3852237802218905	0.4611452531385116
0.15454138471115697	0.3842205585898221	0.46123805669902107
0.1545167036891559	0.38399993160322027	0.46148336470762397
0.15438363551620163	0.3841334560923764	0.4614829083914221
0.15540047294997703	0.3836964847381835	0.4609030423118396
0.15383990914395995	0.38457450724037784	0.4615855836156624
0.15340764608769072	0.38594041815632	0.4606519357559894
0.15503922876944437	0.3840997059015948	0.460861065328961
0.15502640227966485	0.38422248488655886	0.46075111283377645
0.15480005610156855	0.38535564828266117	0.45984429561577034
0.15535656451847016	0.3843453254752157	0.46029811000631426
0.15574404319382312	0.38437463957709034	0.45988131722908665
0.1537795758552819	0.384778515970524	0.46144190817419417
0.15393982345919688	0.3846325962622247	0.46142758027857855
0.15400780857304014	0.38527971279174794	0.46071247863521203
0.1544374686268018	0.3842079432261237	0.4613545881470746
0.15554125257348217	0.3842598042361988	0.4601989431903191
0.15352752913575204	0.38583973015347056	0.46063274071077753
0.15464822011866902	0.384433756843758	0.4609180230375731
0.15401480046744107	0.3857268880989066	0.4602583114336525
0.15475393821218425	0.3837019318353371	0.46154412995247884
0.15538070791436898	0.3846392622764776	0.45998002980915353
0.1533275142779155	0.385575891812194	0.46109659390989066
0.15558698575951857	0.3849858459420293	0.45942716829845226
0.15559700128297063	0.3848960312988278	0.45950696741820163
0.1533243659073681	0.38519811921952246	0.46147751487310956
0.1548532531566138	0.38428336087610027	0.46086338596728604
0.1539020519601349	0.38460388169292126	0.461494066346944
0.15476820109216077	0.38392605212139974	0.4613057467864396
0.15431732725493527	0.3853873510195606	0.46029532172550425
0.15477887982605026	0.38395239277737747	0.46126872739657243
0.15587960229001893	0.38441370359950944	0.4597066941104717
0.1542358964541898	0.3844826510167574	0.46128145252905295
0.15449348177711122	0.38465479009527487	0.460851728127614
0.1559834776538942	0.3839474287599137	0.4600690935861922
0.1535201861150634	0.38541450836019964	0.4610653055247371
0.15594571201133195	0.3846107090737665	0.4594435789149017
0.15589341641743798	0.3845729326631855	0.4595336509193767
0.15495926873310484	0.385533023695739	0.45950770757115633
0.15408523971049876	0.3858051890612973	0.46010957122820406
0.15465328708185716	0.3848230771073426	0.46052363581080036
0.15496331994550844	0.3850972429306865	0.45993943712380525
0.15499664887937661	0.3840557260544969	0.46094762506612663
0.15481180504936087	0.38532484859937777	0.45986334635126147
0.15542668204479	0.3839877493706636	0.4605855685845465
0.15517551753618714	0.38504856215292216	0.4597759203108909
0.15526433690150643	0.3843178490266921	0.4604178140718016
0.15462959981732488	0.38533015874548404	0.4600402414371912
0.15346755486119448	0.38513206418156043	0.46140038095724517
0.15571858603904426	0.38380392865534607	0.46047748530560983
0.1538118354996601	0.3847281354477876	0.4614600290525524
0.15398124277406025	0.3847945482799067	0.4612242089460332
0.15432789612715161	0.38561761022390345	0.460054493648945
0.1558097824685679	0.38434079309270147	0.4598494244387308
0.1536376221134223	0.38485009454421065	0.46151228334236716
0.1548269071132662	0.38554966412248676	0.45962342876424717
0.15571892668329584	0.3840792787121032	0.4602017946046011
0.15441909451383054	0.3851032145585275	0.46047769092764207
0.1554686334297529	0.3839548993947042	0.46057646717554307
0.1547744202839209	0.38545302177172797	0.45977255794435123
0.155033294336289	0.3852322160975109	0.4597344895662002
0.15447025365472752	0.3858707154274285	0.4596590309178441
0.1551166598114507	0.3839967056844088	0.4608866345041406
0.15476027051515018	0.38389119261757054	0.4613485368672794
0.15463806597159407	0.38535717605547876	0.4600047579729273
0.1544375151936187	0.3839711851263638	0.46159129968001766
0.15548375107322404	0.3844453756572094	0.4600708732695667
0.1556174585594885	0.38423295841612615	0.46014958302438547
0.15434428380002943	0.3845401805405801	0.46111553565939056
0.15565391837831757	0.38375302452487436	0.4605930570968082
0.1543146721570392	0.3852071748711792	0.4604781529717817
0.15404612512344457	0.3850378055735765	0.46091606930297907
0.1539275917296556	0.3850450362472441	0.4610273720231004
0.1555774185539578	0.38418088845408505	0.4602416929919573
0.15333764167305397	0.3850499208629219	0.46161243746402425
0.1550790462777092	0.3851911929107114	0.4597297608115795
0.15356478864103307	0.38569773199499463	0.4607374793639724
0.1541805258127945	0.38435617567122915	0.46146329851597645
0.15394408391428593	0.38449953328242065	0.4615563828032936
0.15441157512918174	0.3847038060618843	0.46088461880893405
0.15452671873271506	0.3857563059975497	0.4597169752697353
0.1545039495877369	0.38413957287379785	0.4613564775384654
0.15357136256774803	0.3858558063619609	0.46057283107029123
0.15541793066682896	0.38497338417773946	0.4596086851554317
0.15444148151495996	0.3844501647741465	0.46110835371089365
0.15542193211977526	0.3845351072576859	0.46004296062253897
0.15513640449909732	0.38401320369465014	0.4608503918062527
0.15464899682019326	0.3837401692066667	0.4616108339731402
0.15457307871362636	0.38431323903709314	0.4611136822492806
0.15423397345871553	0.38411059128400876	0.4616554352572758
0.1556135582322774	0.38397910080076486	0.4604073409669579
0.15432086482165952	0.38467846547881224	0.46100066969952835
0.15408335384333266	0.3859603870256885	0.45995625913097893
0.15368134777731968	0.3850166061368573	0.46130204608582315
0.15556932626799913	0.38474083554941707	0.4596898381825839
0.15569774605248846	0.3838090978455134	0.46049315610199826
0.15601797310290832	0.38408714348955264	0.45989488340753915
0.15413859525798268	0.38498385432463267	0.4608775504173848
0.15526384538719878	0.3844700494054904	0.4602661052073109
0.15558460715894817	0.3838301054426234	0.4605852873984285
0.15543222088154923	0.3847249337334385	0.45984284538501236
0.15377394627856025	0.38541511126290656	0.4608109424585333
0.15392769258395417	0.3858306579887936	0.4602416494272523
0.15488788591356822	0.38439520868756294	0.460716905398869
0.15331469326022346	0.3858775188231234	0.46080778791665333
0.15498773531746757	0.38555265941110345	0.45945960527142904
0.15534774176807387	0.38461932511586255	0.46003293311606364
0.15421677832355568	0.3851174985774933	0.46066572309895115
0.153367307939064	0.38500236548423855	0.4616303265766976
0.15587169007595653	0.38443971807606164	0.45968859184798194
0.15333785848067402	0.38504429102039167	0.46161785049893445
0.1549261191947629	0.3851005175757812	0.45997336322945603
0.15602891194351126	0.3844587696239755	0.45951231843251333
0.1553241662591207	0.38436334437984127	0.4603124893610382
0.15575538040600795	0.38462281867964637	0.4596218009143458
0.15489462916067348	0.38538823390027394	0.4597171369390527
0.15571207870650416	0.3837111715622866	0.4605767497312093
0.15444002132475898	0.38431362217719844	0.4612463564980427
0.15495155201324548	0.38482614963722234	0.4602222983495323
0.15345309854137806	0.3857285264193743	0.4608183750392478
0.15514295958318924	0.3851753303634828	0.4596817100533281
0.15496650810275747	0.3837042052265816	0.461329286670661
0.15426523818234195	0.38432843159743557	0.4614063302202226
0.1547170363980928	0.385119051603833	0.4601639119980744
0.1534484403273519	0.38525246420857995	0.4612990954640682
0.1537304933885659	0.3849636553705289	0.46130585124090534
0.15535852534829409	0.384588245425613	0.46005322922609304
0.15466261426182154	0.38481360480086174	0.46052378093731683
0.15370725390563483	0.3857275227405696	0.4605652233537957
0.15542333456779722	0.38478147656383943	0.45979518886836346
0.15556681396192343	0.38389966579969204	0.4605335202383847
0.15466117699210227	0.38415026739338387	0.46118855561451394
0.1538241959932913	0.38519358980284135	0.4609822142038674
0.15489837489599212	0.3846445915136238	0.46045703359038426
0.15386753055373176	0.3850116350166463	0.46112083442962204
0.15591995614228205	0.3845262342755108	0.4595538095822072
0.1537353781409913	0.38486782722540824	0.4613967946336006
0.1545281338019952	0.3840139189333595	0.4614579472646454
0.15414543904669276	0.3853600124035561	0.46049454854975125
0.15374117097530662	0.3846856637697894	0.46157316525490405
0.1559892064776337	0.3844819351284909	0.45952885839387553
0.1541574759540425	0.3855079559953953	0.4603345680505624
0.15420397162924748	0.3845408334755634	0.46125519489518924
0.15435699485125687	0.3848456105382226	0.46079739461052066
0.15471803427535386	0.3849210353771582	0.4603609303474881
0.15537773327164844	0.38502476875826575	0.4595974979700859
0.1559386108289697	0.38370096469045684	0.46036042448057357
0.15428872663079213	0.3857238053426327	0.4599874680265753
0.153361952919617	0.38507589437312434	0.4615621527072588
0.15425510504444376	0.38536308597890373	0.4603818089766526
0.1539021815662211	0.38493719044025027	0.46116062799352875
0.15595917426115763	0.3842885218876906	0.45975230385115196
0.15331646330582477	0.38506780977828803	0.46161572691588737
0.15439578711647117	0.38422354945319764	0.4613806634303313
0.15483533833034308	0.38559443446134334	0.45957022720831364
0.15457680584521924	0.3847905218154547	0.46063267233932614
0.15322500652489007	0.3852692790677142	0.46150571440739585
0.15457855889802768	0.38510382864957726	0.46031761245239516
0.1541093237911607	0.38456028595245356	0.46133039025638584
0.15520505538291152	0.3852914087532085	0.4595035358638801
0.1542948248236835	0.38549500669862624	0.46021016847769036
0.15420636103319635	0.38432291329954826	0.4614707256672555
0.15505483315159946	0.38401615981540527	0.46092900703299544
0.15457356138325332	0.3837543361648922	0.46167210245185464
0.15492187596120063	0.3856396838025577	0.4594384402362418
0.15603248135619624	0.38399032563356145	0.4599771930102425
0.1547977930779399	0.3846789316082049	0.4605232753138553
0.15551660302924852	0.3837342682981387	0.46074912867261286
0.15583804609202134	0.3840600302677961	0.46010192364018265
0.15454559756847985	0.38425676458400304	0.4611976378475172
0.15448421378977015	0.38433152427586253	0.46118426193436746
0.1550070554851709	0.3837604236222576	0.46123252089257166
0.15336035643806895	0.38563963980202437	0.4610000037599068
0.15396085320119068	0.3853660548312571	0.46067309196755235
0.15393020774510885	0.38520667934171426	0.460863112913177
0.15370597186027352	0.3847834280802899	0.46151060005943667
0.15512407918998916	0.38458909524355445	0.4602868255664565
0.15506140459225076	0.3840505501432068	0.4608880452645425
0.15541418781853883	0.3844122719377736	0.4601735402436876
0.1537008995287993	0.38491728918082463	0.46138181129037614
0.15463035761187033	0.38517173039915614	0.46019791198897364
0.1558671322987505	0.3839743002484497	0.4601585674527999
0.15514716830254932	0.38475575827532565	0.46009707342212514
0.1538070713399965	0.385867948028125	0.4603249806318786
0.15535406560722004	0.3849650089774075	0.4596809254153726
0.15556419474186467	0.38427311013640675	0.4601626951217287
0.15431485887896385	0.38457591734435287	0.4611092237766834
0.15471112372964846	0.3847241911248116	0.46056468514554005
0.153607555023997	0.38563896287675203	0.46075348209925104
0.1549195796038232	0.38442909819875265	0.46065132219742433
0.15570220392742679	0.3840694395768983	0.460228356495675
0.15575553229358596	0.384429489390245	0.45981497831616913
0.15392931724912295	0.3849885790801822	0.461082103670695
0.15539817253389754	0.3847036127906293	0.45989821467547326
0.1539108716954679	0.38466632608482537	0.46142280221970683
0.1546281538276287	0.3859608289901005	0.45941101718227095
0.15441339546042507	0.3854730856010329	0.4601135189385422
0.15583196837844282	0.3843061041082184	0.4598619275133389
0.15453787692226578	0.3850379447145436	0.4604241783631907
0.15323005517204563	0.3857167888482834	0.46105315597967106
0.1551772947238676	0.3838433875112697	0.4609793177648629
0.15509594797786333	0.3853332117206343	0.4595708403015025
0.1542683428198674	0.3860045549626048	0.4597271022175279
0.15499417136416177	0.3850660567199626	0.45993977191587576
0.15463082419195723	0.3844287970821871	0.4609403787258558
0.15469653782735354	0.3850107220223391	0.4602927401503075
0.15538990095475658	0.3838720008973189	0.46073809814792466
0.15477920821964158	0.3847758108785246	0.46044498090183394
0.15428556162713092	0.38544108878284505	0.4602733495900242
0.15334402713443412	0.3853203588865023	0.46133561397906375
0.15491045185267938	0.3844738382656364	0.4606157098816843
0.1557731207841786	0.38404921173506046	0.46017766748076105
0.15461023335482452	0.38409875045181624	0.4612910161933594
0.15457498009318	0.3847750299878845	0.46064998991893563
0.15496847639183908	0.38421214724820896	0.46081937635995207
0.15377065328109008	0.385106010081184	0.46112333663772603
0.15447696663228727	0.38485277884522023	0.46067025452249255
0.1542139902327338	0.38486974835708176	0.4609162614101846
0.15582048163675413	0.38399922918088675	0.4601802891823592
0.15433605135736944	0.38444413452456405	0.46121981411806656
0.15346618166352347	0.38485917559106464	0.46167464274541203
0.1539922812307976	0.3852485858098816	0.4607591329593209
0.1532954930100658	0.3857307264975347	0.4609737804923996
0.15326208897154622	0.3856074535307983	0.4611304574976556
0.15454922254304077	0.3838908641718754	0.46155991328508394
0.1538481417097144	0.3848521992019782	0.4612996590883075
0.15488935839899617	0.3847756518558312	0.4603349897451728
0.15517106071060566	0.38428230468655095	0.4605466346028435
0.15354596780622692	0.3860078637133813	0.46044616848039194
0.1545187284202972	0.38590835985474264	0.4595729117249603
0.15448478364387175	0.3840825935585972	0.46143262279753117
0.15528671839508257	0.3848845941114002	0.4598286874935174
0.15426683830357427	0.38496996155163776	0.4607632001447881
0.15531964495921574	0.38520274577475266	0.45947760926603176
0.1542049730225407	0.3851013230236675	0.46069370395379194
0.15500929940889624	0.3846693259379494	0.46032137465315454
0.15488292392777875	0.3848748644588238	0.46024221161339757
0.1544585227607782	0.38484178056121	0.46069969667801197
0.15418246586799556	0.38510858685389077	0.4607089472781138
0.15404358515378117	0.3850375333485782	0.4609188814976407
0.15447267951980698	0.3854300911734152	0.4600972293067779
0.15368019016320966	0.3847284630754078	0.4615913467613827
0.15350142432013805	0.38575706885615607	0.460741506823706
0.15600931409126978	0.3838826897271486	0.4601079961815817
0.15566452878426174	0.38430241945911797	0.46003305175662035
0.15478990215399505	0.38578698159657987	0.4594231162494252
0.1546761552091589	0.38469759455504277	0.4606262502357985
0.1535394309550231	0.38545828938823773	0.4610022796567393
0.15571097062018613	0.38458251936352394	0.45970651001629004
0.15542346103777432	0.3850594277501607	0.45951711121206507
0.1536626166298805	0.38493550650363284	0.4614018768664868
0.1539585512977083	0.38577386009145115	0.4602675886108406
0.15352964539338215	0.385478895563895	0.460991459042723
0.15400726395121422	0.3849870428128359	0.46100569323595003
0.15365711193910447	0.3859761753258043	0.4603667127350914
0.1560369881964192	0.3840185177940056	0.4599444940095753
0.1554171437454442	0.38443106282241185	0.4601517934321441
0.15526509775133812	0.38495630488493315	0.45977859736372884
0.15462293690764964	0.38566474126309147	0.45971232182925903
0.1544974709455998	0.38535655741641694	0.4601459716379834
0.15446448279351072	0.3842040266630935	0.46133149054339595
0.1541439967389689	0.3846050409156882	0.461250962345343
0.15417751561591111	0.38488468225601513	0.4609378021280739
0.15492666867934565	0.3839737900126103	0.4610995413080442
0.15529229589015833	0.38389274363598463	0.4608149604738571
0.15491053789792075	0.38547627375251586	0.4596131883495635
0.15367367719957659	0.38464047043330324	0.4616858523671203
0.15333590190330776	0.38584604542559725	0.4608180526710951
0.1548158140628802	0.383980728981946	0.46120345695517395
0.15450738870764685	0.38497284794702663	0.4605197633453266
0.15469309960433394	0.3857447474344123	0.4595621529612539
0.15489338747636805	0.38382200437963004	0.4612846081440021
0.15444142180647008	0.3844040972477155	0.4611544809458145
0.1555300073183654	0.38427723241102685	0.4601927602706079
0.1546230961779893	0.3837134853392718	0.46166341848273906
0.1551187664034478	0.38546103265735504	0.4594202009391973
0.15520824665500002	0.3850438697363859	0.45974788360861424
0.15452186464082035	0.38417798391407515	0.46130015144510456
0.15397718258216686	0.38467321141578104	0.4613496060020522
0.15379097779776718	0.38481716928202	0.461391852920213
0.15475455497587165	0.38449732445464296	0.46074812056948555
0.1547007293905643	0.38497764966916953	0.46032162094026624
0.1548380512333168	0.38519292040905334	0.45996902835763
0.15528199644498286	0.38415312874602303	0.4605648748089942
0.15406793835885726	0.3845981719596034	0.46133388968153943
0.15350702487568552	0.38519253882117466	0.46130043630313994
0.15372297988414	0.38460316190215194	0.4616738582137082
0.1542895181157733	0.3856329099248938	0.460077571959333
0.1542926311333529	0.3843105393613707	0.4613968295052765
0.1557406662052817	0.38453618759373237	0.45972314620098603
0.15471778807445027	0.38514068283194763	0.46014152909360223
