0.08491833605876645	0.2261529035387842	0.14601772074713285	0.031176319809829087	0.06920722236479272	0.12813994215202168	0.04544549092200623	0.011383403100092879	0.18778714675026997	0.06977151455630386
0.08715810719749349	0.21657733480878688	0.17431210305158445	0.030132386792577584	0.07008360447168119	0.11512297447686341	0.03798964988240338	0.009128532709882897	0.1941308974908735	0.06536440911785313
0.08206594542289117	0.22774260171574062	0.14900574320286206	0.03076572227183233	0.06958242732369427	0.12155139350428457	0.04145427026979684	0.01004451021823835	0.20017728090428305	0.0676101051663767
0.07545284122109258	0.2129033218443076	0.1673663944897193	0.0324502018153464	0.06685977236946211	0.11721437876864246	0.05225516816908055	0.01266050634748099	0.19476852902014857	0.06806888595471938
0.0855437759356183	0.20837152480682103	0.1724977239069459	0.030736073499303698	0.0657181912078473	0.12259871361945998	0.044032701527418165	0.00828550819863233	0.1943495093682146	0.0678662779297386
0.08697775788152742	0.22016492093004242	0.17719386888649913	0.032038120460447725	0.0662645703718917	0.12119961285428332	0.04072116256955964	0.009012777297213254	0.17690134458363727	0.06952586416489812
0.07068486364973034	0.21599801950739136	0.1775580665248934	0.029371978248662223	0.07134562847280417	0.11709392415635432	0.03882693068852969	0.011238341101318106	0.2010847293044648	0.06679751834585165
0.061327104950928364	0.24561365589083162	0.14663178188368772	0.030969435435531892	0.0713910136767118	0.11657589014660871	0.04894450381926491	0.012261606721073265	0.19650780951164656	0.06977719796371513
0.07914021979349145	0.28407984079195236	0.1435531493707873	0.03162154239860346	0.06365483339256736	0.12052335243341136	0.037332869197926444	0.012183321873492206	0.15832242483967177	0.06958844590809626
0.06876762151402566	0.26089698572099235	0.11764934854020011	0.03243516487243035	0.06373742401525351	0.12710315701974292	0.04578502599149251	0.013286917103612586	0.2016828211839592	0.06865553403829079
0.0669592114391524	0.23617920218793853	0.16313983307783908	0.032384814213871904	0.06729736226973404	0.12730107676742458	0.03967521374915265	0.010820910203311829	0.1871318804397875	0.0691104956517875
0.07354607380217776	0.23054909387921968	0.16248587226316788	0.03126437501032428	0.06597597859028331	0.12356501174700787	0.04284803413057837	0.010583641769553453	0.19083025196310652	0.0683516668445808
0.08479147335892988	0.21441826241976775	0.18303163622536	0.03168752918020558	0.06477494432074507	0.12445150625687151	0.045206286672679674	0.012659026992265066	0.1717893654557242	0.06718996911745126
0.08096291313401022	0.2879128583109628	0.13639086794729133	0.029470346714532303	0.06829927971343347	0.12273804432627108	0.042555479825193566	0.01348358735829612	0.15326705549930547	0.06491956717070357
0.07633909827911023	0.32655379568947	0.1026293805764009	0.03205154063915246	0.06673360683585189	0.11728309214176738	0.04602849208992128	0.011273603381666705	0.1563343803533658	0.06477301001329328
0.06945906761223153	0.3073563682944301	0.11456873487670337	0.030755031816177975	0.0707823266927598	0.1264270782509811	0.03877019236235631	0.010903243100930327	0.16589171072960085	0.06508624626382867
0.08141658551068492	0.2964423042762304	0.12028045972517845	0.030055454924843003	0.06735080380216926	0.1157410757920899	0.040487487916185325	0.010265660704537813	0.16965156047979033	0.06830860686829054
0.06789172355849783	0.2676561579081874	0.13129138786636183	0.03252745176750449	0.07030733541519704	0.12637460259447159	0.046622104168092045	0.009751306626950063	0.1816818388201428	0.06589609127459486
0.07931752869037728	0.26658671736852074	0.10873993244331678	0.0326248552665505	0.0705943051342908	0.12026381833628776	0.03891897209374163	0.013996728488307256	0.20140199468313782	0.06755514749546936
0.06620267416461176	0.27602629254535355	0.12495284558400305	0.03176452582943996	0.06475266484036603	0.12474832909701279	0.04089030091383508	0.011913388760263086	0.18951866370024456	0.06923031456487012
0.08420598309825787	0.294572448026535	0.12375411431606761	0.03241578232714941	0.06500573320634445	0.11890834418976588	0.03922010133868148	0.011322360954497138	0.16152114910321808	0.06907398343948304
0.06402998909930044	0.2910653539246657	0.14603881884247927	0.03164698324426678	0.06749891317390203	0.118160949088069	0.04083749515827463	0.010351723613546762	0.16375896254253955	0.06661081131295578
0.07140147009078511	0.28534648447373157	0.1580547407283982	0.029910243232645337	0.06723685062510332	0.12307516228946547	0.03847141342897931	0.01189237166582173	0.14710255242252784	0.06750871104254207
0.06151917784703798	0.26325425387569	0.1773872533643635	0.032295846803873096	0.06657671122095463	0.12094736894182592	0.047064916396430186	0.010418482708257334	0.15424601922895786	0.06628996961260944
0.0890625584157106	0.23421686170112083	0.167372380826032	0.031859376687101426	0.07010094826984438	0.12597605949264046	0.04952890069629639	0.012207654459608308	0.15219307413896888	0.06748218531267668
0.07978667962872828	0.2618855768593986	0.14364795786525725	0.0296353608840257	0.06632865702145282	0.12801458229359614	0.046866297410362315	0.013486277852503961	0.16101708504308448	0.06933152514159034
0.06634245560089398	0.261140506161833	0.14089994159382818	0.03158608327542378	0.06486641354980882	0.11906047222244026	0.04815214720985839	0.012148889535742002	0.186313981712202	0.06948910913796957
0.07331971797813844	0.2608735677587004	0.12110672270215225	0.029413425120965606	0.0654043108754839	0.12778964362502976	0.03855919517507183	0.013456362733763036	0.2015764917595026	0.06850056227119208
0.07330792014934953	0.2752544925076804	0.14123141878184872	0.029421634848001324	0.06525943532665181	0.1258755766984512	0.049027065500983805	0.012476026791515285	0.15897111692019372	0.06917531247532416
0.07504467196039451	0.24950819389049528	0.17657152252340902	0.03184402691310409	0.06405695680648728	0.12284772775224183	0.04495029973700761	0.012425710611292065	0.15461360625912293	0.0681372835464454
0.06912971768921988	0.25120476889686516	0.1810358472902832	0.030892047935594524	0.06849872768014179	0.12062210709259999	0.047800327771513815	0.014014923423950068	0.14985761468866457	0.06694391753116688
0.07889176453719672	0.25935734595874455	0.1815101109142062	0.03008700314523076	0.06623980054521547	0.11987985970390286	0.03764251802779555	0.01018915619015831	0.14843860210715662	0.06776383887039295
0.08197142507967131	0.27392876238232317	0.15747973024710293	0.03258933829186347	0.06375055989648298	0.11608232016852714	0.0412042092529439	0.012925793085520415	0.15193506707282242	0.06813279452274221
0.07417914392668723	0.27782030992570955	0.14394949207575203	0.031492361806609775	0.07058897483668894	0.1217357628554444	0.038268231092237585	0.009238063324923565	0.16619441631101883	0.06653324384492806
0.08759342325134456	0.25851196050874103	0.1531843141357767	0.03121046643133224	0.0697833555846577	0.11976279979786925	0.04761132139940299	0.013141667206340704	0.15313831074028428	0.06606238094425051
0.06174823088959534	0.25134093813270525	0.15959911203458196	0.031952266313372	0.0713258974332026	0.12427828984662909	0.04398890143889471	0.00870135007819739	0.18081966045866898	0.0662453533741526
0.07380894001132797	0.2790882620081735	0.1317094365209044	0.03165360143505476	0.06495561612297009	0.1274489895735156	0.04350143577942144	0.012450638010254006	0.16845797231212234	0.06692510822625586
0.07664575845034408	0.2662469059924571	0.15939424599948632	0.029322251133450383	0.06848134318477404	0.1216003252564166	0.050996059951854765	0.010393574384779572	0.14710784556213485	0.06981169008430228
0.07863140054483149	0.23029015686213145	0.16591485829971486	0.03104868227749044	0.06899830844540117	0.12153622164884675	0.04570054067830231	0.009892436877641575	0.1787712641054011	0.06921613026023885
0.0814024678429275	0.2473747460626462	0.1665124457485077	0.029412998994803874	0.06832052189738314	0.12562092294808536	0.040129883681521844	0.010868227376805109	0.16442994757930954	0.06592783786800965
0.07797688715940199	0.2111019998410673	0.17727920860752888	0.0325957576455182	0.06966612814496348	0.1269232821954347	0.0385680540568733	0.013439695335022359	0.18533213755337216	0.06711684946081756
0.07080551531017357	0.20678868634651443	0.18132707664912795	0.03177542315117575	0.06782091742914287	0.12475032105424755	0.037781959799974986	0.009114828249717308	0.2002969572276857	0.0695383147822399
0.06289097202618288	0.2126096821644932	0.18252174577274222	0.029412348942776	0.06607400968155411	0.12025813230716657	0.050595481215717136	0.012295271887870052	0.1965843269669297	0.06675802903456811
0.06144964010017774	0.23470031744811615	0.14556264260627996	0.03037591651779968	0.07115274241023378	0.1282960966774355	0.0511360158091442	0.013804830793165093	0.1970477844770436	0.06647401316060435
0.06822405095936947	0.258742071932979	0.1671373697070589	0.02983443045073121	0.063821689004219	0.11471039237564304	0.03730829398052424	0.010565857124666941	0.1838097765572486	0.06584606790755958
0.07245157010853347	0.23050628558933473	0.16900907275407412	0.029377020723806588	0.07084475022078099	0.12425941457976325	0.04318263103829034	0.013653261916793821	0.1772880901206006	0.06942790294802205
0.07452396174796902	0.24312897108171927	0.14345743711758485	0.032171003045229865	0.06544621707042546	0.12342709727086743	0.04565741339203717	0.013294801491040953	0.19074448189936294	0.06814861588376302
0.06996642464852362	0.2812948854854219	0.12107482920114371	0.030341470874534246	0.0670243149863442	0.11853700665547046	0.04874191946713755	0.008428203177583346	0.18518196009499924	0.06940898540884168
0.07883511033569499	0.28854386338535537	0.14780095911061933	0.030671161238524453	0.06776471431647173	0.12366505174794415	0.03808066686830238	0.008540948409040225	0.14945021866444588	0.06664730592360148
0.06850638218677527	0.2650453754666895	0.17650422640856017	0.0324128520721028	0.06780209342231937	0.11577391364373414	0.049586798524901804	0.008674264103736964	0.14950510458190297	0.06618898958927694
0.07646270917013556	0.2587747641163945	0.1742966349412903	0.03031280706068848	0.06739853308738786	0.12312610008638275	0.0419381049541914	0.012988374935300737	0.15038153701486084	0.0643204346333675
0.07956889689138796	0.23898248732761257	0.1760735064636627	0.03122916038316298	0.06528618577247153	0.12640462079385223	0.039899447635272575	0.009107294232629765	0.16605605806026724	0.06739234243968037
0.07152021978617759	0.24591854675305425	0.13391209323851827	0.029438138562675215	0.07109468033288505	0.12586340752183708	0.05067212805522851	0.013103198890935155	0.19116670361772728	0.06731088324096166
0.07131014042855355	0.2842596893678669	0.1332318382414914	0.029927008403061034	0.06344566670091029	0.12156683710709781	0.04990988869274087	0.00831881036426757	0.16813761451490797	0.0698925061791026
0.08154438354275703	0.31466474496060837	0.10600227985722384	0.030479803648662998	0.06336525758876105	0.12025531650025911	0.04952130824517374	0.01304619604206142	0.15174293168774866	0.06937777792674377
0.06503372097218948	0.3162170090065197	0.10846369540193379	0.029991831574506744	0.0699042044461149	0.12637883877914358	0.04215569104901584	0.009204059599960096	0.16740946052947614	0.06524148864113963
0.06819033697786414	0.3199453013632515	0.11158190833094857	0.029498372924463903	0.06634249126605901	0.11935255268200877	0.044486601972982244	0.011311111591687545	0.16299850811520528	0.06629281477552904
0.06667436305739859	0.3047446951551217	0.12353963808289345	0.03021295407061085	0.06908271057268957	0.12298108710837133	0.048167213752969354	0.008312172886241656	0.1564487135546574	0.06983645175904606
0.07635863141476677	0.28564420525401296	0.10655187905613223	0.0320221043814832	0.06336411127500988	0.1278155028733754	0.051722332157925	0.009285877743784615	0.1791284566959268	0.06810689914758311
0.07627308987782642	0.22115908494063638	0.17676757962521178	0.030710756858033345	0.0673152241138785	0.12776736290227164	0.04538087567569617	0.012142803759085746	0.17482159595726332	0.06766162629009669
0.07606908313982264	0.2576536298548292	0.13630661218026185	0.029229495236842165	0.06796159389081222	0.12799266712203844	0.038336934565153406	0.01305191239044623	0.18662277596911542	0.06677529565067843
0.08211789266880906	0.22947884769014937	0.15766650222166714	0.030495435620371797	0.06907362465373657	0.119003481316422	0.05100093094427266	0.013770551067495695	0.18001504943619664	0.06737768438087904
0.08936135089092162	0.24424815318169274	0.12720242849466323	0.032552358007727156	0.07025107380568232	0.11960335334165521	0.05147672862681418	0.014222483068151437	0.18288194368925972	0.06820012689343231
0.06246405682462075	0.26842198107189447	0.12862423777722204	0.029233935737995334	0.06935603710370046	0.12614800967786688	0.040362846269522475	0.008250325068857575	0.20170455692473252	0.06543401354358741
0.08993817531998058	0.2123174465391643	0.15389929277671402	0.030683628269314547	0.06853918605586656	0.12411550139822311	0.05040480637553647	0.013004437462137919	0.18861902161840238	0.06847850418465998
0.06872181323329951	0.20840014487013597	0.1814697731961098	0.032631665077576616	0.06968876181245284	0.12122418648098143	0.03868890251108354	0.012601395495709641	0.2014258749590186	0.06514748236363203
0.08174395385596533	0.2553763473660296	0.1771251767111925	0.031367107403319494	0.06608159283325915	0.12141885001097001	0.040053913773698886	0.01010059250276056	0.14814975352256265	0.06858271202024176
0.07243371046702121	0.2725181218461538	0.16104583460219216	0.03144432303625781	0.06422012409896746	0.12393552187902032	0.039242088888321106	0.013317834713078125	0.15729212442168083	0.06455031604730715
0.08068284087700495	0.2744158854694913	0.15798710603983562	0.032470000588632086	0.06498540752197937	0.11707084726871639	0.0447835115128962	0.010118649322390677	0.1517183203611073	0.06576743103794605
0.07077920842572442	0.2576513240711344	0.1675201621325036	0.03020469694074815	0.0668889632969569	0.11637928143386302	0.049947367757084186	0.009305813496743101	0.16448504088804028	0.06683814155720194
0.06310849176476149	0.2374068928130631	0.16457905546382473	0.029401591181442033	0.07027416347546321	0.11801684805368383	0.045531281130772934	0.010347790374259536	0.19518274114900475	0.06615114459372436
0.07643692167633608	0.25491437861426086	0.15343347562804635	0.03262422860388163	0.06337388997400176	0.12147211276225413	0.05107173205526512	0.012127361196268102	0.1673299544915613	0.06721594499812467
0.07456425309904323	0.21615173282455935	0.18015533706444314	0.029773436589927413	0.06353093905901276	0.1174338436552635	0.046339618377036776	0.012367039352583584	0.1922071527738114	0.06747664720431876
0.07601545858644763	0.20371430538692886	0.1754516037955643	0.03012630962930972	0.06444995904144321	0.1250878649997823	0.0456205124918398	0.014173649525242027	0.1993057315042836	0.06605460503915861
0.0639680025800073	0.2474290032104386	0.14533557915665243	0.03192759382571114	0.06605500913349083	0.12055783437484079	0.04680492875395049	0.011371848461943085	0.1994245067552297	0.06712569374773547
0.06468264854719558	0.23394514257908233	0.16094610658966219	0.030814590806666625	0.06352559536810101	0.12484297392478266	0.04817343981874447	0.012132496284534708	0.19526422890272682	0.06567277717850359
0.06700179126638983	0.2401528757044762	0.18250631357139666	0.029312897971295215	0.07091309113648708	0.11736741597730661	0.039426101682140405	0.010016754859789312	0.17881782950739417	0.06448492832332449
0.07336028453357829	0.23066116296870764	0.17471792734347877	0.029709652381224555	0.06549009938437694	0.12457593512618391	0.04790201455843076	0.01063116264521173	0.17814087746160484	0.0648108835972026
0.08001751916664504	0.265121928898903	0.13675576261484385	0.02994973194361407	0.06782865932065155	0.12421070023951924	0.0455210675826129	0.008868995297666299	0.17248844659597984	0.06923718833956412
0.07474952573772667	0.26166483078382324	0.12895868312780803	0.03198161586846393	0.07127836290125841	0.11594908492675358	0.04565875708891691	0.008862575267168243	0.19468923992916298	0.06620732436891795
0.0774769426947782	0.27133463406429337	0.11759018877598573	0.030816276588161204	0.06432065478186338	0.1216142497714189	0.0523432151751737	0.010121787032587273	0.18796187371353767	0.0664201774022005
0.06398019529932654	0.27385280828009106	0.12243171356870947	0.03126928512363329	0.07073964419612576	0.12625138049570409	0.04354793786771144	0.011229812233497713	0.18820710424715853	0.06849011868804211
0.061323776711262046	0.2355360131991635	0.1701687710252059	0.03165848761136909	0.06569698246951637	0.12556279270413806	0.0445675884964623	0.01067028211994818	0.18794336043984683	0.06687194522308765
0.08887055079766652	0.23834531704975848	0.14277050727595297	0.031168379975226798	0.07069639963163829	0.1192193845978188	0.0513033695209861	0.012243542926873893	0.17928502167450477	0.06609752654957335
0.08197390284287452	0.2722464930022898	0.11517077534868075	0.029999123223371768	0.06727303033753039	0.11696295971437318	0.052179773713276374	0.014189343403667828	0.18224373316965503	0.06776086524428032
0.06640740015539509	0.2957992320479144	0.12404455042587557	0.03043091480182744	0.06655660855539892	0.11616731427393664	0.04643607337614317	0.00910751524657473	0.17525299189936494	0.06979739921756908
0.08838066310889782	0.2728913753067538	0.1061566627536123	0.030626827159086503	0.07002490516090537	0.11492082762301468	0.04830747633621661	0.01364680851622753	0.18847343846573497	0.06657101556955039
0.06360479831772753	0.2962068609200776	0.11773755841025707	0.029880402775258788	0.06925466335543007	0.12819416018308294	0.05225889721309577	0.009944334369264618	0.16338314810943821	0.06953517634636737
0.07016867163283241	0.28014070668034413	0.12915338945511834	0.03233901245840792	0.06336726909511899	0.1253305373574706	0.051117947421905854	0.01267633786326261	0.16656025893874293	0.06914586909679622
0.06691684198257647	0.2910821064824522	0.1260627698575937	0.0307685926567203	0.06862852175757757	0.12377144824634745	0.03929046847083188	0.01311283768489574	0.17064441949798695	0.0697219933630177
0.06911344197937273	0.3042044615882912	0.11075339217162795	0.03244482623745293	0.06511786823959581	0.12409224660431528	0.05159228320048329	0.011025641511406711	0.16283488023821127	0.06882095822924286
0.08184351341781156	0.2779282605740195	0.11119260945904702	0.03020235282774933	0.06538285745732372	0.1167552500597962	0.04724135351867123	0.0112621089501653	0.18901824601528652	0.06917344772012961
0.06255474246894811	0.291990299789856	0.1265020293315626	0.03137575314764686	0.06397754338047959	0.12581776873065093	0.05183494183124133	0.013871588237507698	0.16590162886191073	0.06617370422019611
0.07972183519218706	0.2787201781017938	0.11411177252242125	0.03184778745410355	0.06403497337368791	0.12310426316776824	0.0507442057306109	0.011195772129192857	0.1784606858102703	0.0680585265179642
0.06589140913046179	0.26899732473337873	0.15558040508297596	0.03141980983419922	0.06806809985181747	0.11785132061790567	0.04680336858854644	0.012209898036305053	0.16794275616108206	0.06523560796332754
0.07414111107732929	0.23970235072873658	0.1707367157620563	0.03146598851017457	0.06653993070889755	0.12430585566703364	0.041363589416607435	0.012314453240234127	0.17484620493573516	0.06458379995319534
0.07937569155471097	0.2269163058269723	0.16860568196750278	0.030586554551079406	0.06584821683876088	0.1206877134953348	0.04108640446763203	0.011587636576503899	0.1888894650509296	0.06641632967057332
0.08528202960122626	0.22571521557006763	0.17602537183740805	0.031783407255281726	0.06962198075829305	0.12459654060705874	0.04155792023950426	0.010359338821096159	0.16526121196624685	0.06979698334381719
0.08285690309389261	0.22446646380109492	0.16798280893301384	0.032145047240625335	0.0662285773439048	0.11558648564497381	0.04191774407142739	0.009588780933324284	0.1919711968379429	0.06725599209980004
0.07386179092893828	0.22376703275067655	0.17526477040760413	0.03210658597246406	0.07102301484780149	0.12343944953541765	0.04464988218003137	0.01365155261363879	0.17535347783072422	0.0668824429327034
0.08518274236711755	0.24841114976331413	0.1445375255636675	0.02976099196924492	0.06535787205175203	0.11772187978956879	0.04092182671189171	0.011073143334598107	0.19134773215145962	0.0656851362973856
0.06894043827279642	0.21947307314236553	0.17032896977885542	0.032711180619968694	0.06463006681942947	0.12081840929174262	0.04475332194670547	0.009239945696084231	0.20040710912615167	0.06869748530590047
0.06952192807986762	0.23795119905096096	0.16239254140960788	0.03230866771197809	0.06907486332361544	0.12044916794150115	0.03817671568690355	0.009402208901608547	0.19637903222824554	0.0643436756657112
0.07141972410718486	0.260843059516483	0.14955781443108446	0.02955966629261507	0.06520263554018577	0.12325555305515687	0.043343786578907355	0.011593362440001989	0.1796843281733739	0.06554006986500666
0.07828234078323361	0.22761232457499758	0.1821849519874486	0.030786725572093235	0.06949812676819957	0.12522815905868498	0.04122006597709483	0.01220747839559777	0.167885912002127	0.06509391488052285
0.07485791823692561	0.21045614938235968	0.16854783645854213	0.031028300789274724	0.07093986595870792	0.1156805375939822	0.047168146453666154	0.012730878734239531	0.19864127365638165	0.06994909273592036
0.07004736827472717	0.25328663779587146	0.14824352936874063	0.03014416678246079	0.06876851786736518	0.11904408412117817	0.043112922618892435	0.011754345722246776	0.18694226829402832	0.06865615915448903
0.08444360136830718	0.2699908399642474	0.11368612814037005	0.030351723837369046	0.06459735516600641	0.12512350629693522	0.04948731594714334	0.013725538499900047	0.18168701685840327	0.06690697392131804
0.08731050223606368	0.2689289138302903	0.11115227787181961	0.03237977834464455	0.06462317177896429	0.11746224976079117	0.04410555282388386	0.011725263173462078	0.19385692057242845	0.06845536960765207
0.06432452527055815	0.271647339733145	0.11665484533190608	0.031811021174889265	0.07129090002961126	0.12621723152989162	0.039371989952679626	0.009850918698182123	0.20161826527563959	0.06721296300349729
0.07332231405555273	0.2770893991275198	0.12199279625222743	0.030315727147217406	0.06948766241823308	0.1245060627164024	0.04445676998894614	0.014260079386659602	0.1760328196865376	0.0685363692207038
0.08850561860632303	0.2682215527550769	0.10298168501496725	0.02951688111860236	0.06776199723624912	0.12769632247791998	0.051252813943131845	0.011164587155631664	0.18486054107787991	0.06803800061421791
0.0667821320185594	0.24626701843613208	0.1481921994527013	0.03239352896367444	0.06671338603605333	0.12497662964038808	0.05041994529530497	0.012714495104739737	0.183083067770635	0.06845759728181172
0.06344614288397135	0.24443172090808618	0.16236535036242403	0.03066541437955138	0.0654902859529247	0.122062929755918	0.037752556859576125	0.01212477624665087	0.19631262110448516	0.06534820154641219
0.07922857758847518	0.21873317947927456	0.17905579323689225	0.02984636301450909	0.06410696504746452	0.1265614822265145	0.04650938461933598	0.010966954650597244	0.1765020325880138	0.06848926754892279
0.07550132108179768	0.2231975722500085	0.18035830829240612	0.03119260139275165	0.0641676947806905	0.12115597967245018	0.04853539711448562	0.010136576828940563	0.17833496866610013	0.06741957992036907
0.06191665920233421	0.24986267077015106	0.16754600090893784	0.030916238409631425	0.07138904826866642	0.11644436271496253	0.047795259451680505	0.00991088922058464	0.17526593060115894	0.06895294045189244
0.06826481933442366	0.250493448978136	0.17331014802560984	0.029810782347447926	0.06340815057233765	0.12030770406337274	0.04708016454202945	0.008421974284734554	0.17260067721153952	0.06630213064036869
0.07457016493782609	0.24631655695687438	0.13446054306120309	0.0302233592652299	0.070039098512236	0.125232733369904	0.04992093857422025	0.010880270395318414	0.1938473517972923	0.06450898312989556
0.08524704870037696	0.2156356694638608	0.17416077919574963	0.03212294650916721	0.06396065299352505	0.1283061309946088	0.0410747752447964	0.008609850080315493	0.18418559777164745	0.06669654904595215
0.061382979794912376	0.23383058138286344	0.1763035306841284	0.030474910385410545	0.06439163795047714	0.11945088990369516	0.04592666960636521	0.010510353905999845	0.192756920977042	0.06497152540910586
0.08228980698193489	0.21719313087861492	0.18225450643481528	0.032009478950475304	0.0684614696062574	0.11904049345994344	0.04853225866341449	0.01078540299148674	0.17118271883700098	0.06825073319605651
0.08583255469673479	0.228329566301662	0.13979018360923623	0.030162378494676595	0.06688814777985327	0.127613808146046	0.04937817194165769	0.012057107115641619	0.1901456375125953	0.06980244440189648
0.08286264292507037	0.26519434256375957	0.1300300375834571	0.032001082378406695	0.06431415582033014	0.11902974719661744	0.04762260147476327	0.008892336383077279	0.18194649628531068	0.06810655738920744
0.06325917450381466	0.2880217171965266	0.11343869606732332	0.03127246820167734	0.0650438748181349	0.12453542947034842	0.05169605303702916	0.008365852645498079	0.18692413656677181	0.06744259749287569
0.08666936031382666	0.2732792455945558	0.10623670294345977	0.030726215717777353	0.06741727282615798	0.12420685230494106	0.05048924648828465	0.009061478053202648	0.18426902574375695	0.06764460001403705
0.08479078374063957	0.298472060828742	0.11937397613177332	0.032659450916508584	0.06669240571505641	0.11974061116972835	0.0408354618652157	0.013927523714164988	0.15670843508169224	0.06679929083647873
0.07599009034066473	0.2775345506420606	0.1125256942065378	0.03084014898656677	0.06709615976433858	0.12215052123116055	0.05187288896636629	0.014109423170945004	0.18079727398442472	0.06708324870693488
0.0831081920921627	0.28826760593879064	0.12425319124464058	0.0297268603562241	0.0681173237530726	0.11532988449793952	0.04124046949600224	0.010041164312469805	0.1757338480397455	0.06418146026895225
0.06463236202469078	0.3050523427037285	0.1273134132119492	0.03167822573133269	0.06846566087601047	0.12659941288601345	0.044085236643814786	0.009091112218170841	0.15498540979519493	0.0680968239090943
0.06667285665526598	0.24827544606240298	0.16330054976961214	0.030973440200546612	0.07092457005909168	0.11638023312793172	0.04233996852382968	0.011456579889964666	0.18170628760494784	0.06797006810640667
0.0712453137990104	0.24385287589663818	0.1431855223990845	0.030866559863651985	0.06987696033193776	0.11846474332496026	0.04489213191544741	0.01327011088724149	0.19815545682352112	0.06619032475850695
0.06500895680804587	0.2896125389837528	0.1347139692167051	0.031014230383112962	0.0697425820227031	0.11852848902699979	0.04254996868163426	0.011381630134219403	0.16881923688661077	0.06862839785621594
0.06776155629910481	0.2937099418252282	0.10760660678686795	0.02927743583196804	0.06589731305174326	0.12687042746722163	0.040277252133934086	0.011770411718585172	0.1919050852827393	0.0649239696026076
0.07838668061359509	0.25119768371035395	0.14065716277934598	0.02992704447377363	0.06847940782522004	0.12184911375208167	0.046621049941431014	0.011271978238891672	0.18455081878552038	0.06705905987978655
0.07181443938797309	0.258232284258461	0.13136699502377736	0.029593107978270014	0.06841343691112174	0.12305549344525206	0.0443528180797145	0.014116531429382267	0.19245792736120115	0.06659696612484683
0.08882987311604262	0.2415399457776889	0.12504769497814103	0.029869411519446984	0.0700970653833579	0.11892854459526245	0.045569938549923555	0.013587001897673867	0.19963265144238018	0.06689787274008249
0.08029250012599788	0.22597468032286522	0.1536323016852078	0.032166056490576675	0.06841070467017543	0.12460631278401328	0.03809555900430704	0.011583688575642195	0.1971581468533103	0.06808004948790417
0.0786103904724104	0.21295652927641784	0.16743723371118757	0.03147098905435608	0.06758652614072647	0.11916308858641714	0.04092324570364827	0.014150404830998137	0.1983332915614824	0.06936830066235561
0.08151395302922519	0.23845124522917577	0.14470736422137676	0.03216025560619655	0.06530466957821902	0.1156700298913137	0.04651308992554578	0.00892747674490979	0.20096435513006788	0.06578756064396954
0.07053608425846664	0.2843619352099336	0.1477340996241912	0.03179367612286631	0.07001877773520926	0.12184872374800465	0.04485348857555013	0.010273386827429648	0.15110154911056978	0.06747827878777875
0.07359792845693694	0.26124448105558895	0.16257789749253046	0.03181998526670021	0.0709661838846565	0.1181262904522408	0.04013187770686533	0.013796647412801705	0.1633991447345622	0.06433956353711684
0.08195966752996997	0.2688640858315313	0.15576312641781742	0.030210238804494888	0.06794302029738088	0.1193365683748705	0.042698283858432995	0.01143245883240164	0.15650545079912026	0.06528709925398013
0.08278422255169238	0.29758503196255565	0.12540073740011193	0.02948369102177688	0.06663305747396651	0.12040759844286657	0.0458105471252067	0.012796813573175567	0.1497220840700313	0.06937621637861645
0.06320456993486542	0.32171228088118187	0.10627893183031828	0.032687004210028334	0.06687417278063741	0.11745752476793285	0.04523293885905036	0.010661444894749295	0.17169831895770885	0.06419281288352732
0.08695337641619251	0.322476618362195	0.11177575462091045	0.030518401012731705	0.06814978047590856	0.11511071863351352	0.03914519342373211	0.013426968757535851	0.14779167719337438	0.06465151110390588
0.08052817253293962	0.31348834406286374	0.11197776374384852	0.029356517380339522	0.06454148643530801	0.12566909555418257	0.05084143920785597	0.011540931233095908	0.14771545142568643	0.06434079842387967
0.08685329816217842	0.2966249079649138	0.12925843439559703	0.030545615655301228	0.07098471472989944	0.11658330637452186	0.03882476237790169	0.014101266821742536	0.14711050330001668	0.06911319021792725
0.0820549031703136	0.29746141657925784	0.1017998897742522	0.031204804992272975	0.06478706370764144	0.1264034462421813	0.04485058395061371	0.01265916766467197	0.17399538727545533	0.06478333664333959
0.07586740946211762	0.31056972298759794	0.12238669271343777	0.029920139233400048	0.06478376397847688	0.12429613455067542	0.03943077677166666	0.010930956125267885	0.15648133399415165	0.06533307018320808
0.08195289174215847	0.25983220728161194	0.10361003438577282	0.03264111941298595	0.06947333483882476	0.12387605652233763	0.05033156746577394	0.014159320226565755	0.19584494262714885	0.06827852549681987
0.07324085115572668	0.24864629167286373	0.15615908798455036	0.030814284606323808	0.0710800479024864	0.11721193148373851	0.039402340892354476	0.01040077615935274	0.18406635180248432	0.06897803634011901
0.08527969916183287	0.2054826019849748	0.1723049472267411	0.032100183697144236	0.06755821062759516	0.11797488921116427	0.03983765294208634	0.01139742484876495	0.20210466591546244	0.06595972438423378
0.06521443933943005	0.2506950650998782	0.15753166339756897	0.03144267006824984	0.06737168883238169	0.12739911678052535	0.040513919588365366	0.008227889745489866	0.18337482481372638	0.06822872233438429
0.07620243783689357	0.2685993355928473	0.1520330983407691	0.030813681651971236	0.06672369714089542	0.1160543043153203	0.05153516020296077	0.01365184478737326	0.15666499969217226	0.06772144043879672
0.0864680279959934	0.26467485101471117	0.15784657526068707	0.030623697292411198	0.06750371856290599	0.11664572342526999	0.037390731224197046	0.012052757805280256	0.16031511364841589	0.06647880377012794
0.061206932718355235	0.2941601991415267	0.1407431189109642	0.032716470126535946	0.06849593008812423	0.12234037322954243	0.039065914233255235	0.01201578182031604	0.16350233749808518	0.06575294223329481
0.06299167069369006	0.29565837342445517	0.13436966785931748	0.03223575901561691	0.06944128807096522	0.12751973595167293	0.04527113284250417	0.009866671393239407	0.15390087270980182	0.06874482803873688
0.07709586145574669	0.3134974941230804	0.10988702865973847	0.031928964028143644	0.06921849822140971	0.11660274009219004	0.03742734602541642	0.01303860078120131	0.1626706689786251	0.06863279763444818
0.06664545728524908	0.2838732617520628	0.12553053466530953	0.030221823209484147	0.06916213726667236	0.12154424135976034	0.04894416325357916	0.013682720953125255	0.17304233383859396	0.06735332641616332
0.08459390092388493	0.2856484741247169	0.11230958706157329	0.03149310907778674	0.06563231818319329	0.12380847598631221	0.042212662539825224	0.012584880637359908	0.17681193391259853	0.06490465755274893
0.08483922115863926	0.29925014649371157	0.13530229779565223	0.030482662115782405	0.06360989692705171	0.11862389414340027	0.041494145212775974	0.008227998154227187	0.15376856978310327	0.06440116821565608
0.08764249673317973	0.24806179932784972	0.14983650190666942	0.029927348393398473	0.06745986325404975	0.12473175351796942	0.045792049774538726	0.012448015886309685	0.16528187645067133	0.06881829475536376
0.07528428694367026	0.2647350207958448	0.14656369538688305	0.03217426355210454	0.06906467288625481	0.11764111511586191	0.042579688469973606	0.014177072034565918	0.17302827446285024	0.06475191035199082
0.08698193262530023	0.2180909210812364	0.14536735739243414	0.029517948699717217	0.06969538726335371	0.12378905532492587	0.048639337168455726	0.008937815027077106	0.2012156862437206	0.06776455917377898
0.06153220478974027	0.2622445933800976	0.1614444148920726	0.03160983691341594	0.06712204859948143	0.11753988327031453	0.04670852034217808	0.010525321107119234	0.1760249644307011	0.06524821227487923
0.07384382050170632	0.24497895646139783	0.1797434683945267	0.030147671851885147	0.06510786492687484	0.11697872205353205	0.04553205753742014	0.011844618131882173	0.16685897917719517	0.06496384096357954
0.08831126505941002	0.2518461224341027	0.15945282866432905	0.029890224840865925	0.07027953041480071	0.12145087973209504	0.044260418331192715	0.012274025686454096	0.15531241336607987	0.06692229147066986
0.07690673154951536	0.23518021549908613	0.15022812615830541	0.031055339464844248	0.06629075955496566	0.12106576932498717	0.048464823257577075	0.01024007354010871	0.19068295502119365	0.06988520662941651
0.08895003168457209	0.2250508150429678	0.1718108127797206	0.031091327915322778	0.07042733011884626	0.12669249422182238	0.050190168475311873	0.008557029791699214	0.16252577909160648	0.06470421087813044
0.0784832605403547	0.2737477372472805	0.1565561037672017	0.031643858653772644	0.06638212262390587	0.11900933266309374	0.03920314605161801	0.013981676451370315	0.15223990212387684	0.06875285987752563
0.07821842575983509	0.27424866179974117	0.13048264353133587	0.030682428212576537	0.06878278926578377	0.11873510624122144	0.03808367924900533	0.012807075304823445	0.18155679196650082	0.06640239866917644
0.08890845299142544	0.26109393302061107	0.14627874431437907	0.03188022154975356	0.06679582523941693	0.11647746696909236	0.042935704403301404	0.011257415534570187	0.1672893258500756	0.06708291012737434
0.06376112442123734	0.2402546091389921	0.17468416273693982	0.03229486556142447	0.06794440326063705	0.12187970797969389	0.05161743219700004	0.013115307330401282	0.16890195296695726	0.0655464344067168
0.08796904202267763	0.22390221475134597	0.18261464788803927	0.02988496447164571	0.06910895088223402	0.12305101176782887	0.03888960581158131	0.011558588234959963	0.16376997844161545	0.06925099572807174
0.07378914316180946	0.2187407564812418	0.17663463181212513	0.029425580986754227	0.06632026493349714	0.12230643846852773	0.03835548323209673	0.010663740271095276	0.1949687005746178	0.0687952600782347
0.08391567535638242	0.2498358828493451	0.14430164638746423	0.03131336178412042	0.07073966474188349	0.12378683677299084	0.04388397696437067	0.008473412920204426	0.17931504272123	0.06443449950200837
0.0896724929956997	0.217133932843118	0.16294190049249735	0.030617462096978645	0.06697664008963619	0.11908706098019689	0.052126730290259826	0.010348548547620656	0.18402013162637973	0.06707510003761294
0.08741475315770678	0.22691324097133503	0.16201597711467453	0.030277664624413253	0.0642575912688294	0.12194323285257341	0.044541423573284375	0.011502558875280788	0.18323274076683477	0.06790081679506763
0.08416231932910892	0.22868705026931996	0.14604668331340337	0.02954041269178645	0.06847748288766309	0.11859441302276326	0.05096133619659614	0.009174836771383463	0.19663134652053615	0.06772411899743917
0.06492377709942627	0.2530522593869003	0.1428580329260853	0.03264570980100473	0.06841202825007126	0.12575859057360664	0.04759393523781425	0.012257963513927161	0.18360133559195585	0.06889636761920828
0.06409413991568359	0.22168600424786694	0.18276609030862612	0.03099275164980811	0.06877434201238107	0.12185706366275698	0.046931802530316834	0.013848888640192486	0.1842226214472003	0.0648262955851675
0.08365879228902554	0.24545558509623855	0.16017111259248723	0.030953677142538993	0.06751908712827404	0.11457162260467978	0.04324990402438187	0.013949634429548094	0.1759823505788319	0.06448823411399406
0.08227312986160593	0.2599848373586901	0.11266023636018895	0.03051194932690253	0.06536204216588404	0.12591351665894468	0.04551484361580937	0.008524319761031851	0.19972049854094356	0.06953462634999898
0.061506550237252613	0.2731388421121028	0.17400701269283242	0.03182492541567333	0.06792225856224476	0.11574224766643809	0.043772353066271176	0.009962394953377307	0.15457380610009744	0.06754960919370996
0.06717546359190574	0.2797873208608654	0.1345942548102804	0.0317142843732415	0.07042590724385968	0.12133007787827439	0.04680319944561317	0.010028271250725876	0.17019428755230254	0.06794693299293131
0.07345064585693457	0.26988443864668654	0.14014110946782654	0.03173555821426935	0.06353013435787994	0.1238791272007907	0.040859738783868386	0.012126969175620159	0.17460245466567903	0.06978982363044474
0.06536508315569209	0.28220787297144406	0.14421324062752533	0.032285360875092886	0.0711126898929795	0.11815120684998119	0.03906980377669387	0.012354313935801234	0.17097149214306467	0.0642689357717252
0.08952916951803881	0.2602383405055467	0.13905476565547845	0.030312760226231625	0.06807297841054799	0.11473735322195755	0.03950283561337766	0.014297396628288161	0.17441089606988358	0.06984350415064945
0.07865809778621116	0.26433368262173484	0.11419752202898767	0.032675132626007394	0.06663040472918515	0.12821988595571737	0.04107720913228795	0.013768513634106083	0.19325214059622572	0.06718741088953664
0.07305402437653039	0.27611208722027897	0.10261273838365463	0.03209854328269057	0.06738660230435235	0.12065009600479465	0.05109359599973607	0.013360828255992552	0.1988535059521745	0.0647779782197953
0.06725808841830255	0.2790482611812561	0.1137876262539033	0.031652314193467534	0.06501852613811906	0.12588242727495655	0.03947577573668067	0.013647026365901163	0.19545455472637574	0.0687753997110373
0.06657420464362095	0.24681092566068746	0.15061449142306613	0.02973479058695537	0.06646537966253725	0.12100756252908292	0.045057380357427235	0.011468297935879251	0.19630812645748186	0.06595884074326161
0.0832118202487564	0.23982299258785067	0.15246289721884435	0.03202898757407942	0.06606012646067698	0.11835186990899657	0.039458612737307615	0.008614890104609682	0.19084953849035868	0.06913826466851958
0.0817099790910259	0.23508147774243426	0.14320248922671042	0.031699261869426384	0.07004455955403396	0.12659600371292926	0.04647020771093275	0.008542551170309248	0.19175946967422186	0.064894000247976
0.07401495937777752	0.2428444928663776	0.14010019095335496	0.03196755619334524	0.06383125521131562	0.12140464847877835	0.04717588957902212	0.008659297265623006	0.20048118965539558	0.06952052041900995
0.06791476536466096	0.28135886897343176	0.10890281203244973	0.029222382302491273	0.06673646692250254	0.12794496293466165	0.04813173746252899	0.010146090573842276	0.19124366751060012	0.06839824592283067
0.06746609909305787	0.3176506800542368	0.1049475171011698	0.03015011367291319	0.0642547740811952	0.12159924240018283	0.038117378834922465	0.013387214724476293	0.17501961703586832	0.06740736300197718
0.06670974685897424	0.31342185906139164	0.11020056302895592	0.02935183363648304	0.06797440960438833	0.12102991242373995	0.046943210907630525	0.010331824876153056	0.168345096951408	0.0656915426508752
0.07850006584048903	0.25041550633301035	0.14191695901924398	0.02989693874732613	0.06779553382704259	0.1262667177244568	0.03750824308774067	0.01001783370189406	0.19101207661053343	0.06667012510826288
