0.016304583332408737	0.0313950996217518	0.12178842359290289	0.029282361201070084	0.17305158204990745	0.3092124231073869	0.29847776731066206	0.020487759783909903
0.009003244209043915	0.032322057469041085	0.14405716784490852	0.02540864467938056	0.12795699666093616	0.3339996711642264	0.30105491733448464	0.026197300637978538
0.009162911488920594	0.037930671714260414	0.1380948000839782	0.0272776702192606	0.1056305869014986	0.32796209979288815	0.327824101722034	0.026117158077159225
0.013809859543528757	0.0308064937801701	0.16468518420982142	0.025356352797994197	0.10869195397576216	0.3414879715389314	0.2927431768282803	0.022419007325511428
0.010753710256181243	0.03802162340368043	0.16408937960414732	0.03831976227155259	0.1713973878585548	0.34402714371084087	0.21340619496272767	0.01998479793231492
0.011403176673130122	0.03630157784254015	0.15344689721176633	0.035423809314948956	0.1213948127676699	0.3045216910976265	0.3179229524081849	0.019585082684132865
0.009728758172976762	0.03707112761790683	0.12487698391034796	0.04563385137427774	0.10837278834021072	0.3110278635927721	0.338225943102875	0.025062683888632684
0.015307869952763245	0.029412376639889756	0.12673105151887074	0.04763319801517692	0.11964715251300193	0.2976138920542474	0.3456362187792996	0.018018240526750245
0.007520507554754294	0.03210187089693167	0.15578048646744716	0.04182202148877126	0.18258100319066167	0.3408791492482054	0.21342829108458472	0.025886670068643675
0.015582263007736477	0.03884981954170026	0.13511721034049584	0.039744400546873365	0.16642676893171418	0.2983312231920253	0.281442812463902	0.024505501975552374
0.01564811236227362	0.02984837298802062	0.1405720953583089	0.039139796781654565	0.15788115247580087	0.3030871969147315	0.28801257107915285	0.025810702040056893
0.010523383049940424	0.029945562686428173	0.14781931016679678	0.042243973343061916	0.1662316115131743	0.33188092402622565	0.24812107312362613	0.023234162090746455
0.015980884409009355	0.04250933707196354	0.17673505143782137	0.03217724363415986	0.1113110505152789	0.3162376198011702	0.27938563751808354	0.02566317561251312
0.01823155660968355	0.03368040896654191	0.14330310560598059	0.04751346099906843	0.14284269353159296	0.3371319216219856	0.2595583317035293	0.017738520961617404
0.00892174217973693	0.04613779826989409	0.15897214945595226	0.02851360073885828	0.19191449111929396	0.3186485417323428	0.22393283351849688	0.022958842985424638
0.013860629310212466	0.028812582963685315	0.17859414348917466	0.036140544586524256	0.1306148594590256	0.330233592768283	0.25737153038729843	0.0243721170357961
0.011018372423924894	0.04371164355645232	0.11691516925567655	0.0447722263153601	0.14769282674874165	0.38343865272055067	0.23405684483501388	0.018394264144279693
0.011693553692923686	0.04840401282974201	0.18259901611191198	0.0324537580482501	0.14633721084068457	0.32293944013944625	0.23262917592976629	0.02294383240727496
0.014911638079461095	0.03974842365179518	0.16779992394382798	0.042345907002121236	0.15376975944720928	0.33660837900599705	0.2204187791816672	0.024397189687920817
0.008079354695517293	0.038500480721721894	0.14154726224855407	0.028643701084209966	0.19783931810371036	0.3557173414228028	0.210909478153403	0.01876306357008045
0.01582111581216772	0.048252611169266296	0.13426280708582955	0.03711837239645008	0.15704160585578553	0.3508403497168786	0.23083299663782192	0.025830141325800124
0.010521968746736901	0.04479335150074033	0.14715607329552713	0.03019067383162778	0.10930799914661668	0.34300851771372287	0.29233464098785406	0.022686774777174012
0.01552002239868186	0.03982352110445472	0.12006532633128707	0.025721691130785262	0.13895499350885995	0.31699071375506427	0.3226946669216472	0.020229064849219436
0.015083616345399925	0.030317255437064664	0.14705843340908822	0.0432925593797696	0.12496969014925063	0.30589702923422524	0.3144719230983232	0.018909492946878326
0.0078142945492084	0.0376353074944667	0.17340937311988597	0.0334475524640291	0.1307789033256504	0.33826654015625196	0.25509476245729057	0.023553266433216757
0.006891601467614666	0.04310005514075352	0.1591900212477082	0.03790416001764714	0.15272758848505918	0.3185762608518715	0.26286834588713187	0.018741966902213678
0.008485778303218894	0.04228688426631701	0.15676228304498702	0.03495877921498658	0.1613558782684671	0.3068707008748349	0.26354522486216814	0.025734471165020145
0.01945532467617901	0.02932903917163851	0.14325373499967484	0.04203583995696228	0.17583308369592693	0.35935813487217744	0.21122623904673926	0.019508603580701556
0.013559609972971107	0.049298274728975494	0.1595475897671498	0.04635747724168958	0.12390903817326787	0.3377695330341201	0.25067072785351585	0.018887749228309964
0.0071948536495849424	0.03540490179850374	0.15458649159553806	0.03279770324199317	0.17928922863058847	0.33404346878528557	0.23533729288018299	0.02134605941832296
0.0074709692915480574	0.04813986414430789	0.14489986721940812	0.02797942950655033	0.13544368063986006	0.4007129603503169	0.21662241646487823	0.018730812383130152
0.014124836678630695	0.04438423502831072	0.1384961371387464	0.036708120491224794	0.13980320567190851	0.39475850918616595	0.21328784052855318	0.018437115276459512
0.007167968151149562	0.04820495038191262	0.11790439554693859	0.035141526275881046	0.10869385279323467	0.40119945184818906	0.26015411451559434	0.021533740487099884
0.020018843754937177	0.039876554468197045	0.14167672868188003	0.04755122099017925	0.14836452130955355	0.29718051421624436	0.27997326311379245	0.025358353465215894
0.012632190168196694	0.033652758787046	0.1276315717994801	0.041456133038475965	0.11599286401763113	0.35538842657680647	0.28787863617447734	0.025367419437886077
0.006923010066146512	0.03311106259516691	0.16955924967780608	0.03642531852421657	0.11063279581444482	0.33656443076178033	0.2816522486296664	0.02513188393077212
0.008224822869226933	0.04737624079170012	0.13835044337888835	0.03885086533818327	0.1262129841827642	0.3162099674922082	0.3026334153030474	0.02214126064398142
0.013061026598498976	0.03505576788035432	0.12835210461930185	0.03297798830067318	0.1909141732324942	0.33992087522740033	0.23433811842143593	0.025379945719840993
0.006875567589180787	0.047970545558179076	0.12465294306838079	0.03352395776608974	0.16442968405532213	0.34547571935375215	0.25937728155152606	0.017694301057569112
0.015225436405310142	0.03721791128668221	0.17281842973915756	0.025689242612690844	0.14189420310375508	0.34425439945982306	0.24493860191462713	0.017961775477953704
0.012627669551376022	0.03923159799386261	0.12031569594841814	0.030881972074959796	0.15569209218422006	0.32416104951577135	0.29331807403729016	0.023771848694101663
0.007275192516391582	0.0404999396327099	0.14794537129455534	0.046010180605119536	0.15505619320335184	0.36000539579382956	0.2238604597172155	0.019347267236826574
0.008129755228331828	0.042830872285222504	0.1369438233310425	0.02622441207786738	0.17627006898575065	0.36493780753421995	0.21942543921573235	0.025237821341832667
0.016611056242351666	0.03145510100968685	0.1621204483587034	0.03940923009803543	0.11373569438965624	0.39445044560734555	0.22313861753860426	0.01907940675561645
0.016088543598119467	0.04066487403319714	0.14205315757197173	0.03520281422524926	0.2059632620673087	0.30862725552768283	0.23142595942188543	0.019974133554585216
0.01526028392055688	0.036209016456223334	0.15545880264659204	0.030111177141290718	0.197674635197907	0.3227638846505172	0.22144297467472873	0.02107922531218384
0.008621622707172177	0.03975427561804494	0.11772854886427288	0.03160724427408744	0.19817497154722113	0.35557671431472293	0.23097766867393793	0.017558954000540417
0.009335304762552538	0.04289231979895075	0.13917667160808234	0.03877590325272373	0.1902768027354766	0.337614132987041	0.2211844083920082	0.020744456463164584
0.019411564989426505	0.03143888288828074	0.15472032480319406	0.03670649604919472	0.1435104815484807	0.3269039040146732	0.2613619309239413	0.025946414782808583
0.01511427290026586	0.034346099714627376	0.12733271648560515	0.03661116242449544	0.1778073731889483	0.30115889075130486	0.28881859210799893	0.018810892426754003
0.00905319170388691	0.0441521425453989	0.1414032367995127	0.029569866665875646	0.1899553874692127	0.3536598150919147	0.21038138560735925	0.021824974116838952
0.015418937013845488	0.03393662089468097	0.12064539039815639	0.02956854906180599	0.1530232150865854	0.31669026787647936	0.308173599155255	0.022543420513191192
0.012103410382265159	0.047730188394742065	0.15920130004232477	0.02637785966520477	0.13340204135730296	0.35835753182468433	0.23958429489657043	0.023243373436905315
0.009003980007822543	0.04626731326214445	0.1604927752988946	0.03778916578855568	0.12058410743840942	0.3863894969995859	0.21533008879694004	0.02414307240764718
0.019007393328648134	0.04444579296349681	0.1568818933682376	0.030751522196742112	0.14120327989932302	0.3714861109745578	0.2145267975323814	0.021697209736612877
0.014394009278081862	0.03799147846368117	0.14283694313520967	0.03997327087698224	0.17572054149884503	0.3482249001794877	0.22167827207299465	0.01918058449471749
0.010196695567371572	0.042826649767694625	0.14444553075183078	0.036993929660418146	0.15571353750537684	0.3380325517394599	0.249802851481744	0.02198825352610398
0.016140979688578097	0.03820321932098113	0.12470103843322425	0.03714753781218591	0.1199613387247316	0.3320888640817888	0.31087143950729634	0.020885582431213717
0.008769811819108853	0.04828873802128705	0.12615576089487338	0.028724154334291915	0.18579837052920142	0.33578566050169245	0.24211083075920545	0.02436667314033933
0.012593358124656992	0.03151013777602618	0.1433958791485035	0.04500488896953456	0.10455631853660285	0.41938248662814626	0.21734853763578293	0.026208393180746553
0.01543108136041585	0.04093470547335375	0.17625007408649945	0.039483665804856946	0.10943394832927436	0.32911806097468654	0.2669988269077844	0.02234963706312844
0.01450733142107076	0.04084223661497541	0.14416862858605542	0.03704708438871748	0.11205107549565488	0.3817260599865767	0.2457532608967175	0.02390432261023169
0.013340709435003845	0.02872637571616178	0.1274896903286064	0.033233608087201896	0.13580251282420597	0.3396044175979427	0.3014365265285646	0.020366159482312615
0.019372095858348967	0.032896596685486154	0.1473005244617786	0.04301426660055034	0.13292565591874878	0.3612243976230195	0.24371974890308756	0.01954671394897993
0.02025934979971772	0.029241766635457675	0.13099799342480575	0.047786478902475144	0.1590756010256707	0.35047364220811833	0.2389557062668043	0.02320946173695021
0.007175885938998275	0.03701730860849092	0.14333132926518327	0.026130335596398727	0.1623640105950626	0.30811529412834027	0.2913161313805067	0.02454970448701904
0.015918896991234693	0.032747306524545494	0.14031376789772484	0.04159262372107482	0.13997528696352396	0.395551836806447	0.2085776126824445	0.025322668413004373
0.010347432423834596	0.04370193707422952	0.14430108181167675	0.029666605160820217	0.12640278556155662	0.4018741102356581	0.22419215384267704	0.019513893889546968
0.01003253315831018	0.03826064171596576	0.1625213253594164	0.041438024771213264	0.12585838192976345	0.33821225563897284	0.2652873366995604	0.018389500726797472
0.014206534173748647	0.035202991964361566	0.1272436679350821	0.04667541692775701	0.11444990004056428	0.4339503452655291	0.20843672132861946	0.01983442236433766
0.02087117037162181	0.03812995487489457	0.15940079638750373	0.03878668168974288	0.12093057796518218	0.38335790101771583	0.21616535823325636	0.022357559460082513
0.02098247993573671	0.0488953671832562	0.12133316048097036	0.04391800583252192	0.12111172182677074	0.35316261629443985	0.27127954089447487	0.019317107551829152
0.009532758944935549	0.03190187256189794	0.1251405809514637	0.03354436224941326	0.12752501656800194	0.4116766705326078	0.24084649497486538	0.019832243216814233
0.012368975863203152	0.029206398621684865	0.1352970021132536	0.038563293782218525	0.1708417626681299	0.37161794634535794	0.2187037262623645	0.02340089434378735
0.014907080492410754	0.02865499499594916	0.13196629790019926	0.03254355508705688	0.15270708199652186	0.3141455075303601	0.3028273975342879	0.02224808446321394
0.007337050412761892	0.03137004452057379	0.1432903151226636	0.02723939274078467	0.1631627984327264	0.3283137401800651	0.2811784524811909	0.018108206109233513
0.012839629830852559	0.03087218335548579	0.1577863397290127	0.031602960439310976	0.17817645470274782	0.3533718189368431	0.2171058792245369	0.01824473378120997
0.020165431356616192	0.04840029551812082	0.17850949184843837	0.03697387588863983	0.13489587819923762	0.30679099771920526	0.24873434271714018	0.025529686752601505
0.019497038450414325	0.031086495093178124	0.12438245026438438	0.047103445098994806	0.18968215709636949	0.3257779705639863	0.23633114882699466	0.026139294605677724
0.013023916613939368	0.03915110639449232	0.1422024161446882	0.03800536806117294	0.1589963408299573	0.3299699734524072	0.25410686107645364	0.024544017426888803
0.014259029978926072	0.04195645605604034	0.12441540972165968	0.04715473386202326	0.11217460233928575	0.3855055693438355	0.25575466887246723	0.018779529825762045
0.01719601611791227	0.04195212082114408	0.13932512927840762	0.025995006741769217	0.12211517691107511	0.34994080618941603	0.2782041619653163	0.02527158197495924
0.008417695206277345	0.036135583570498425	0.15968309798971533	0.030566303248752966	0.1347697315043881	0.3024208587600579	0.31041322446680286	0.01759350525350689
0.01601475743320184	0.039653733878477176	0.16457421807690664	0.03002846648927432	0.12602977142034888	0.3342577636807973	0.2639043583872763	0.025536930633717314
0.018397058066545943	0.042740155525906695	0.12007765683522609	0.03370831643500469	0.15761516229216524	0.3900652570200076	0.21322241660215252	0.024173977222991
0.020141096271545048	0.04096018088721279	0.1557978924901477	0.039273622425362725	0.15652844473814143	0.33021506511475623	0.23331634178661043	0.02376735628622348
0.02006336612525124	0.0408701007115866	0.12259961492471137	0.030524849536409868	0.12558404162299233	0.30088225721039247	0.3410068771201228	0.01846889274853314
0.010245679970145194	0.033671742697559584	0.11915765772787215	0.026315128887253764	0.2009034680823712	0.35015661417519406	0.23946029091458187	0.020089417545022012
0.010915787180439854	0.048053186959666164	0.13125899935007462	0.04457954298070391	0.15099551382506954	0.3319523692618124	0.2592447716956272	0.022999828746606138
0.015641018360356126	0.02912590540338693	0.12283176176358838	0.030125172566358147	0.10537825852970767	0.4543165326500691	0.22413504550295021	0.018446305223583162
0.007692567169168718	0.029232962638793464	0.16475417164439082	0.04227431729014103	0.13760589682676327	0.38973750884994096	0.2093379235330687	0.019364652047732814
0.009526175988528882	0.040385378327324986	0.13985874740664223	0.034484351938094335	0.17225266949736015	0.3205125257137351	0.2590393318138695	0.023940819314444556
0.017162104137885936	0.03546633550999399	0.1314713482848033	0.03865549333019824	0.18505053056976756	0.31304183896113236	0.25773699007508855	0.02141535913112988
0.018153588296848752	0.04914428151647188	0.14603134931442108	0.03567512111527529	0.16099634816648767	0.2960155215049615	0.26897884724459453	0.025004942840939084
0.011607439445928264	0.037407012715173646	0.17416844702156944	0.03045011076737454	0.18394116224095144	0.3202847218857918	0.22448157560127768	0.017659530321932876
0.010098434987027116	0.03483047039404395	0.1607751050954098	0.043506993688258874	0.14269727447399325	0.30370155646152197	0.28270802013915264	0.021682144760592215
0.02027873252141535	0.04329848740419576	0.14367946355288103	0.03866352152851198	0.1953110486048502	0.3136741284524899	0.2210738027330249	0.024020815202630663
0.014360922921518221	0.04806867888780185	0.16007656243192514	0.034186286439877464	0.10729125271439116	0.33198694237346016	0.28099001798109097	0.0230393362499349
0.0174266030286878	0.041754068479945006	0.16999624183922263	0.03598997207403051	0.11293054708985895	0.31964665089248495	0.2826928698159509	0.01956304677981907
0.02088962302741111	0.04580043889942291	0.17990169350281088	0.03251462112085145	0.11378101933349116	0.3127089494073515	0.2725201053353416	0.021883549373319156
0.009823364619876498	0.030812342347873167	0.1574058584823721	0.039954962911865025	0.13228651931525343	0.2968888413809416	0.31361778424961806	0.019210326692199922
0.011830296693414191	0.036018315695106023	0.13422159068323022	0.03788546668871931	0.12844330909650228	0.3310285306416244	0.2970533871538462	0.023519103347557163
0.01191182915271094	0.03125216082528717	0.13777931778143176	0.027191184694371845	0.10703854117165434	0.33330893835017616	0.33094374483319133	0.020574283191176296
0.013274727036277731	0.040064478344643134	0.12035559816711584	0.034810393941302975	0.13533499529947246	0.33532955149156957	0.29649299330195544	0.02433726241766268
0.012065767313670608	0.032882918652486146	0.12497510016007589	0.0370383765574948	0.14347301250261468	0.33547748013407336	0.2956987149249747	0.018388629754609587
0.0142400303530177	0.03614587237983506	0.1684842441882758	0.03219641276392651	0.16836203982918177	0.34097156644988114	0.2143792825566936	0.025220551479188252
0.018926690069461738	0.03410983645346349	0.1772914270867261	0.03929469439453165	0.16528115634637391	0.3072692416063031	0.23409664014484038	0.023730313898299396
0.015085878822894874	0.03475043967568278	0.1614088038474193	0.032933766580414914	0.17381609758555944	0.32315552574189943	0.23857650220271887	0.020272985543410144
0.01834065874042448	0.03008227296586584	0.1607966131834872	0.043204034418523704	0.13965311258826027	0.33723046729319966	0.2531993372064498	0.017493503603788846
0.015483554104317954	0.029019086079661	0.1273075662367831	0.027823106750364313	0.19246080248997294	0.3096875412004594	0.2744359706713027	0.023782372467138407
0.01153810888078119	0.047893116828247415	0.14111119447937517	0.03565966150584135	0.15082804020905652	0.3225904532921048	0.2708580479240209	0.01952137688057251
0.01620424034862221	0.04808846380366552	0.12089685558338387	0.029289934939404072	0.1121613769552133	0.3259999577260374	0.3241778490127043	0.023181321630969226
0.012584363106300012	0.04848426337437656	0.12088094622676587	0.03877700677683232	0.12878126984353186	0.3307901545127453	0.3001949890073949	0.019507007152053002
0.017571437180383287	0.030247261229969333	0.15400073096487865	0.04583102916163956	0.12713424062254955	0.3278604208406454	0.27623283555272526	0.02112204444720886
0.013631801488885667	0.031648595358973755	0.12299820041605798	0.03099322369972203	0.14689105086361254	0.35037547900831034	0.2773543545103911	0.026107294654046473
0.018675740393303053	0.035707920291494805	0.15578305301586354	0.02787254756305263	0.1267059147667009	0.3544654988827656	0.25575152344472984	0.025037801642089477
0.008274924838271261	0.02889666395114611	0.1437515119251191	0.03708814079626213	0.1696245324369328	0.2984282324792735	0.2954131721215845	0.01852282145141032
0.010687245921286032	0.03697838777083737	0.14925998121687428	0.04531584855137885	0.16126043976598084	0.2960550631082638	0.28121269736247134	0.019230336302907255
0.011830024780806359	0.044126577136230846	0.15073751159076856	0.02875643583418082	0.1797537815098087	0.3192626942083642	0.24527781423329717	0.020255160706543124
0.02072392035790048	0.04172448466385913	0.11877114144674134	0.036706280740280095	0.13902866332140232	0.37030775403401683	0.251977050725128	0.020760704710671624
0.018749590336450378	0.03569925027883834	0.11727857355458797	0.03352203691328659	0.13815319743640422	0.3696407785975353	0.2681753621301344	0.018781210752762623
0.013869416473077087	0.03149450187554573	0.12580805978926668	0.0270192644161677	0.1803456228280249	0.3728771624822519	0.23096522512140927	0.017620747014256574
0.01805306619045019	0.03237667009592103	0.14002024247916242	0.044307129890144806	0.12805035770176687	0.35079702758845566	0.26027682508278804	0.0261186809713108
0.016240908681701555	0.04204367965052547	0.13971722269023404	0.028251047075220234	0.1553430027382011	0.38315323055859907	0.21611396527250842	0.01913694333300986
0.01013271328465773	0.03888664431103492	0.13655406960145863	0.031046951201370687	0.14568894331826646	0.38725548557558276	0.23284743628940996	0.017587756418218636
0.014968293259360721	0.03170086039958227	0.1848124826196898	0.030600055230855835	0.1193154805015354	0.34540809524723276	0.249953079629283	0.023241653112459987
0.01914032758163277	0.043870253120487215	0.15139261313849323	0.03550998188879022	0.14844709560872557	0.37447042927157254	0.209401165159958	0.017768134230340307
0.010799833480205384	0.0460588622148215	0.1552933083565085	0.03593016248836514	0.14682489283052366	0.32685048330871447	0.2582008145896273	0.020041642731233933
0.011139904120733582	0.03534613530328712	0.1552669922819888	0.0363885636491183	0.1761777448093536	0.3218565438667118	0.2428549470523736	0.02096916891643301
0.020523240349783894	0.04445601358840941	0.13927803473921582	0.025887360093998987	0.13912478748577253	0.3273510300468163	0.2824424113488102	0.020937122347192666
0.010942837388952492	0.036312897105403946	0.13379595526803048	0.03578724545330181	0.14191942532539376	0.3020889137355434	0.31996684876906445	0.0191858769543094
0.020125383333552738	0.03708138265789032	0.1494700546404543	0.029216007381418607	0.1623003092402572	0.30245801687217266	0.2773716011319162	0.021977244742337768
0.02095530651273733	0.04698649054947955	0.12675860633398597	0.03554338300048651	0.1308664662387864	0.3357933857344524	0.27981418167834127	0.02328217995173046
0.008019247015340736	0.03864094788657123	0.15928009683290795	0.040475200833539726	0.12473211936140073	0.3405060491990273	0.2621575076720237	0.026188831199188384
0.007951249154919723	0.030372719014342645	0.18446750096263118	0.03538160356486676	0.16812990660113997	0.3080693249554381	0.24269833408937058	0.022929361657290898
0.016959101529264053	0.04575137903305043	0.14779563637518406	0.02711129522784235	0.12393952845010003	0.3506837819900881	0.2697698547840212	0.0179894226104496
0.0085087331358982	0.046057785428368886	0.12143872824208313	0.045016987144212706	0.17078489347124726	0.31315652807021943	0.27195364298617564	0.02308270152179452
0.020523417477062808	0.03330213264145988	0.11596140370990504	0.03394227954742787	0.11661977052519172	0.3084341220411232	0.3535529649017972	0.017663909156032068
0.012830293699293185	0.04302510306502724	0.151464513599564	0.036186523060405595	0.12608147163622194	0.30964495847487505	0.30283107488599625	0.017936061578616547
0.015125391551870523	0.0381794446273072	0.1728761502463854	0.03553544290914591	0.20709129394589615	0.3009571433078317	0.21217872376034524	0.018056409651217714
0.007122057833334902	0.03822487206580345	0.13528495779163005	0.030761630530103903	0.13054899291149186	0.3122397935494593	0.32271895708579756	0.023098738232378777
0.016793087061725984	0.04408958636482502	0.1388278767871206	0.029438737202038837	0.15339190362195115	0.34523479617264197	0.24608515976591333	0.02613885302378298
0.01615594313160526	0.04323300487904844	0.11595864615948301	0.04754501044687058	0.12497463498205445	0.3009186477649284	0.326668854761673	0.024545257874336715
0.013627696247435067	0.03894647206131038	0.14804555159811283	0.03522735429393767	0.20363649701923225	0.3277678580900396	0.2125445636635851	0.020204007026346962
0.010928997216743133	0.037861022313394194	0.16100941280879877	0.03936871657751885	0.17025388948706588	0.3321194233797345	0.22560543464824512	0.02285310356849936
0.011671204199537932	0.031165364125484332	0.14049611932596284	0.04253568863309938	0.17765522347256602	0.36981176309239683	0.20765158985904	0.01901304729191247
0.015588648715393782	0.031650757893335366	0.12351295117860067	0.04427604006768464	0.11471559764664507	0.3705553571492146	0.2817825237249637	0.017918123624161897
0.01701801574963352	0.04728594155485573	0.13229630460958028	0.04720811842633667	0.1885879161007731	0.2984918449642582	0.24386848834559985	0.02524337024896245
0.016763792168734443	0.04370817412717137	0.144100903896268	0.035985135488804026	0.13094497150045228	0.33551044841992467	0.2738195483165704	0.019167026082074684
0.008714516256010246	0.0428642421122601	0.1613715511973228	0.04758253900958671	0.12550121414677143	0.3676842674188141	0.22086585548495122	0.02541581437428317
0.016245581203840162	0.0410241436839123	0.1648935760311356	0.0449704118252314	0.16436819585454263	0.31897525097256973	0.22687910571408457	0.02264373471468345
0.01012886989613064	0.04474846186786614	0.13057874074454948	0.03734074531761514	0.17187132555107923	0.3195200109514291	0.2609357552946018	0.02487609037672818
0.017647710358730334	0.030720120823182054	0.11847352804888116	0.046638808938339785	0.1137360900300203	0.3433254283268128	0.3039663638810445	0.025491949592988866
0.0156169113530394	0.03015178937863959	0.15249842697647997	0.029736395636379517	0.1061397484859418	0.32189876275047424	0.3235690072224975	0.02038895819654782
0.014877269189110476	0.03470020659433376	0.13498600383057213	0.031313494446729886	0.12005895381892931	0.3407798154266508	0.30022480172180616	0.023059454971867344
0.010698787522259556	0.04757551941854431	0.11869449458616457	0.04044834731816628	0.11272612430332479	0.43212214707096586	0.21887391768001174	0.018860662100562725
0.012146316982880975	0.03537244014873872	0.14032704562155918	0.03866231410402396	0.11713046678920677	0.3602159048931093	0.2766347105498951	0.019510800910585838
0.010303105716216898	0.04601002017477693	0.16963639225099608	0.03239771881752343	0.15843431384314716	0.3062492491602343	0.25652275149552284	0.020446448541582146
0.012447862961427594	0.04765421627347072	0.1719725575166	0.028884819720329802	0.15142889344027333	0.3082207057248446	0.25566011685788614	0.023730827505167584
0.010824467102898971	0.047611367836155244	0.17044603238982842	0.04484579583543201	0.1719847645929186	0.3277280807103059	0.20858086390243447	0.017978627630026223
0.009028769246959098	0.04003039422768201	0.1287437534284793	0.042216816708443045	0.12883727777389226	0.39442900847770535	0.23137909541853913	0.025334884718299644
0.009441129796217307	0.04795539264982612	0.15754113934780306	0.04309389729329832	0.12112500074887692	0.38741139000795244	0.21416139977216236	0.01927065038386329
0.009452667341388776	0.03355374827770517	0.18634483629559837	0.027516769420517104	0.18993323091716202	0.31622149406100186	0.21598719776045755	0.020990055926168955
0.012225382805003862	0.048588342449501304	0.11718959752456218	0.031159979261525722	0.1616474050598677	0.3006008693536929	0.30350199405916967	0.025086429486676512
0.020762985002174397	0.04768143368516051	0.13851023259747355	0.0406508884107199	0.1316671655450569	0.3091838946369037	0.28928728710519236	0.022256113017318557
0.020788573784317962	0.0400571313156322	0.1561365790463543	0.035139828790723096	0.12586716412786905	0.37700968219326525	0.22481904470930925	0.020181996032528682
0.010416786311579801	0.029190265337769736	0.18229950239847398	0.0336044361453801	0.13079361889746813	0.3744237436702291	0.21419738544555653	0.025074261793542385
0.010178467063471239	0.03904485161077015	0.16088155591029363	0.02947850476342244	0.11244876111784222	0.3927174284431244	0.23608069864650771	0.019169732444568086
0.01502402799012599	0.04411007261575388	0.15490343881970753	0.045474031718875665	0.1160387488951331	0.3655678992132414	0.24026540943803287	0.01861637130912941
0.012450220152682878	0.047508286486487916	0.14449767709783423	0.04231196248632113	0.1543973465345427	0.3116258339560023	0.2654743742667116	0.021734299019417147
0.014721801456803726	0.03282834687940557	0.13031722965938408	0.04261753165744059	0.1720954797872861	0.3036007310181573	0.28570909468382044	0.018109784857702024
0.012411628334314279	0.03896018432970101	0.12712274060744858	0.03170132541023954	0.18221220420109951	0.35796220324837225	0.2307209814048868	0.01890873246393783
0.015841511282713452	0.03711958277429395	0.1531376928364787	0.034027330281940577	0.11214359492059188	0.35485181423226425	0.27276234029360097	0.020116133378116047
0.012968382643134713	0.03601550660547988	0.13697953465905371	0.027043423856154367	0.1612182124787709	0.3565675563613798	0.24678391882116363	0.022423464574862786
0.019274987781157285	0.04925463145694606	0.13097521134895096	0.02786451689363488	0.10484176515794424	0.38448011156588546	0.2656964384903402	0.01761233730514078
0.01613972800624222	0.0411209336763641	0.16968252447764454	0.04286158410871703	0.11624779819020546	0.3391835951903427	0.24912860789050573	0.025635228459978038
0.009441522945733805	0.031717885884760086	0.11809740906552345	0.03697336712407939	0.13291759159299404	0.31173728628005143	0.3345207238035234	0.02459421330333425
0.010047603019442727	0.03875997401076359	0.1427016675929827	0.040049677190955715	0.13550533287963162	0.3023915397774169	0.3066781347790903	0.023866070749716334
0.01280886119330489	0.03149101983717452	0.13764473745080202	0.040560850457684636	0.1899766109517797	0.34672960052393764	0.21501079009252377	0.02577752949279262
0.009169787385139058	0.030080969594761267	0.16832329583333225	0.04627531791395878	0.14080050499025223	0.3233067399296813	0.2584588390387186	0.023584545314156366
0.021027488449410298	0.04223716399474155	0.12049621488238409	0.03834072350464483	0.19531377585494758	0.2999460217986619	0.26359864860010096	0.019039962915108566
0.009407918751942163	0.047768565047261416	0.1870337257446069	0.02568102616302828	0.11145260742906085	0.3725654119951243	0.2240402817302981	0.022050463138677825
0.015143996381155184	0.048821997396682415	0.17768599848610273	0.03381438773506469	0.1544633447075185	0.33451397741714495	0.21134264968340505	0.024213648192926304
0.008279752882564204	0.0405546023885288	0.1260563745370739	0.03136501293746177	0.20121909857057305	0.3289244280650131	0.24020501058165905	0.023395720037125922
0.010566782965991103	0.030465694823697625	0.18418877956302465	0.034019256247278556	0.10449413645464428	0.33884729144175973	0.2786581471998073	0.01875991130379666
0.012825734083245832	0.0359483353459652	0.15573974032841864	0.03208387486524608	0.10601416093300779	0.4010766138756898	0.23656256012293808	0.01974898044548845
0.006948041801559737	0.03601927839248337	0.1870441533015699	0.04147364261220694	0.11841154273081979	0.30173158443554676	0.28593498088844854	0.022436775837364753
0.01439476608883003	0.03527766196506936	0.13760746415250286	0.033230411375325175	0.12265570197128625	0.36054971388658485	0.27442410050818933	0.02186018005221191
0.019462791712868632	0.04843355037541876	0.14042402403073428	0.04526700886662925	0.11740008447681952	0.32959126651042503	0.2789242266185693	0.02049704740853496
0.010412259410122748	0.031200006874898586	0.13209901843699842	0.04160399465424593	0.1117012283213948	0.4120276049799533	0.24214023090678427	0.0188156564156019
0.019852997026178237	0.044347053389690375	0.15495802696447405	0.035052463171621556	0.13417482905017722	0.36182992769646405	0.22431287579881787	0.025471826902576405
0.012950683758574263	0.02944053888307674	0.17404564634290987	0.025901598737891246	0.11104151150947043	0.3881271794258221	0.237223112341759	0.021269729000496174
0.010752707842708889	0.036117373747454884	0.14849909494174438	0.027081220201492853	0.11484513350837401	0.35394162934812207	0.2891997459626524	0.019563094447450358
0.013271947935824771	0.029482963476343466	0.1323257203273345	0.04733500658447026	0.11465022767858843	0.41063501977289907	0.23372596543815172	0.018573148786387633
0.014313253203883824	0.02895080019651325	0.15257447274307662	0.04312461504916287	0.1464587109332438	0.347641739405847	0.24213708779147355	0.02479932067679895
0.019257992383384853	0.042388210629370704	0.14519336455381807	0.037976215490679296	0.16065142668770482	0.3252029593485569	0.2500460770160349	0.01928375389045034
0.007320924333153581	0.03895864726508312	0.1550243204312076	0.02601548446541209	0.17790091946957426	0.3327139004519374	0.2365723913595279	0.025493412224103895
0.010386455612123549	0.030352679000008098	0.1302986521746301	0.03510355700222556	0.15874978304065274	0.3959473725738246	0.2142340553321634	0.024927445264371753
0.014423528213463849	0.02970207211511841	0.12694493102272614	0.02919664315127704	0.11076862463601404	0.407673720545663	0.26197156341936456	0.01931891689637283
0.007176540517057101	0.029524809672780192	0.15383378147222726	0.026296168050846933	0.17259258294295518	0.3655637802868695	0.22349347715403456	0.021518859903229076
0.019018976277749525	0.034780690185792246	0.15030844971479645	0.044432180954151385	0.1924056120539886	0.31290619433667516	0.22344269034761194	0.022705206129234504
0.019341656462739082	0.02908489332657614	0.12371990898137532	0.046683579547714085	0.11512262681300718	0.3286782745216364	0.319631046941272	0.017738013405679542
0.020560412485777863	0.04046941175413256	0.11806300502696744	0.04597582124170903	0.18167815555957034	0.30370644042728756	0.2676022814947152	0.02194447200983976
0.01323239995999749	0.02987934491215652	0.12701598287538773	0.028684028051040075	0.1875625048398192	0.33305482404480224	0.2621793115396517	0.01839160377714491
0.016869716649296318	0.03623709415616615	0.1522913595521421	0.0330486929254251	0.1217379858682026	0.3631387836558091	0.2506626756942592	0.0260136914986992
0.018359305496468747	0.04647128879830506	0.1611137364422064	0.0334486010999375	0.15814428494421015	0.3159232939281551	0.24475212210429015	0.02178736718642671
0.013547852220577902	0.035626032930788115	0.15619498214212876	0.037092790212236756	0.11186686341016061	0.4056900330794242	0.22011854120004995	0.019862904804633583
0.015462693428010738	0.04797203605106208	0.11656240358680581	0.04465846735161694	0.2009699358469194	0.3122324464717242	0.24434429374566935	0.01779772351819124
0.009708376553490605	0.0477578000670531	0.17437616829117564	0.046061747880300846	0.13847135768483707	0.3366620314812351	0.22912238485509234	0.01784013318681514
0.014106990686815257	0.04190908419168092	0.134581908265975	0.04486890304895334	0.19147846908017963	0.29901301130663627	0.25261299013291383	0.02142864328684564
0.009315557323490903	0.03616046663875351	0.1625597857836585	0.04088485356262682	0.1363206546571768	0.35323918376320357	0.23706476446647967	0.02445473380461008
0.018605165778370902	0.04218456501295269	0.11907507010411286	0.03595483799678249	0.14615426761453634	0.32271989678588947	0.29221858305825155	0.02308761364910354
0.007475353732081663	0.04913758671109526	0.11817799422162964	0.037877729334153246	0.17064953899329144	0.29623765967078164	0.29718714283366754	0.023256994503299516
0.007193123731924919	0.02950739528497559	0.1415475955288935	0.028593775184393294	0.17354050818196148	0.3119900014598444	0.28209572647334813	0.025531874154658463
0.010720658703384608	0.04178909597175731	0.12029036269396864	0.03649397664682291	0.1922519457782546	0.3065403508928599	0.2701638373103544	0.02174977200259738
0.014737610725827313	0.03900719392238619	0.11774100731134639	0.04578566243964849	0.11476353075748359	0.3482145322890765	0.29995317869395866	0.019797283860272796
0.011286483005708559	0.0403320296813333	0.14485025093890028	0.03186867263335759	0.1339266723880955	0.3498185175207896	0.26892024961592004	0.018997124215894945
0.019200135270713195	0.03140729310693341	0.13580320417254854	0.04703157707743458	0.13217266356769056	0.3026024498426577	0.31373973598048155	0.018042940981540315
0.012392554975324765	0.04041623756518166	0.14440246292107128	0.04555585495145743	0.14174137954158528	0.3082301747306593	0.2826723933270968	0.024588941987623236
0.01428157674516134	0.0443576598618215	0.13634509221044136	0.02649057811008554	0.146368663422678	0.34649674258076635	0.25997020436026863	0.025689482708777106
0.00760705053438962	0.049146339288652585	0.14232431142755314	0.034776718246735214	0.12980991649178944	0.37012476780559894	0.24148057857328228	0.02473031763199865
0.008470459341087644	0.0314247062227659	0.1581652970150935	0.03461957684144637	0.18850797147246	0.3173522329633611	0.241372122688895	0.020087633454890258
0.011683068290848586	0.03802668550522294	0.13509092786544605	0.034870166169127234	0.1611976692867761	0.30054731597386697	0.29329535099760473	0.025288815911107293
0.013684163321226739	0.03564223986129317	0.145591835821347	0.035470286465740936	0.1495059187598992	0.37127647150679666	0.22319342799026456	0.025635656273431548
0.014627768988929701	0.040006778639782165	0.1267143417084116	0.04496326694975761	0.197026260852668	0.34411966220093454	0.21159238789815527	0.02094953276136094
0.011614873734636669	0.04603351242488771	0.14894937684517237	0.04525722915343962	0.12096441112405562	0.35996770399359723	0.24442769772084044	0.022785195003370146
0.009015695397770557	0.03537987479612979	0.14532534890978752	0.029539097564853983	0.12622252881903678	0.3850525542264299	0.2470186615956156	0.022446238690375583
0.011967932592116981	0.031027621306241426	0.1466846187876599	0.04461790504243196	0.11307783018519436	0.33170608078926656	0.29612878370665563	0.024789227590433033
0.014092669218235904	0.047153035242782054	0.1406772332433095	0.03686565154290365	0.17963200000206933	0.3441771010600142	0.21528993154893894	0.022112378141746256
0.010473818348343295	0.02854743657204309	0.18289158125315474	0.02533671390288665	0.16655640907568564	0.34362737696432855	0.21624488322646143	0.02632178065709634
0.01583140074005232	0.03163716740949228	0.1289157231234895	0.034482461986178464	0.10867071641927686	0.3610088524307579	0.2980217464823647	0.021431931408387783
0.009932872257449016	0.028605834069821784	0.18136271345129273	0.042416077142527084	0.12267335520285094	0.33459198096697856	0.255312077591651	0.025105089317428705
0.007760032810712719	0.03019525559428987	0.16513459361557847	0.03132336142311197	0.1916391829754422	0.33445042069170744	0.2172059931563907	0.02229115973276645
0.019551096418370148	0.046119055681574594	0.1761488320977681	0.033676675955822716	0.12291292736224285	0.32172141198846865	0.2564189745577017	0.023451025938051026
0.015077592984997806	0.044783355422792756	0.16930290450807067	0.03192842753228027	0.10569279047676325	0.3520377592428861	0.260187190386476	0.02098997944573308
0.01719522064993098	0.03900303617571621	0.11661096192076884	0.0405433369322139	0.14157187243808442	0.3108514431474865	0.312475632218285	0.021748496517513982
0.009012424088180565	0.03857560943731693	0.12185155767188582	0.03212581854909714	0.1611667562521992	0.3006316846555654	0.31436964853410815	0.02226650081164666
0.019239962081301937	0.04643382064083312	0.1202352451968685	0.04580733238341811	0.11790005714888255	0.33923054090563304	0.2921195115768499	0.019033530066212695
0.010890584637997094	0.04885382528701053	0.11610200983718674	0.043196313462984415	0.1754274180547641	0.33587854118289295	0.24806625027209472	0.021585057265069207
0.015433359539316766	0.038133694371969395	0.15436537012819002	0.042510544222062935	0.17591574188163356	0.33873195970741304	0.2088435109755418	0.02606581917387235
0.013062084070319058	0.04327198502289946	0.14151522575894585	0.03200295276249902	0.15857324133391293	0.29670699360350694	0.29130401770117925	0.0235634997467373
0.01621493394787235	0.02976760872626133	0.11714809050863519	0.0342614755014434	0.15129320073371155	0.41584556987328036	0.21273925780491654	0.022729862903879017
0.010198225491659371	0.03069928061785515	0.18631463192485082	0.04213500721245131	0.11701650475473949	0.35347954072374665	0.24015313180132497	0.02000367747337206
0.0074246092788371465	0.0479435014920406	0.14827194233506374	0.030066568187610998	0.1777743819026614	0.34410298349273405	0.22398875887982758	0.020427254431224326
0.017539235799469644	0.0417600389738154	0.1461628185508038	0.02718649982940341	0.11110111163488819	0.4166203281677292	0.2180964666823662	0.02153350036152399
0.018947525023675638	0.03307613336531173	0.15625376585772988	0.04722667525774657	0.1824037049921769	0.316241848613915	0.22332263345195819	0.02252771343748594
0.013480773047689631	0.03253305124711023	0.12873523874635084	0.03519785431463347	0.19983507258062239	0.3575949414354455	0.20963868759044474	0.022984381037703047
0.016144568180351523	0.03274925894339842	0.1639599756771499	0.0459268016001593	0.1948533580907349	0.2993337341416775	0.22902619427516457	0.01800610909136366
0.01532750157249331	0.04152370444409918	0.17193222158357926	0.045333314937542335	0.18837184270919366	0.3101749434875455	0.2081521242584881	0.019184347007058414
