0.35070882022959493	0.39973155156937734	0.24955962820102784
0.3503405810669176	0.399702453902867	0.24995696503021544
0.35018065582344626	0.40001826315109656	0.24980108102545734
0.3505325941456817	0.39957103952369577	0.24989636633062268
0.3501331257607394	0.3998897067183125	0.24997716752094823
0.35041604159057427	0.3997767612650023	0.24980719714442354
0.3504637958442328	0.3998004526090757	0.2497357515466916
0.3508191139447615	0.3994760883813345	0.24970479767390408
0.35054189516411705	0.39969762464655645	0.24976048018932656
0.3505051459291332	0.39964187763006953	0.2498529764407974
0.3505212887877264	0.3998074587358999	0.24967125247637378
0.3503370048289699	0.39967951581947936	0.24998347935155088
0.3505574525839447	0.39960826566571594	0.24983428175033948
0.3505827339389475	0.39976020735901613	0.2496570587020365
0.35059360175435106	0.3996939538287147	0.24971244441693433
0.3505259679097594	0.3995341643177033	0.24993986777253746
0.3501051095783469	0.39997496869834687	0.24991992172330632
0.35066392898568344	0.399786510532368	0.24954956048194862
0.35072317245758466	0.3997000294850039	0.24957679805741156
0.3506061682796814	0.39971174368021717	0.24968208804010156
0.350565250277706	0.3994709901383046	0.24996375958398948
0.35036892317913654	0.4000453870180238	0.2495856898028398
0.3501900567407351	0.39995248970909814	0.24985745355016686
0.3500824692168684	0.3999880030781412	0.24992952770499044
0.3508751873359848	0.39947238655998274	0.24965242610403263
0.35082111982986885	0.39952952307972855	0.24964935709040267
0.3504993829922914	0.39974500140086167	0.24975561560684706
0.3501117425130344	0.4001054627880712	0.24978279469889456
0.3508547688817479	0.3995166249176522	0.2496286062006
0.3501821806735499	0.39997471549009733	0.2498431038363529
0.3505712510983902	0.3995949775685177	0.24983377133309226
0.3503002624898083	0.3999564573749426	0.24974328013524918
0.35075725183470824	0.39949116194670226	0.24975158621858962
0.3501024378114684	0.4001320303826912	0.2497655318058405
0.3504115002214103	0.39996518787480895	0.2496233119037809
0.35062280000663193	0.39960919386685	0.24976800612651814
0.35070494975935046	0.39964934673450114	0.24964570350614848
0.35044724400124044	0.3995622726415327	0.24999048335722696
0.3506542357399629	0.3995721905918641	0.24977357366817315
0.3507160708138228	0.39955965302750435	0.249724276158673
0.3505252620566671	0.39981538091920643	0.24965935702412656
0.3504205794572783	0.3996334817649699	0.24994593877775195
0.3499580504120768	0.40005254877393576	0.24998940081398757
0.3499627125071447	0.4000687011463075	0.24996858634654795
0.35046603954843164	0.39993824878067946	0.249595711670889
0.3505816346185473	0.3996565094133301	0.24976185596812273
0.35076754628592205	0.3995984005667125	0.2496340531473656
0.3503991557915875	0.39999811060956086	0.2496027335988518
0.35026522973546254	0.3997634178439109	0.24997135242062668
0.35025466754436746	0.39990475602187203	0.24984057643376062
0.35039617876198	0.3996462657957731	0.24995755544224696
0.35054349507143867	0.39946562721612666	0.24999087771243478
0.35054310603869154	0.39969886811961247	0.24975802584169612
0.35036640913165223	0.4000063334878624	0.24962725738048547
0.3501859254646915	0.3998610911096322	0.24995298342567643
0.3503389264540287	0.3999489730205087	0.24971210052546272
0.3502018036723426	0.399945768092723	0.24985242823493453
0.35073234343143933	0.39957135379003444	0.24969630277852634
0.3501923851288242	0.400002819317659	0.2498047955535169
0.34994665158174004	0.40007969279962186	0.2499736556186382
0.35002588162293535	0.4001230357333383	0.2498510826437265
0.35055349793799645	0.3994584143299055	0.24998808773209819
0.35043674924571205	0.39993079132721715	0.2496324594270709
0.35071783238753235	0.39954076334996536	0.2497414042625024
0.35050560347267434	0.39993910774452424	0.24955528878280153
0.3508281962763012	0.39952640898882974	0.24964539473486919
0.350544145381066	0.39954721633432067	0.24990863828461346
0.3507894843986405	0.39954877510680475	0.24966174049455486
0.3505994577843545	0.3997074887957053	0.24969305341994033
0.3506286493239152	0.3995986069555931	0.24977274372049174
0.35071549435308286	0.3997272126618127	0.24955729298510454
0.35004789137636266	0.40008324259118555	0.2498688660324519
0.34988549296643023	0.4001360621215398	0.24997844491203008
0.35034455252759794	0.39998208207643293	0.2496733653959692
0.35048440939740977	0.3998050049169616	0.24971058568562873
0.3507342136510419	0.3995334209819408	0.24973236536701748
0.35003149591789984	0.4000986695617632	0.24986983452033706
0.35008868202774146	0.39998998286522114	0.24992133510703754
0.3507772195355543	0.3994419188811758	0.24978086158327004
0.35052465386227816	0.3997545861195209	0.24972076001820107
0.3505392314019212	0.3994727328249088	0.24998803577317008
0.3505679569673119	0.39982869944109073	0.24960334359159744
0.350342870692633	0.40005590550202996	0.24960122380533714
0.3506135196463761	0.39971396758756333	0.24967251276606067
0.3504833120401122	0.3998260507799595	0.24969063717992845
0.35024323964078996	0.40013713672573903	0.24961962363347112
0.3504340576571241	0.39987183319562586	0.24969410914725015
0.35058530359289053	0.3997756701763622	0.2496390262307474
0.3501883653274582	0.40011626084119667	0.2496953738313453
0.3505004457991448	0.39970723111571305	0.24979232308514226
0.35063211085856766	0.39956342554401647	0.24980446359741604
0.3499594044993341	0.40006659328383254	0.24997400221683347
0.35048198434318295	0.39968050022784435	0.24983751542897278
0.35022115708876006	0.40009998974492655	0.24967885316631347
0.35072789598286924	0.3995409304093318	0.24973117360779912
0.35024645370964047	0.39986475096528146	0.2498887953250782
0.35024924661605616	0.3999189979702621	0.2498317554136818
0.34994627798003947	0.4000976796002216	0.24995604241973907
0.3500938749652269	0.400094198889225	0.2498119261455482
0.35033528897912686	0.3998406060889616	0.24982410493191168
0.35060868179985816	0.3994657204154025	0.24992559778473938
0.35062406598642537	0.39965037805331344	0.24972555596026133
0.3500263808601246	0.4001115838308396	0.24986203530903586
0.3504342147639025	0.3996027350151353	0.24996305022096224
0.35089911581965294	0.3994552561359135	0.2496456280444337
0.35094155860742765	0.3994839740783763	0.24957446731419614
0.3500495155235633	0.4000492546314394	0.2499012298449974
0.3501793158956815	0.4000329471438884	0.2497877369604302
0.35045690878087704	0.3998655498039245	0.24967754141519855
0.3502019435024628	0.4000882832414134	0.24970977325612392
0.3508349193161986	0.399541273839558	0.24962380684424348
0.3501025676267948	0.40013195647483585	0.24976547589836948
0.35047770824362356	0.3996046975862884	0.2499175941700881
0.35045908938620246	0.3995825893957047	0.24995832121809297
0.3504543063247085	0.39964288735054493	0.24990280632474673
0.35032520783256393	0.399712154333938	0.2499626378334982
0.35065642919626405	0.3995870744693468	0.24975649633438923
0.3506776350037793	0.39945803611429076	0.24986432888193005
0.35084083307255953	0.3994981203796194	0.2496610465478212
0.35019435484207423	0.40008866438568624	0.24971698077223964
0.3502938290399769	0.3998394911115566	0.24986667984846656
0.3507268952393049	0.39960051045376227	0.24967259430693295
0.3503480493257877	0.3999596211625062	0.24969232951170617
0.3503674700058356	0.39989154735655347	0.24974098263761102
0.35023123920195715	0.4000754743996514	0.2496932863983915
0.3498963944600886	0.40012713841800557	0.24997646712190597
0.3504676375552503	0.399860910927082	0.24967145151766784
0.3504424139530439	0.3997596679044957	0.24979791814246058
0.35072304285176303	0.39971971734256684	0.24955723980567018
0.3501349723872451	0.3998828404457648	0.24998218716699017
0.3502330453338598	0.39992422633733443	0.2498427283288059
0.35000655690775495	0.40001078666710616	0.249982656425139
0.3504303805787052	0.3998489564551536	0.24972066296614134
0.35069578313245126	0.39961907482776043	0.24968514203978845
0.3504801618121262	0.3996971409989113	0.2498226971889626
0.3507501511592197	0.3996402005362585	0.24960964830452192
0.35043471742758125	0.39988632727437773	0.2496789552980411
0.3507069631107462	0.3994498289539571	0.2498432079352968
0.3504802658271295	0.3997874852911727	0.24973224888169793
0.3506981142227911	0.39947670789519873	0.2498251778820103
0.3505231682337406	0.39971929520840555	0.249757536557854
0.35044735259802823	0.3999795956215515	0.24957305178042036
0.35027430938530413	0.3998696129524862	0.2498560776622098
0.35049963865041023	0.39991779861347626	0.24958256273611362
0.35018888191831565	0.40009700441368096	0.24971411366800353
0.35076643032798915	0.3996595236057806	0.24957404606623032
0.35052875086081814	0.3995818748503564	0.24988937428882557
0.3502000050094258	0.39990221477751153	0.24989778021306286
0.3503024849617384	0.39996304169171104	0.2497344733465507
0.3499930599261656	0.4000876170762395	0.24991932299759498
0.35029169181206143	0.39973102285143597	0.24997728533650274
0.35048483215117465	0.3997429162218959	0.2497722516269296
0.3505301096053115	0.39972199918861867	0.24974789120606994
0.3506091581461018	0.3995892178592843	0.24980162399461406
0.3503650119669656	0.39981941997413917	0.24981556805889535
0.3499539298678499	0.40007709247603074	0.24996897765611947
0.35058320488578165	0.399756578070362	0.24966021704385646
0.3504390134428134	0.3997459401644408	0.24981504639274585
0.35035858480248894	0.40008408215586444	0.24955733304164676
0.35068150225768885	0.39968531934454493	0.24963317839776633
0.3506042583951242	0.3995537513501308	0.24984199025474507
0.35003906643854943	0.4000074938485271	0.24995343971292355
0.35019121625292904	0.40005508231237297	0.24975370143469816
0.35062577327314404	0.39946983602851993	0.24990439069833614
0.3505646527537936	0.39978024325938577	0.24965510398682075
0.35068791319368864	0.3995300132269547	0.24978207357935678
0.3505556772946222	0.3996608945009889	0.24978342820438898
0.35035104401150435	0.39996935633183905	0.2496795996566567
0.3502952598716279	0.3997371018273509	0.24996763830102137
0.35044234151100373	0.3999588604856974	0.24959879800329896
0.34993726517364976	0.4000799260449882	0.2499828087813621
0.35059578479187553	0.39975713438908483	0.24964708081903975
0.35024788652291433	0.39978446426853725	0.24996764920854853
0.3502872656202803	0.3998133423032908	0.24989939207642903
0.3506925532416366	0.3994807153030887	0.24982673145527476
0.350119349815803	0.3999728764956241	0.24990777368857303
0.35052435705778884	0.39975199760257263	0.24972364533963864
0.3500275047424801	0.4001174437198288	0.24985505153769116
0.35063880783955326	0.3997965976488237	0.24956459451162313
0.35041239142885894	0.39986689229338757	0.2497207162777536
0.35047491537581604	0.3999736142385801	0.249551470385604
0.3505165715016989	0.39963703700662057	0.24984639149168064
0.35031008267114344	0.400027039079493	0.24966287824936365
0.35021918584983686	0.39993524984865736	0.24984556430150587
0.3502676052473253	0.39994433084615755	0.24978806390651728
0.35065552722403937	0.39978791721877094	0.2495565555571898
0.3506384270964773	0.399697650311586	0.24966392259193684
0.3505745101779603	0.39959189169329257	0.2498335981287472
0.3502983851472501	0.39988846421935753	0.2498131506333925
0.35026869006464534	0.399942595130224	0.24978871480513076
0.35025107570467856	0.400094126632609	0.2496547976627125
0.350001560865349	0.4000611815140502	0.24993725762060093
0.3504454907955821	0.3996033644486731	0.24995114475574487
0.3502305765101589	0.3999649701947804	0.24980445329506085
0.3502800074195162	0.39976089818106586	0.24995909439941805
0.3504629074983446	0.39967024317060773	0.24986684933104775
0.3504689252479698	0.3998382245616556	0.24969285019037474
0.35038385163483626	0.39972703459175185	0.24988911377341202
0.3505463011872024	0.39988889467559474	0.2495648041372029
0.3507873435501758	0.3995167722677193	0.24969588418210498
0.3508460947926216	0.39953979755452085	0.24961410765285774
0.35024062380997134	0.3998277081364341	0.24993166805359468
0.35018699218604094	0.3998734037060696	0.24993960410788957
0.35084276953466353	0.399607062491086	0.2495501679742505
0.350968280547705	0.3994559692444273	0.24957575020786787
0.3503000311678771	0.3999466689791946	0.24975329985292838
0.35073872269086465	0.399627785114507	0.2496334921946285
0.35079476684560595	0.3995985534993386	0.24960667965505562
0.3504806192894907	0.39990881156004665	0.24961056915046276
0.3503687701783781	0.3999630387373976	0.24966819108422444
0.3505701759845048	0.3997333676388649	0.2496964563766304
0.3503809296989373	0.39994772592008193	0.24967134438098085
0.35025297170056047	0.39983471864661707	0.24991230965282257
0.350890482578328	0.3994425052939599	0.2496670121277122
0.3505409021190108	0.3997134419329985	0.24974565594799078
0.350585599299961	0.39975436297680406	0.24966003772323503
0.35062614546780185	0.39945073244364937	0.2499231220885489
0.3503914423486362	0.39985678042259953	0.2497517772287644
0.3503030255184423	0.4000334040785286	0.24966357040302925
0.3507565519903513	0.3995384295803465	0.24970501842930232
0.3505523561825664	0.399606516870525	0.2498411269469087
0.3498923569935432	0.4001200081660631	0.24998763484039382
0.350496716751711	0.39969737010316264	0.24980591314512643
0.35037466539632356	0.39975757753742314	0.24986775706625347
0.35080437064738207	0.3996297505987513	0.2495658787538668
0.3502828343546943	0.3997709740132585	0.2499461916320473
0.35055002879803526	0.39946490644752414	0.24998506475444074
0.3501102381151415	0.40006527771586325	0.24982448416899536
0.350240973851332	0.399958251069375	0.2498007750792931
0.34990611696901386	0.40011323973803103	0.24998064329295522
0.35000428515114695	0.40007008151531886	0.24992563333353424
0.3507349283064434	0.399712069173205	0.24955300252035167
0.35025538835025605	0.39989340941382256	0.2498512022359215
0.35010628804318594	0.39994363523522636	0.24995007672158784
0.35010501056589466	0.4001024107670699	0.24979257866703553
0.35059426582760406	0.3994930373828126	0.24991269678958344
0.3502921783568591	0.4000710370065171	0.24963678463662392
0.35055092380764574	0.3996899767180237	0.2497590994743307
0.3505114647215951	0.39961874249276375	0.24986979278564125
0.3508731593019887	0.39949236052245163	0.2496344801755598
0.3500338339936454	0.40008732963632015	0.24987883637003452
0.35022595467156314	0.3999649356706936	0.2498091096577434
0.3502700017591286	0.40005209156090416	0.24967790667996737
0.3508072707861904	0.39958566348183555	0.24960706573197414
0.3508310848491904	0.3994818204563403	0.24968709469446948
0.35056128885994287	0.3997860475513317	0.24965266358872554
0.35072565653739596	0.399456391105493	0.24981795235711107
0.35025536984066313	0.40010268437617047	0.24964194578316648
0.35061204857479866	0.39968317069419823	0.24970478073100327
0.3506750669027049	0.3996031056870524	0.24972182741024285
0.3506080946012253	0.3997371384403702	0.24965476695840463
0.35047738375760223	0.3995710130916932	0.24995160315070464
0.350085828694724	0.40012940256271523	0.24978476874256092
0.3508546479936338	0.39955308684333724	0.24959226516302904
0.35050862383184855	0.39989542772693276	0.2495959484412188
0.3506823035293471	0.399745508505144	0.24957218796550895
0.35077238053794596	0.39952118207241444	0.2497064373896397
0.350282534870978	0.399770768018462	0.24994669711056017
0.35044897726581903	0.399570424918639	0.2499805978155421
0.35050847795697254	0.39957361222614896	0.24991790981687861
0.3501678983214119	0.3999726477176303	0.24985945396095793
0.35033749482858695	0.39986563333609215	0.249796871835321
0.35028466587991036	0.40013212866859293	0.24958320545149681
0.35042803226718194	0.39972589862288577	0.2498460691099324
0.3503422528303274	0.40002280904535925	0.24963493812431353
0.3499991722835052	0.4001184583293005	0.24988236938719446
0.35052482389268974	0.3997922790933536	0.24968289701395682
0.3506822174635102	0.3996764211658691	0.24964136137062085
0.35090833497068413	0.39946698280766335	0.24962468222165268
0.35005792470194574	0.40004190017515684	0.24990017512289756
0.35038715848281227	0.39976073068148776	0.24985211083570008
0.3503037423617572	0.3999442853892268	0.24975197224901613
0.35069628989508994	0.3997453067498766	0.2495584033550335
0.3503537080687903	0.39995904686369754	0.2496872450675123
0.3507108501541628	0.39965479753909217	0.24963435230674516
0.35074544386371437	0.3996577296618758	0.24959682647440995
0.3505804880271981	0.39969424207113424	0.2497252699016678
0.3502435876915384	0.39977745668938763	0.24997895561907407
0.35019855207537753	0.39986141402980424	0.24994003389481828
0.35060925071049476	0.399490850004284	0.24989989928522133
0.35020786467900883	0.39996506791660164	0.24982706740438965
0.3503907340305635	0.39978203728284856	0.24982722868658802
0.3501440848608839	0.40008517292326423	0.249770742215852
0.35079123601271534	0.3996375883841569	0.24957117560312783
0.35052965155964855	0.3995940489319898	0.24987629950836177
0.3505940762804371	0.39983003629804886	0.24957588742151418
0.35053525396560914	0.39958504868023664	0.2498796973541543
0.34993450853581654	0.4001152323003892	0.2499502591637944
0.3502994925714865	0.40000697159656196	0.24969353583195164
0.34995046772889293	0.40007608132106787	0.24997345095003928
0.35000188946797334	0.4000122151622504	0.24998589536977633
0.3505847645701885	0.39944245934248235	0.24997277608732926
0.3500962256452927	0.39998337107989135	0.2499204032748161
0.35059919674621687	0.39960974514175696	0.2497910581120263
0.3504064193263349	0.399622160552358	0.24997142012130724
0.35036094635854054	0.39984226101042025	0.24979679263103935
0.35049862066609266	0.3997731987243947	0.2497281806095127
0.35049346496445455	0.3997794215482814	0.2497271134872642
0.35029838836179644	0.400027128811156	0.24967448282704768
0.3502634528583335	0.3997921484275929	0.24994439871407376
0.3502387626285553	0.3997907200013481	0.24997051737009668
0.3502501841335221	0.39992472490658326	0.2498250909598947
0.35066100433015857	0.3997099338345984	0.24962906183524314
0.3507504020074187	0.39952630557984786	0.2497232924127335
0.3500233176366252	0.4000602570515027	0.2499164253118722
0.35032223908002974	0.400002693045584	0.2496750678743864
0.3504247698729719	0.39969753670355723	0.249877693423471
0.35068716836868985	0.39974058612109176	0.2495722455102185
0.3501727208799793	0.3998526289436054	0.24997465017641543
0.35039112430430236	0.3999492064723018	0.24965966922339594
0.35005761969877824	0.40004882604860686	0.249893554252615
0.3505267896960775	0.39965617417893556	0.24981703612498707
0.35088964194217864	0.39954114368677934	0.24956921437104213
0.35011365817325446	0.40008802901997376	0.2497983128067719
0.3502555710059939	0.40013670916456817	0.24960771982943805
0.3507468674645972	0.39969790605155053	0.24955522648385237
0.35028438809476214	0.40007514793453935	0.24964046397069864
0.3503511421502498	0.39988025287979734	0.249768604969953
0.3500063655784912	0.4000415034229757	0.24995213099853328
0.3506128673299249	0.39980338639925717	0.24958374627081797
0.3507647803911582	0.39952752871084546	0.24970769089799644
0.35019572428902523	0.3999163839620239	0.24988789174895104
0.35039270972349035	0.39997495910474967	0.24963233117176004
0.3503863995785878	0.3996627446962477	0.2499508557251646
0.35068780349020395	0.39953238253340817	0.24977981397638796
0.35057942860908975	0.3995424448367103	0.24987812655420005
0.3501480475157785	0.3999001611677574	0.24995179131646422
0.3500959114526251	0.40002096781236973	0.24988312073500535
0.3500176000807344	0.40002964650518064	0.24995275341408507
0.3505995829685514	0.39944162377604076	0.24995879325540798
0.350035118574917	0.40011235600521483	0.2498525254198683
0.350575794307435	0.3996977973702948	0.24972640832227028
0.35025871539334	0.39977800933198215	0.249963275274678
0.3504755232765848	0.3996967710989834	0.24982770562443185
0.3504041683342279	0.3999294932182403	0.24966633844753194
0.350433302564933	0.39959317805729033	0.2499735193777768
0.3501907319109536	0.4001012750708001	0.24970799301824637
0.3502371582283323	0.40009469556571986	0.24966814620594796
0.35078378085357514	0.3994959417106623	0.2497202774357627
0.35028427593280126	0.39974256821266424	0.24997315585453458
0.3502937560790798	0.40004397770817	0.2496622662127503
0.3506568419487662	0.3996580473067669	0.24968511074446703
0.35023833779546576	0.40009643040039977	0.24966523180413458
0.35073755402492224	0.39951268920138416	0.24974975677369365
0.35076450627996764	0.39950849690537443	0.24972699681465804
0.35045031433135976	0.3997979994332806	0.24975168623535976
0.3506850266084991	0.3997354076855519	0.24957956570594914
0.350705031264433	0.3994650383657215	0.24982993036984563
0.3507712778226479	0.39947335935930695	0.2497553628180453
0.35069610681880414	0.39946171145798437	0.2498421817232116
0.35041692926391643	0.39992331753449056	0.2496597532015931
0.35025457882691136	0.40002928418862727	0.2497161369844615
0.35050411929280273	0.39973181834712	0.2497640623600774
0.350422468425841	0.39970137917701776	0.2498761523971414
0.35032521544402495	0.3998600241184656	0.2498147604375095
0.35047202540200756	0.39996728308188867	0.24956069151610383
0.35013430898890496	0.40009436294141143	0.2497713280696837
0.3506252244820684	0.39952189438549474	0.24985288113243698
0.35021310904599157	0.39996906410559696	0.24981782684841164
0.3507448510825886	0.3995977274339124	0.2496574214834991
0.35021377955435234	0.4000516219730504	0.24973459847259738
0.35063855436239755	0.39944663107735645	0.24991481456024614
0.3503150062110262	0.3998933342912703	0.24979165949770368
0.3507648746772297	0.3994654601275187	0.2497696651952517
0.350908549221928	0.3994711299744998	0.2496203208035723
0.3509546816344511	0.39945920310324584	0.24958611526230318
0.35055421594014335	0.3997540454948525	0.24969173856500423
0.350492977268758	0.39984856451494677	0.24965845821629534
0.3506678894144687	0.39975974872365844	0.24957236186187298
0.35045392857591295	0.39955694629889227	0.24998912512519492
0.35016437570195236	0.3998645861859517	0.24997103811209603
0.3505117520582298	0.3997830383314114	0.2497052096103589
0.35020237998803094	0.3998702679461411	0.24992735206582806
0.35049702199470345	0.3995776173896351	0.24992536061566156
0.35040416916847356	0.39993444172235915	0.2496613891091674
0.3503928748091734	0.3998919430543345	0.24971518213649224
0.34989870272580587	0.4001201948431422	0.24998110243105198
0.35059060954536014	0.3996247056120743	0.24978468484256566
0.3503226150381027	0.399983855463673	0.24969352949822443
0.35034936613738044	0.40002898374025414	0.24962165012236553
0.3503607576559086	0.39984475897040955	0.24979448337368196
0.35032650377638264	0.3998164142380125	0.24985708198560494
0.350741052512777	0.39969712609984076	0.24956182138738237
0.35069469091136596	0.3995459378987216	0.24975937118991254
0.3503605244094577	0.3999170846005382	0.24972239099000423
0.35080922290039795	0.39950970984483736	0.2496810672547648
0.3505206821031926	0.39983950157543535	0.2496398163213722
0.3502312725185669	0.4000033313529064	0.24976539612852677
0.3500712328100441	0.40001510543021745	0.24991366175973853
0.35071094766124683	0.3996294420244356	0.24965961031431766
0.3500285519401835	0.39998684254450406	0.24998460551531254
0.350203099063305	0.400080059715339	0.24971684122135612
0.3505113215246788	0.3996258045670342	0.24986287390828715
0.3504216909006728	0.3997116294307286	0.2498666796685987
0.3507949644125341	0.39962634659918983	0.2495786889882762
0.35034656893818245	0.3998742819449904	0.2497791491168272
0.35012202294244804	0.39990747396410276	0.24997050309344934
0.3503770345174723	0.4000000386473537	0.2496229268351741
0.3504675320908015	0.399773866956885	0.24975860095231361
0.3503207974357743	0.399921232997134	0.2497579695670918
0.3508009936451047	0.39964474526185423	0.24955426109304124
0.35026264071501745	0.3998424894679887	0.24989486981699394
0.350406405196309	0.3999358970837768	0.2496576977199143
0.35033928525546343	0.3998221237192037	0.24983859102533293
0.3506978257495476	0.3997321338322156	0.24957004041823688
0.35086862184834133	0.3995787111968563	0.2495526669548025
0.3503362413085433	0.39993608947011206	0.24972766922134476
0.35030117607570793	0.4000286201895266	0.24967020373476562
0.35037609632529404	0.3997838170668301	0.249840086607876
0.3505786031922745	0.39954940592555244	0.24987199088217318
0.3506320450929657	0.399594590511667	0.24977336439536743
0.35064399943119995	0.39963059783082056	0.24972540273797955
0.3503720288544261	0.3999528312735164	0.24967513987205764
0.35028330749880665	0.40013479465654084	0.24958189784465262
0.35044689212969515	0.3996644203879741	0.2498886874823309
0.35064401095376474	0.3995678532142223	0.24978813583201306
0.3508189263497622	0.39944793761398956	0.24973313603624836
0.3503308281146925	0.39979789506473873	0.24987127682056887
0.3504733590112228	0.3999323698273694	0.24959427116140792
0.3501911225066877	0.40004330302015656	0.2497655744731559
0.35072346604485544	0.3995738859912973	0.2497026479638474
0.35060390243420037	0.3998095274117289	0.24958657015407087
0.35040033514108715	0.4000300437914994	0.2495696210674135
0.3502489548434291	0.40011067768569253	0.24964036747087848
0.35071219390494923	0.3994769140961516	0.24981089199889933
0.3501660994462228	0.4000339814278643	0.2497999191259131
0.35029621070946715	0.40012662995721593	0.24957715933331698
0.3505887580620252	0.3996971456096584	0.24971409632831648
0.35057926437798975	0.399748603391684	0.24967213223032636
0.35071194504141157	0.3994537781697141	0.24983427678887443
0.35026089956535295	0.4001309865554483	0.24960811387919885
0.35031065033136805	0.39974275672124404	0.24994659294738802
0.350665275420761	0.39971139469320216	0.24962332988603697
0.35035914592779455	0.39995970798747954	0.24968114608472602
0.3505501566825032	0.399668609539092	0.2497812337784049
0.3507910624303278	0.3995951582942662	0.24961377927540612
0.35072839849407816	0.3996147169166143	0.24965688458930765
0.35084295697682927	0.3994825863805371	0.24967445664263377
0.3502868232400889	0.4001125982096098	0.24960057855030138
0.3504522274869033	0.39977582658585065	0.24977194592724616
0.3501862705663538	0.39991146923664367	0.2499022601970026
0.350372470199551	0.40002702889670794	0.2496005009037412
0.35040473662634253	0.3997653658923168	0.24982989748134077
0.3499040765999686	0.4001342904686209	0.24996163293141063
0.35013869341314763	0.4000482603880168	0.24981304619883574
0.3501083590792733	0.3999424771230274	0.24994916379769944
0.350473599446006	0.3998741181354459	0.24965228241854825
0.35050592310346806	0.3997506892667026	0.24974338762982942
0.35042683869726726	0.39978045553960206	0.24979270576313084
0.3507672245877878	0.3995428948528325	0.24968988055937977
0.3506006033138982	0.3994998990676773	0.24989949761842462
0.35033710638106186	0.4000122856797507	0.2496506079391875
0.35008847986261	0.39998181910836683	0.2499297010290233
0.3501372330630521	0.3999546183549426	0.24990814858200538
0.3503929211957085	0.3998341061459669	0.24977297265832474
0.3502316721438471	0.3999891816800011	0.24977914617615193
0.3506639512179342	0.39976044331014193	0.24957560547192395
0.3505111629520474	0.3995481705809842	0.24994066646696855
0.3508080895370563	0.39944440632835	0.2497475041345938
0.3507560757348623	0.39954075733128114	0.2497031669338567
0.35053914475089204	0.3995895607446026	0.24987129450450546
0.35040004920802925	0.4000123376691201	0.24958761312285077
0.35060241356912714	0.399766309842307	0.249631276588566
0.35022596730579486	0.39979340523734624	0.249980627456859
0.3507954803539668	0.39961994944902646	0.24958457019700686
0.3504152467158599	0.39969385518873857	0.24989089809540166
0.3506363406835885	0.39948100806700726	0.2498826512494044
0.35036811807146784	0.39978812759796956	0.24984375433056272
0.3502155695412133	0.39983491155422035	0.24994951890456651
0.3507794340449591	0.3995284234262261	0.2496921425288149
0.3505067481222777	0.39986125378175774	0.24963199809596462
0.35025851005215697	0.39982419844141237	0.2499172915064308
0.3502783019071524	0.39988196233956846	0.24983973575327925
0.3504241956152738	0.3997737855380658	0.24980201884666048
0.35094788038869323	0.39948532897109595	0.24956679064021092
0.3503167450277752	0.3997082373166247	0.24997501765560023
0.3503248012404838	0.40005618644702595	0.24961901231249037
0.34996386809962365	0.40013404324317753	0.24990208865719893
0.3501388288395735	0.39989450196897863	0.249966669191448
0.3505853539242779	0.3996055410090601	0.24980910506666204
0.3501998628081876	0.3999142337354836	0.2498859034563289
0.35015596495263784	0.3999556290356629	0.24988840601169937
0.3503387522072029	0.4000336600784603	0.24962758771433685
0.3506678564990592	0.3994492566724016	0.24988288682853926
0.35052138455033144	0.39953649018566006	0.2499421252640086
0.3503687615917979	0.39988103438219463	0.2497502040260076
0.3502206782828291	0.4001291139100556	0.24965020780711536
0.35032539521690753	0.3997236995963569	0.24995090518673568
0.35000988173705977	0.40012334480939465	0.2498667734535457
0.35053158941714685	0.3997692507517861	0.24969915983106714
0.35060015041267195	0.3996348598544473	0.2497649897328809
0.35070165368576156	0.39957735584502546	0.2497209904692131
0.3509100868216966	0.39954040750478675	0.24954950567351672
0.35087942316516724	0.39954144497174177	0.2495791318630911
0.35049590963875965	0.3998738915658944	0.24963019879534606
0.35060110477999945	0.39955799701185635	0.2498408982081443
0.35009437947147576	0.39998329919698	0.24992232133154435
0.3501843522357246	0.39993896827691644	0.24987667948735906
0.35034282623085533	0.39996607443087495	0.24969109933826988
0.35066616396788536	0.3997437268787143	0.24959010915340052
0.35042307713392395	0.3997678538687556	0.24980906899732058
0.35032571982813293	0.3999680283963614	0.24970625177550576
0.3504731864077984	0.39985868330388263	0.24966813028831905
0.35047856293260954	0.39997243470970467	0.2495490023576859
0.35068215926365714	0.39948549177140413	0.24983234896493883
0.35049260683436817	0.39969052353353973	0.24981686963209224
0.3500266971275722	0.40001912693931113	0.24995417593311683
0.3507367877114693	0.39968245275650066	0.24958075953203013
0.3508573311074927	0.39951717065989517	0.24962549823261226
0.35025601708338167	0.40012345475696226	0.24962052815965619
0.35006029939854744	0.40009581541044303	0.24984388519100964
0.3501605114427577	0.39984939711542966	0.24999009144181272
0.3504415174176778	0.3999845073288956	0.24957397525342664
0.3505404908974825	0.3998265674702903	0.24963294163222735
0.3502885637294125	0.4001377941878346	0.24957364208275307
0.35013944867004143	0.40007214853089873	0.2497884027990599
0.3504979625008589	0.39978051364294553	0.24972152385619567
0.3500190245240557	0.4000910468018881	0.24988992867405627
0.3504670754078374	0.39996618443142445	0.24956674016073827
0.350815138981726	0.399551710596616	0.24963315042165815
0.35087804464117167	0.399483325450644	0.2496386299081844
0.3506676769715127	0.3996897246719487	0.24964259835653876
0.3505226916955359	0.3999213590885152	0.24955594921594898
0.35055516385094265	0.3994723775247937	0.24997245862426376
0.3505989477597639	0.3994785536533789	0.24992249858685728
0.3501139162753003	0.4000432459394229	0.24984283778527688
0.34994478395707534	0.4001040239940423	0.24995119204888244
0.35054186984956837	0.3997165174174214	0.2497416127330103
0.3501648135360078	0.39991377495768105	0.24992141150631125
0.35046708719545855	0.39991923603907314	0.24961367676546845
0.35012644190749875	0.39994435155387154	0.24992920653862985
0.3501852035462878	0.39995367617042765	0.24986112028328467
0.35034401469671805	0.40009798280674874	0.24955800249653332
0.35048537953436815	0.3996676148812326	0.24984700558439937
0.3504405223420735	0.3997822612310436	0.24977721642688297
0.3505748974942205	0.3997898356727482	0.2496352668330314
0.35054191583522143	0.39981134120848416	0.24964674295629452
0.3503714913576	0.3998400571192643	0.2497884515231358
0.34990644560428935	0.40013488322564206	0.2499586711700687
0.3504722277306184	0.3999210447308102	0.2496067275385715
0.3504320829240376	0.39985342899879095	0.24971448807717156
0.3503914611867431	0.3998307760442059	0.24977776276905111
0.3503199140117209	0.3999582679758649	0.24972181801241428
0.35062207688742497	0.399462673687026	0.24991524942554916
0.3502979773332245	0.39990991385027647	0.24979210881649916
0.3505272087244548	0.39954037008098076	0.24993242119456455
0.35032028824076167	0.399811045817123	0.2498686659421154
0.3505893363275537	0.39975955116263895	0.24965111250980748
0.35033949546436016	0.39975753082598164	0.24990297370965825
0.35050757889381173	0.39954087312429554	0.24995154798189284
0.3501503235405205	0.40007638781939375	0.24977328864008588
0.3503910200865169	0.39966973772132125	0.24993924219216193
0.34999487425801823	0.4001054146267384	0.24989971111524356
0.3503462221069254	0.39977077502832903	0.2498830028647457
0.35056695741876365	0.399559523534034	0.2498735190472025
0.3504860555693856	0.3998650933709027	0.2496488510597118
0.35023155519863913	0.4000633220024255	0.24970512279893545
0.3502506400632508	0.3998075946332494	0.24994176530349993
0.3502606818435146	0.3998314819734688	0.24990783618301668
0.35059482316691803	0.39975940518436637	0.24964577164871568
0.35056668566225213	0.39970132831018124	0.24973198602756674
0.3502886904063645	0.4000238027268157	0.2496875068668199
0.3506790669105029	0.3995398319559424	0.24978110113355484
0.3508864374932918	0.3994578266126811	0.24965573589402726
0.35084630524741073	0.3994808444922211	0.24967285026036828
0.35007878346320825	0.4000681510233799	0.24985306551341196
0.3500850027004373	0.40011973773880244	0.24979525956076037
0.35060878105790827	0.39982037148694877	0.24957084745514307
0.35065311007062905	0.39957327976154533	0.24977361016782576
0.3504237945514239	0.39973671853442183	0.2498394869141543
0.3503155934649929	0.4000549164193292	0.24962949011567798
0.3508199976719193	0.3995259217028864	0.24965408062519442
0.3508562271212528	0.3995922100275263	0.249551562851221
0.3504786978753697	0.39977191056838723	0.2497493915562432
0.35021854220974713	0.4001111323314677	0.24967032545878526
0.3503349235511816	0.4001018313536443	0.24956324509517416
0.3505487411164161	0.39974880973819005	0.24970244914539397
0.3503344041583754	0.39996724907806164	0.2496983467635631
0.3503688861637841	0.4000086701402591	0.24962244369595687
0.35037455956275726	0.3998613924935061	0.24976404794373674
0.35032882545349764	0.39985676812964965	0.24981440641685282
0.3502885534720076	0.399803513052133	0.2499079334758595
0.3507283711113647	0.39952130176302436	0.24975032712561107
0.3508124082546187	0.3994886149385719	0.24969897680680958
0.35023397970184694	0.39993048805684006	0.24983553224131308
0.35035235332542003	0.39996331655625955	0.24968433011832056
0.35045370956613425	0.3997136958267339	0.24983259460713192
0.35015246091505103	0.4000099003723546	0.2498376387125944
0.35076145405889203	0.399559294322722	0.24967925161838606
0.3508382700988237	0.3995527785771881	0.24960895132398836
0.35081106095846204	0.3995404299804793	0.24964850906105882
0.3504557331227332	0.3997535316851115	0.2497907351921554
0.3503722720738093	0.39966779861907575	0.24995992930711505
0.35019452127106915	0.3998996975187212	0.24990578121020982
0.3503032209445103	0.39972968921808366	0.24996708983740615
0.35028530350449755	0.3998717272887166	0.24984296920678595
0.35021000453048234	0.39987319635364227	0.24991679911587555
0.3502796696800321	0.39980600515004644	0.24991432516992157
0.35068108404799975	0.3994958109412273	0.24982310501077307
0.3506640377555401	0.39960387701274075	0.24973208523171925
0.3504518989685782	0.39986993319269715	0.2496781678387247
0.35080584308330326	0.39955950541986657	0.24963465149683028
0.3506938582369477	0.3996947156719378	0.24961142609111459
0.35003919478318957	0.400116509777452	0.24984429543935854
0.3502024793504418	0.3999120155154372	0.2498855051341211
0.3502645232704825	0.39991210418848555	0.24982337254103204
0.35000304426576484	0.4001331946039496	0.24986376113028572
0.3500977720447723	0.4000250828070241	0.24987714514820367
0.3502934268659603	0.3999796100415025	0.2497269630925373
0.35033489322686806	0.39985503787070603	0.24981006890242602
0.35049292773459106	0.3996328553260409	0.24987421693936812
0.3502707192715512	0.4000213880042153	0.24970789272423363
0.3502809990251828	0.4000764263390789	0.24964257463573838
0.35038013679732566	0.39982137376401156	0.2497984894386629
0.3509034730928458	0.39949874568550936	0.24959778122164494
0.3502494738274459	0.3998365375092784	0.2499139886632758
0.3502790809586026	0.3998722317554378	0.2498486872859597
0.35075338510769516	0.3994958531451922	0.2497507617471128
0.35025873040248096	0.39990443223021777	0.24983683736730136
0.3502216398984423	0.3999802173131598	0.249798142788398
0.3502476736636521	0.3999318179970841	0.2498205083392639
0.3505490244884405	0.3997943225861144	0.24965665292544523
0.35022526710838164	0.3999138789108644	0.24986085398075408
0.3508115740780137	0.3994473857856825	0.2497410401363039
0.35058992384431337	0.3996359538447344	0.24977412231095236
0.3508768562333634	0.39949379198501567	0.24962935178162102
0.35023166444378195	0.39979018760682555	0.24997814794939266
0.3500191906714766	0.40001028869466626	0.24997052063385725
0.3504515388828653	0.3998344503855634	0.24971401073157137
0.35043737239611383	0.39965891979839285	0.24990370780549348
0.35056399362949886	0.39954648348377625	0.24988952288672503
0.3501793124096092	0.39996493741688	0.24985575017351092
0.3505546561109089	0.3997958265788197	0.24964951731027152
0.34999518135740093	0.4001191090464251	0.24988570959617412
0.3504306051120142	0.39997832691732077	0.24959106797066516
0.350024735131064	0.4000544908436485	0.2499207740252876
0.3505967183878892	0.39951059320646815	0.24989268840564277
0.3502606280666756	0.39974889184694734	0.2499904800863772
0.35091754594413455	0.39946638623320807	0.2496160678226575
0.35072331122859834	0.39952942953413706	0.2497472592372647
0.35023405170071964	0.4000881328641562	0.2496778154351243
0.3504458526741259	0.39998216499776185	0.24957198232811234
0.3506764066532628	0.39962498443316335	0.24969860891357398
0.3501334538326267	0.4001123533267983	0.24975419284057515
0.3502718417694596	0.39974071497883035	0.24998744325171013
0.350644885967562	0.3997661866460736	0.24958892738636448
0.3501222246614111	0.3999792259466466	0.24989854939194245
0.3501508629169831	0.4000944506667639	0.2497546864162531
0.3501531288054238	0.39993110512443814	0.24991576607013816
0.3499937393088007	0.4000499312108553	0.24995632948034413
0.35018398086562136	0.3998511151732907	0.24996490396108806
0.3505208810037888	0.39965977451610474	0.24981934448010656
0.350730450141764	0.39960899297989555	0.24966055687834054
0.3506060875356133	0.39960124241435846	0.2497926700500283
0.3506901851851863	0.39973678629760373	0.24957302851721005
0.35052194653597857	0.39965904034193656	0.24981901312208496
0.35019671080740167	0.40011699174981646	0.24968629744278198
0.3505969091757984	0.3997686616568168	0.24963442916738493
0.3505759987949043	0.39971423253622684	0.249709768668869
0.3499564252539257	0.40005377909259443	0.24998979565348
0.35082796599849897	0.39947710095652667	0.24969493304497445
0.3506907736323934	0.39972999003217635	0.24957923633543033
0.3502775816272296	0.3999766384516058	0.24974577992116473
0.35045477750838183	0.3996719872496485	0.24987323524196986
0.350537507451912	0.39967346635036227	0.24978902619772586
0.35058308127199656	0.3995732220839744	0.24984369664402917
0.3505622458147521	0.3996425493105735	0.2497952048746745
0.3505642563631749	0.3995297406599765	0.24990600297684867
0.35080604303087304	0.3996377049739719	0.24955625199515521
0.3505911463215012	0.3995732084834125	0.24983564519508644
0.3507759483417173	0.3995482264732536	0.2496758251850292
0.3507524578263419	0.3996428219967551	0.2496047201769031
0.35088999401480053	0.3994924251072237	0.24961758087797584
0.3507619852298538	0.3995717900630223	0.24966622470712402
0.35042891424193784	0.3997910092011575	0.2497800765569048
0.35035190522912896	0.3999298840647872	0.24971821070608397
0.3501892503517182	0.3999598526505756	0.2498508969977063
0.35022821988722846	0.40004374155909456	0.24972803855367712
0.3502601545033675	0.39982290088377204	0.24991694461286054
0.350403766102799	0.399828467774074	0.2497677661231271
0.3507076846949078	0.39952751030185263	0.24976480500323966
0.3509015352687088	0.399504438215866	0.24959402651542528
0.3501390407938326	0.3998691940090092	0.24999176519715827
0.35043516259296276	0.4000023552340588	0.24956248217297858
