0.21848061459729518	0.09974561065290731	0.003664733659657235	4.569167320514489E-6	0.021335651112866977	0.0016997257347451805	0.002199306373348295	0.0038596830652982	0.15453182545003322	0.4944782801865278
0.21818734542135518	0.1003786116605448	0.00359730115140737	4.953312241554042E-6	0.021311113551876135	0.0017598246697291403	0.002158175210052002	0.004020496820707056	0.15446957958771879	0.49411259861436774
0.21828779255583522	0.10017833142877038	0.0036124065009020268	3.2163779627170097E-6	0.02129233324097897	0.0018524046111730308	0.0022225795745864085	0.004284243420298137	0.15459609358332865	0.49367059870616425
0.21861916366901776	0.09981508808009987	0.0037913452257601205	4.585073775348336E-6	0.021682802045329283	0.0020414104232663183	0.0021432960615614116	0.0043525553956424295	0.15386950255593812	0.49368025146960903
0.21850317808301237	0.10082785293698135	0.003982640924644856	5.9630390753656615E-6	0.021390933128070888	0.0018273526878713336	0.0028060889867276145	0.003885441584685942	0.1532804293927932	0.49349011923613684
0.21842898286421797	0.10065435034456047	0.004707267475572138	5.006085043002262E-6	0.02145169465668524	0.0020805292786879037	0.0021921182180019982	0.004001770271340049	0.15303267496026396	0.49344560584562713
0.21827399079255222	0.1006050930451304	0.005754188989021206	3.7305454581720854E-6	0.02153521369652954	0.0018455783688055977	0.0023225277740022005	0.004063771449446682	0.15271649624928635	0.4928794090897673
0.217479891711158	0.10032700725594212	0.005997026057241783	5.773377115395051E-6	0.02172334474456633	0.002232293613366909	0.0028770832721466133	0.004391970003816095	0.15238018064283312	0.49258542932181354
0.21712368822279254	0.09987161531126275	0.006391753799670441	4.340178120315619E-6	0.021351132407055468	0.0029101229965357855	0.003522084696823302	0.004253564712079397	0.15156428910747627	0.49300740856818365
0.21710238945273042	0.10055893810807769	0.0037021290177040866	5.22651394366247E-6	0.022254060151575883	0.005162461480177516	0.0034155441464481517	0.00454672449309812	0.1503235490843603	0.492928977551884
0.21783687216111997	0.10010817321841199	0.0038282899665523645	3.2133656763105867E-6	0.02252045493284273	0.0046993445833153485	0.002833535859937175	0.004627102053557319	0.14995479362056136	0.4935882202380252
0.21835302163575324	0.10000545909242298	0.004410915584244626	5.3431604274539746E-6	0.022486930177903555	0.004112912466377877	0.0030071515445064118	0.0038540475895905146	0.14987732747197025	0.49388689127680296
0.21864611402229644	0.09974203249877618	0.004833774542319272	6.108598143303445E-6	0.02240709533972693	0.003323791120016753	0.0023680840038491496	0.0045015452559116625	0.149772107451895	0.49439934716706513
0.21847230182505706	0.09945988646887091	0.005431931514484914	2.9665639104253794E-6	0.021700829356118792	0.002563276586136712	0.0034421086100098613	0.004278920262063557	0.15052560586368674	0.49412217294966077
0.21845344939256253	0.10071000090087912	0.00550080111128709	4.5031065730311015E-6	0.02138770567875116	0.003111631635853457	0.002830182007345	0.004182730510949487	0.14947925049342864	0.4943397451623702
0.21780754766872398	0.10123130342920282	0.0048322504857395004	5.691452352671322E-6	0.02139613062373734	0.0029004454365815086	0.0027956745721517268	0.0048972956738121826	0.14952339158046704	0.49461026907723094
0.21732846419514945	0.10030545407705992	0.005995932206166593	5.464854938894148E-6	0.021884419285755297	0.002527700172434158	0.002400656675091331	0.007016904939185012	0.14954813296081448	0.4929868706334047
0.21661938786364227	0.09988967195407568	0.0063055997847490525	5.924608408855447E-6	0.02288137590582999	0.0017178010308480512	0.002474061741479544	0.007444308027515403	0.14988931850266998	0.49277255058078095
0.2158654080838316	0.0994904891463255	0.005863296355857792	4.717381532237663E-6	0.023135911487532218	0.0020052506064450887	0.003090806437712257	0.0073171478460292705	0.15041430222689295	0.4928126704278409
0.21301793046165546	0.09323920255285889	0.005653906029306113	5.737954356141439E-6	0.02269434375137898	0.005127961815823687	0.009934321823146047	0.003992400310423708	0.15287902091437067	0.4934551743866801
0.2095471912381346	0.092320803463742	0.0058614451827033315	3.423186585582716E-6	0.025949033631268187	0.0017499708360581012	0.017682417629733965	0.004151862423450017	0.15178003754985392	0.4909538148584701
0.20975349116292513	0.09196728334934058	0.006871195104688102	4.911966327847406E-6	0.025876262438842362	0.0018494484923452098	0.016883117299303682	0.004117717682638702	0.1519382653754009	0.4907383071281873
0.21002930577835474	0.09152084977438069	0.007049330171253157	3.2348002559079436E-6	0.026333865577005483	0.0017434336456804839	0.01694291730972977	0.004472473400394139	0.15135621126872686	0.4905483782742186
0.2095577084178957	0.09356381512468345	0.006892668403294819	3.960314664333553E-6	0.025617170849995777	0.0018028890815406234	0.016353476243608805	0.004173861955943409	0.15122490630618476	0.49080954330218807
0.20870991703930492	0.09204931667341115	0.008819142279767656	3.2624192827512832E-6	0.026551693160275933	0.0017002053089279212	0.013915740175588914	0.005053883870996659	0.15231350208040048	0.49088333699204334
0.20680148155172717	0.09295453149511883	0.00891262767456355	5.25682182209164E-6	0.027102336599405627	0.002175405063234326	0.013614795814336264	0.004869252934848994	0.15247923281673992	0.4910850792282031
0.20801859783603943	0.09276666567542037	0.008490408133530733	2.851026372790999E-6	0.029281277608975087	0.002215521205614135	0.012885042865736912	0.004114246785671696	0.151476965572707	0.4907484232899316
0.20905376633402817	0.09259253097643022	0.008904831891884596	5.484396421992499E-6	0.02842173904329226	0.002087902765563074	0.012649352998804347	0.004313865292232114	0.15141001120332934	0.49056051509801374
0.208952365762249	0.09282435676130876	0.008896107607475057	5.931829204400274E-6	0.02833262715161783	0.0023269622934437018	0.012965411904273236	0.004754819290551063	0.1509708842586493	0.4899705331412276
0.20839435668273082	0.09314761736120422	0.009340992751690619	3.753125255787082E-6	0.028028754870994085	0.0021737172319936243	0.012983010726038482	0.005440258951858817	0.15034679353628003	0.4901407447619533
0.20840930106723116	0.09381225550305647	0.00943138748379907	5.437520450013444E-6	0.027227246919382372	0.0022788514292015893	0.013337597648150512	0.005533376272389812	0.1499128107926132	0.49005173536372554
0.20714220927072935	0.09219247055213262	0.008422866022265676	4.6162452087272765E-6	0.028321884223210775	0.005364669509918749	0.014492840355912293	0.005810380049323785	0.15042301150595094	0.48782505226534695
0.20621749217992386	0.08909179185241031	0.006520777347588866	5.443588789996734E-6	0.02913028389318699	0.00974256941840275	0.014757888230670979	0.004175915715224229	0.15180032923171838	0.48855750854208346
0.20666243689333924	0.08925941797770952	0.006374153059379786	4.182966921353892E-6	0.028939580416241853	0.008831090117370197	0.014947777810671747	0.00422791311861033	0.15223518662141766	0.4885182610183383
0.2051688556268851	0.08855730152002267	0.007349673418987665	5.511341957545324E-6	0.028457311741708693	0.007010774584830334	0.014114036637163832	0.006237836076250683	0.1527182568955452	0.4903804421566481
0.2048309519499022	0.08724500197893886	0.0071990875033355745	4.322359132238884E-6	0.028211163931516667	0.007656925034843928	0.015138845466982229	0.006174862494718672	0.1535261635156126	0.4900126757650168
0.20479146609671373	0.08693464298843992	0.0073913582307555264	4.779038665789215E-6	0.028619449594997515	0.007736104401101743	0.015190634358356991	0.0061517387383620975	0.15329142812186186	0.48988839843074466
0.20415272539003043	0.08634308988187338	0.005784542615459021	3.6785118813220663E-6	0.03001637171196904	0.008100014786195153	0.015224146507846814	0.006787296215893135	0.15411481957103265	0.48947331480781886
0.20458706251156294	0.08580272978408314	0.007402582116810039	4.836103953922977E-6	0.03129042589258914	0.010141674476401533	0.018330175923775546	0.005318653535913417	0.1526862883189855	0.48443557133592463
0.20418866739527886	0.08688360495916586	0.0073294978950418505	4.520918732028867E-6	0.03218134503201396	0.010530443271819415	0.01821046642070849	0.006049593176229454	0.1526875081862794	0.48193435274473045
0.20412010296496957	0.08678175532934053	0.007297356249187342	6.005174335438346E-6	0.03159668861643511	0.010658066827242893	0.018180348754156847	0.006428672356747073	0.15271093881028883	0.48222006491729624
0.20249179671384226	0.0871523032451394	0.00813661164902131	4.992740304674004E-6	0.03232565973442872	0.00989870084702392	0.017604211834819944	0.007267096912302692	0.15186372504319315	0.4832549012799237
0.20420901548661086	0.08775168393176694	0.005569124373686049	4.5527137988443656E-6	0.03150884110105377	0.010195206479008359	0.018081593537176588	0.007498407432664014	0.15274436154556884	0.4824372133986655
0.20404184223425065	0.08774918792279734	0.0057982976080651755	4.495502955573216E-6	0.03151958642495371	0.010531482656765914	0.018183964254919763	0.007412532915736306	0.152342401993219	0.48241620848633643
0.20489461685246316	0.08775618596619328	0.006573186517377885	5.1709556433826576E-6	0.030305479697760915	0.010202632224042676	0.018131822708275222	0.006698388619001586	0.15317500142431942	0.4822575150349222
0.2079671424832338	0.11084070317258898	0.007593795342710943	3.33229612546615E-6	0.025817407465074008	0.01124547874611874	0.011066706783387656	0.011735642303423346	0.1503960408013141	0.4633337506060228
0.20920563217797705	0.11012375747989324	0.006649515711618842	3.7629652442916495E-6	0.02662723180282782	0.01245186907165842	0.009851963635231997	0.011502784772747562	0.1501619702642215	0.463421512118579
0.2088907862299945	0.11050874928430135	0.00657193821008728	4.472689241419303E-6	0.027153182050067767	0.013289726774573477	0.008824833473191115	0.011429019398842263	0.1493762958049693	0.46395099608473134
0.20739014686125226	0.11123303616928316	0.007153670333675505	6.0704716779713674E-6	0.027463237564357854	0.013175992771414166	0.0090351625292215	0.010759902611131661	0.15016180961461298	0.46362097107337275
0.20658133603958495	0.1125129856056404	0.00543260704252671	3.093560536737705E-6	0.02934741751959638	0.014539406189262541	0.008095686541706212	0.01074074167422176	0.15001857940187435	0.4627281464250497
0.17577707348523214	0.11568094226072963	0.018108883063610387	5.775266715912775E-6	0.03224151203986575	0.034838132744918565	0.008999555052732339	0.015777364720463025	0.14447501739510096	0.4540957439706313
0.177212209296538	0.11558737441138214	0.017718632691400935	3.852057130590558E-6	0.03263778587884003	0.03414319694298065	0.008965828141720408	0.01458953771073497	0.14542668918815446	0.4537148936811176
0.17722976768542248	0.11654932964887864	0.0178281531737184	5.989469396755487E-6	0.03222952183835473	0.03444619358085514	0.008815967169316513	0.014411297133690826	0.14465244008057251	0.4538313402197939
0.17728198704548687	0.11587504161333553	0.01794372182852111	3.5337069441976343E-6	0.032534630298579115	0.034619579548382864	0.009093131262962392	0.01432827710314176	0.14483245558333582	0.4534876420093102
0.17065320021904767	0.12785298016346983	0.015954701896312845	5.402763876172223E-6	0.041020363850474556	0.036197396504698484	0.003533901456756791	0.011493891800625697	0.130643980822372	0.4626441805223658
0.1707450145508648	0.1279955849578112	0.016269980260969277	5.170620832606332E-6	0.040245196629783056	0.0362838181136223	0.003360737615364623	0.011910011236594686	0.13035740349022681	0.46282708252393057
0.17100003922045698	0.12751698408370243	0.01600711296472493	4.310499545481794E-6	0.041158353868181466	0.03624686760648986	0.004013716706332618	0.013080996782251608	0.12913484092025534	0.4618367773480591
0.1719969022027263	0.12812304881523306	0.016487857290943667	4.953219180092727E-6	0.04242018297965683	0.03582719513175314	0.0031312135748304826	0.011625346358645844	0.12975863138939123	0.4606246690376392
0.16888276474674946	0.12949992993733517	0.01600458063908812	3.51652050374629E-6	0.04252832383309659	0.03817597794522209	0.004633492970926731	0.009464015790887043	0.1305816835779742	0.4602257140382167
0.16775934617452942	0.12962344578708435	0.0171916222158347	4.948157096354433E-6	0.043562181530758276	0.03921938043558981	0.004166085139564277	0.008212880830243338	0.12987865484767802	0.46038145488162135
0.16784269535623597	0.12805441579786975	0.01577778960489544	3.4168527101169355E-6	0.04387120460936388	0.03925356542202393	0.004439523437593143	0.009016681421204556	0.1310280280029529	0.46071267949515016
0.16721393831317852	0.12860875880077796	0.015915475238234777	6.089515734095108E-6	0.044410528313140185	0.03991065474666085	0.002539799638325832	0.00917155946077565	0.13198215797683271	0.4602410379963393
0.16694255169673158	0.12987725762396463	0.016221679786541113	3.5548786994077375E-6	0.0422033951767815	0.04037148393375206	0.0022386256433745283	0.009542420495937329	0.13235563719554327	0.46024339356867455
0.1669593082061832	0.1282501532210781	0.014470104699494057	3.191071115155042E-6	0.04298837118175909	0.03948711647050039	0.0038889088813800488	0.009529919110438878	0.1348656647013664	0.45955726245668455
0.16649988311096886	0.1285571830837742	0.013346329464318601	3.357774493076282E-6	0.0436591431624488	0.0386937715659679	0.003973786009280611	0.01081440545613764	0.13515908905608037	0.45929305131652975
0.1677528948678237	0.12880213112080546	0.013252351294147452	5.02146736690301E-6	0.04378943368971513	0.03779698752813554	0.004387186203320584	0.010985757923535636	0.135563550993922	0.4576646849112275
0.16784759401733085	0.12890508089976657	0.013529067971032802	3.3322785216310935E-6	0.04335359029618973	0.03747357577609707	0.003957832411245546	0.011153548061253807	0.13618218767612542	0.45759419061243645
0.16813274975127235	0.12896838920067719	0.01425253980523021	3.0258778766639738E-6	0.04609059558648418	0.03874272583342803	0.0022951260755476044	0.011364572377339843	0.13423030707363146	0.4559199684185123
0.1698045840633626	0.1272322696805514	0.015393675419668323	6.029313119326751E-6	0.04530617467900071	0.03807552070370422	0.0030947130984630283	0.010620014999010774	0.13560265263695515	0.45486436540616443
0.17094380770897696	0.12836339536497482	0.01467808335003229	3.855586357182084E-6	0.046189874316652224	0.03844432501817324	0.002856237404776099	0.009861868482518119	0.1349393555774192	0.4537191971901197
0.17134363792777094	0.1284376973061778	0.014811073396474403	5.965525856785336E-6	0.045826731332641514	0.039217496725525075	0.003059683882842168	0.009183263974641115	0.13423288422790414	0.45388156570016597
0.17308351290554247	0.1286984193628635	0.013347098219759185	4.627712553717522E-6	0.045368490186074646	0.03896796156226129	0.003091443693360993	0.009462475700777698	0.13382204131683342	0.45415392933997295
0.17058314379170542	0.12923440606160022	0.013842366187731991	4.933356126612942E-6	0.04588963705427329	0.040112891399691486	0.0027443321638803697	0.008521168628068856	0.13519254323554059	0.453874578121381
0.17120360612978847	0.12970438167330303	0.012872257492793776	3.8127913652014067E-6	0.04568070627668028	0.040514490101756576	0.002317573060348868	0.009815074968686902	0.1349011536414705	0.4529869438638063
0.17132946041160924	0.12868272963063837	0.012826555251581662	4.0256042693614935E-6	0.045695558605863024	0.04135001012500593	0.003233329943696836	0.012080382930973674	0.13462010516994982	0.4501778423264119
0.1719381491613526	0.12983816920710362	0.011088500393135609	5.943745874495421E-6	0.04646682383350844	0.040654622160395726	0.0037790680028631646	0.011786509834164682	0.1347404620886482	0.44970175157295333
0.17211487216205734	0.12973886991414843	0.010840456315287322	4.803143758530526E-6	0.04655833901373278	0.040699789038890904	0.004156429630130992	0.01190047767624225	0.13458995341718288	0.44939600968856847
0.1707915669122255	0.13130998515766035	0.008862493780711564	5.658425033430725E-6	0.044714953475634873	0.042274087826800553	0.004946044917166784	0.010956931161443015	0.13293041242651082	0.45320786591681295
0.17176835115471628	0.13178274054193978	0.009056452689162844	5.770468209723156E-6	0.04505021897224029	0.042162996975558545	0.007341529300226274	0.009943385626672421	0.13050319218249104	0.45238536208878266
0.1732966867026829	0.13747388832818574	0.005969240671201859	2.902234111534785E-6	0.035682374024852234	0.043603643917781834	0.006595794102884883	0.01179135903524181	0.1301424402124452	0.4554416707706119
0.17018533126999258	0.14037133156517756	0.005871149691020261	3.7230113255903863E-6	0.03646603837906809	0.046915289697370924	0.005695906911214604	0.012472148731673807	0.1274290690125066	0.4545900117306498
0.17185539935907834	0.1417949413194871	0.0044101828936288084	5.045532450842494E-6	0.03712290868465816	0.04784294638887014	0.004843903284959261	0.011639999994941364	0.12592013877618793	0.4545645337657379
0.17340312480087028	0.1412297047711113	0.004586916148320255	3.0275887790420786E-6	0.03609424341481471	0.04789428701510301	0.004590704731978479	0.011395654168583014	0.12475502400255677	0.456047313357883
0.17324661215565731	0.14166364916220048	0.006024541698221586	5.892138526530921E-6	0.03672330245024512	0.04748516153369485	0.003912485477893399	0.010585023046854991	0.1245991855873636	0.45575414674934206
0.17523342518593313	0.14305269400434703	0.00788958413169348	2.7663755620549457E-6	0.0338000509890722	0.04691018802068461	0.00424503560151282	0.01143067665547512	0.12052098752800287	0.4569145915077165
0.1755843822837952	0.14308866423691935	0.0075714712698695535	3.5069094128092893E-6	0.034139337879748	0.04705138906218316	0.004025792994020283	0.011165224229408494	0.12064075506283271	0.4567294760718103
0.1767073739049862	0.14343901184209285	0.00692116090541163	5.853798837565649E-6	0.034968016165210655	0.04647452146415851	0.0038123631637849847	0.01041374046917884	0.12015518536689931	0.45710277291943924
0.1765670322821515	0.1427108850365703	0.007118383575325224	5.960188739856376E-6	0.033652971986913985	0.04765831127033236	0.0044340938458867635	0.01012262722991121	0.12084448437376288	0.4568852502104057
0.17468564798165107	0.14126992945567865	0.011954181157222382	3.251449309668586E-6	0.036260926384541425	0.04420458113296814	0.006988370779987582	0.01439651071659949	0.11008806436551347	0.46014853657652804
0.17509740405042817	0.14700465826387693	0.012903811645231592	5.764410764205752E-6	0.02953572465667202	0.04671226222207828	0.007736506281741329	0.013055610378698443	0.111487473877504	0.4564607842130049
0.17422170014852062	0.14616103839727182	0.013959213073589341	5.989634998190829E-6	0.02885332051547078	0.04674121723519871	0.008305151472755054	0.013895253004894637	0.11123751353017172	0.456619602987129
0.17497421360492982	0.14700834374534677	0.012733359976417946	5.030896282606778E-6	0.029061203707461417	0.04332032098137217	0.010912485541934261	0.01422227555742657	0.1118174063759115	0.4559453596129167
0.17472236783336875	0.14618204656623182	0.019887604148634955	5.1535216956805074E-6	0.030651378454419898	0.04491264486804385	0.010125334772393205	0.009223445114077453	0.11166979614862046	0.4526202285725137
0.18207777125436947	0.1368340607080541	0.005861299115352575	2.7994502246192488E-6	0.030846758843111263	0.03813384502394167	0.010947031584125064	0.01725775993231922	0.11947905605093231	0.4585596180375695
0.18307781309176602	0.13816231025265363	0.004569334789690349	3.8079217242192875E-6	0.03000462017822822	0.03822957961941248	0.009969225357329511	0.01694615244441275	0.120196419070269	0.45884073727451374
0.1864181941100956	0.13927313019915394	0.007566516348418692	3.0102564564510326E-6	0.028560720261033526	0.0298720869738182	0.010406674194027563	0.017874070497250164	0.11709948774516957	0.4629261094145761
0.18619216003710204	0.13973230375694182	0.007254102225176681	3.588122823763862E-6	0.028471555402271073	0.02953975203571106	0.010219381572258532	0.01776257602288535	0.1176774203979074	0.4631471604269221
0.18603753085420932	0.13824606443726567	0.01064633268451301	5.946381694807434E-6	0.028689615470200103	0.031212832318694247	0.009361901633196987	0.016997391554923455	0.11645552141797431	0.462346863247328
0.18644003033539858	0.13910513653391288	0.010787901928356311	4.561978373826547E-6	0.027386344799869705	0.031026317816937557	0.009145909971603652	0.01797095513806557	0.11607559007084092	0.46205725142664084
0.18672065050485379	0.13910313895919066	0.011678846468798312	5.931333558764629E-6	0.027766274391255466	0.0316345662964249	0.009029221517311684	0.017264127958654465	0.11546691069702336	0.4613303318729285
0.1843793275717464	0.13989230386725487	0.013831097990603822	3.1532350724255975E-6	0.026477775191307437	0.030761970864862848	0.01031387806539466	0.019253881424070043	0.11534360605402282	0.45974300573566446
0.18358077241766876	0.14012968805886972	0.013758274288229858	3.5723147691485435E-6	0.026605130341539607	0.03109486503040186	0.010313820747786515	0.0192312465020279	0.11587404909729712	0.45940858120140937
0.17810825007454065	0.13887857312548435	0.01291164789607295	4.6868929266946635E-6	0.030603686137959066	0.03015703018316794	0.008567130739835241	0.02162421792632835	0.11750494636233545	0.4616398306613492
0.17824900778798297	0.13869391973349593	0.015651661050911078	5.349462370435321E-6	0.028029158589063533	0.0285744760364441	0.006673580202640056	0.02423084039429306	0.11728798911725287	0.46260401762554576
0.17904031705105863	0.1399532810051987	0.014638118410798664	4.56104651665179E-6	0.02641337873316152	0.028686741889140194	0.008316820498904517	0.02318052147606524	0.11742907918482912	0.4623371807043266
0.17819197141454202	0.13796848204557355	0.014102029342460562	5.90593583760235E-6	0.027440753754870553	0.02870371484737433	0.00927413075814	0.023748966179073586	0.11768521015874611	0.46287883556338155
0.17414646148429028	0.13876571116168496	0.015523425960820389	5.793210520341208E-6	0.028673283436097333	0.028057281783248164	0.007985670327616032	0.024386831764752995	0.11798607557856218	0.4644694652924071
0.17499772747032655	0.1368784771257196	0.018042220202060852	3.317470895256025E-6	0.02938105560728689	0.027128434774852092	0.007890397670995739	0.02296754567122644	0.11768764270701994	0.46502318129961656
0.17498948183411822	0.1375856173026091	0.018409522088549055	4.454209847667978E-6	0.02918471130786432	0.027558025682401427	0.007006750790258989	0.02236103311747377	0.1182476503762353	0.46465275329064204
0.17510385992190836	0.13799112011976755	0.018399046344694248	3.6797073805910907E-6	0.029277664366105946	0.027179364230605338	0.006656080905044978	0.022795019320356727	0.11803177840558103	0.4645623866785551
0.17526349558538976	0.13790388380168786	0.01795952853931912	5.222453729400445E-6	0.029483900886308992	0.027076670191997165	0.007168635093580303	0.02223767448382981	0.11807253236107018	0.4648284566030873
0.17335082725595516	0.14061143929852415	0.020574628959481964	5.8574432144076205E-6	0.02882550891344858	0.023772220429197174	0.007829614797083106	0.018202169750582697	0.12093297862533603	0.4658947545271766
0.17501488930356712	0.1397099863797639	0.01943395546828014	6.073424205721434E-6	0.029083017009081988	0.024722769777716536	0.00933374982498375	0.01686620830002862	0.12023367412131485	0.4655956763910572
0.17551035260131256	0.13847775738998483	0.020479286400658478	5.5994827258959434E-6	0.029665737656648636	0.02413265479094817	0.00741690228119643	0.017150415760389018	0.11936521621136757	0.46779607742476825
0.1757892936990188	0.1409683768591201	0.02282013150774749	4.017578926859833E-6	0.027462000806045314	0.02631225982275033	0.007130342752919641	0.016506338661618727	0.10975623238516574	0.47325100592668684
0.17569365000224757	0.14135044343740671	0.022636305134848753	3.0782039190102584E-6	0.027741942425470054	0.025909230543875575	0.007114349854857122	0.01687939414348623	0.10959940986811414	0.4730721963857747
0.17273037048455134	0.14104342770903422	0.02347251239009092	3.0595342624673005E-6	0.02507372522127753	0.023745741359197506	0.006707202655585276	0.021106988400988222	0.10970945154229376	0.4764075207027187
0.1726695781652639	0.14062579480134146	0.024635656908272657	5.454362884571573E-6	0.024936130485760807	0.023722229659737235	0.00614513389409678	0.021390799205671066	0.10980411442146906	0.47606510809550234
0.171876777511174	0.13996800702245268	0.02504649797884298	3.355766856519282E-6	0.023825724365615655	0.024196829452747565	0.0058118538047006035	0.023826772062895116	0.10933414136541911	0.47611004066929563
0.17096958053611438	0.14030682693239838	0.02500628949070742	4.631313075181831E-6	0.02329012781151925	0.023278543109899755	0.006875556377539907	0.02385432257009161	0.11267053941737298	0.47374358244128095
0.17055573834415655	0.1404045130189863	0.02504947265836162	2.908904531973011E-6	0.02363007646467405	0.023101369450967774	0.006459776763322142	0.023696178238489463	0.1133875907600433	0.47371237539646666
0.170938027313617	0.13641264757160632	0.02432672878892643	6.106441195655177E-6	0.028531797146127233	0.02573646770331013	0.005425407817696529	0.02547357036357739	0.11111799495617064	0.47203125189777245
0.17346776238943148	0.1329501187422094	0.023368751269340293	4.058249470292874E-6	0.026056207945371904	0.023882670043904417	0.005033425582957482	0.026254283422818575	0.11613485513543671	0.4728478672190593
0.17340379836679137	0.13315184244687406	0.023667861111060257	3.968022378925129E-6	0.025228619398117144	0.024633826138987458	0.004647540854151963	0.025713833884690757	0.11611864029653107	0.47343006948041677
0.17407828408943016	0.13475075812725756	0.025152837637400602	4.179149453706343E-6	0.02344085298696158	0.024098822604085385	0.0025107287235000136	0.026717088639982636	0.11612102385026081	0.47312542419166737
0.1752754942325203	0.13405955181688048	0.026194010394590975	5.626358988972124E-6	0.023318966628009016	0.023451430511455887	0.002669410644755524	0.02696817247085327	0.11550441186880829	0.4725529250731371
0.176674922251397	0.1329497840095054	0.026951237366053094	5.511615790154689E-6	0.021291172683396586	0.02616239306485872	0.0039432877313651665	0.026317136591428994	0.11282828891650606	0.4728762657696986
0.17693738010903357	0.13292694548102027	0.026836674104043445	3.0468949505924048E-6	0.021336548040147757	0.026142576852192748	0.004765412941608413	0.026394934125162875	0.11278519174311627	0.47187128970872394
0.1773828012127313	0.13400461175276107	0.023871744654856364	2.7933663770962625E-6	0.026254366717191502	0.025317631888536363	0.007532834513809886	0.02429564918551194	0.10901068345503391	0.4723268832531905
0.18100505705216174	0.13604908491753986	0.0179112897799535	4.901496447648479E-6	0.03260940604919506	0.03151635293914419	0.003661271649272421	0.02381962926457508	0.09787871929128596	0.4755442875604244
0.18359668165920778	0.13817041191793017	0.02453717849881186	5.820679146478769E-6	0.03465615321567039	0.03449708345530579	0.002238324012704712	0.016784991096702367	0.08687943305429349	0.47863392241022673
0.18336592812276276	0.13727094034522197	0.024402358544268823	4.641080125683539E-6	0.0344742420478088	0.03427786092160501	0.003887777360775599	0.01477970787161427	0.08758354155932885	0.47995300214648806
0.18403616825402797	0.13665580140417977	0.02481576476634713	5.263416149037248E-6	0.03537041837185083	0.033595015374178555	0.004721780130003322	0.01456239494547032	0.08605828485206829	0.48017910848572465
0.1855447512679181	0.13635898817730643	0.02111403656282103	5.811835353045081E-6	0.03477418810674952	0.032751497240664604	0.009160058014568637	0.019262232963587575	0.07834968101256706	0.4826787548184639
0.18485449452375413	0.13629180239720237	0.0219813279360533	4.975141472490785E-6	0.03451254302858117	0.031396692642024646	0.010178957932664212	0.019220574348106187	0.07806774185449515	0.4834908901956462
0.1446412860147544	0.15829344686980962	0.013509887110101343	4.8104841685325805E-6	0.08357609044326249	0.020853963368673817	0.048912603834720736	0.05667624511513118	0.07648632137176542	0.3970453453876124
0.1453950265225124	0.15642563844239982	0.010604784546507262	5.313907765688852E-6	0.08245803666768424	0.022886102423547106	0.04988799928508976	0.05862398128814244	0.07767904788127186	0.3960340690350794
0.14680696005976734	0.15695206869212502	0.010049199936352629	3.001017320605759E-6	0.08360718299583764	0.02158351019808631	0.04966253478106313	0.05787455080295065	0.07799147517259443	0.3954695163439021
0.147855782368545	0.156622609575265	0.010190934395822457	4.631361358489738E-6	0.0829243764951364	0.02109555068250589	0.04998936144622998	0.0590386098177904	0.07764133524087338	0.3946368086164729
0.1474173718439949	0.15654665170884954	0.010485237425206156	5.714256824523867E-6	0.08328248465957494	0.02028724194903718	0.049146141804458365	0.060855570093354405	0.0779351668650266	0.39403841939367323
0.14534211364064048	0.15735951862405104	0.011845048578794662	5.9628043684728516E-6	0.08382028439652406	0.01892037469968104	0.04900452805269109	0.06074679155618012	0.07994292467881542	0.39301245296825355
0.14581276317940317	0.15889567833849552	0.012477086809793772	5.383224720892366E-6	0.08068162173051617	0.01843819442571039	0.050034829030132434	0.06234039993717464	0.07782738803088811	0.3934866552931648
0.1554819530706386	0.12218089315239059	0.015255116792330242	2.833981073840919E-6	0.09149988512039797	0.028565343582296718	0.045862621991350105	0.07905978097389572	0.08280419507354926	0.3792873762620769
0.15532134481371943	0.12273227601896003	0.014174806443625426	5.833424044407454E-6	0.09104453897964877	0.02881499889565689	0.044925482520892845	0.08000948545829073	0.08318526512203815	0.3797859683231232
0.15569331677029732	0.12301100276822437	0.013913350654348927	3.2441471008171074E-6	0.09110194396054445	0.028946786486633902	0.044868167862569225	0.07981057701576606	0.0827354179607877	0.37991619237372715
0.15773108080696535	0.12290123571570323	0.013350107761350191	4.046651017428071E-6	0.09087834145948434	0.029337063749619946	0.044613598318229544	0.07978778598132807	0.08275138385607857	0.3786453557002232
0.15755400407993791	0.12273880461536103	0.012388104341663	3.310145057569547E-6	0.09062097579608239	0.03080713048472071	0.0435669696766462	0.08069960939894678	0.08306801285616278	0.37855307860542153
0.16156911890513884	0.12465234740475117	0.013802254270934317	2.9354960532634866E-6	0.0866728282428952	0.027446363037587268	0.04194538295885242	0.08013369998568615	0.08565045375085628	0.37812461594724495
0.16170223805132716	0.12469199863887424	0.013930292626486804	5.387325901953788E-6	0.08664748994361234	0.02753144756844246	0.04195253730354466	0.07984946093964986	0.08568652819913727	0.37800261940302315
0.16180345196870627	0.12605776204468508	0.011131355531148177	3.596611779052572E-6	0.086169494297033	0.030218436750639205	0.04256737712955745	0.07886111271429273	0.0835945998003247	0.37959281315183413
0.16182535793429342	0.12432423018603449	0.012247046333425007	5.12117060198769E-6	0.08752974830559242	0.030843580958904895	0.042817285527517034	0.07779406035950683	0.0840921686840698	0.37852140054005395
0.15984965511017432	0.12356148726384383	0.011661654971167598	4.631083543135683E-6	0.08608428171989604	0.029483289610259755	0.0433042237874294	0.07825395370719833	0.08894554725793379	0.3788512754885537
0.15991064322281345	0.12448241468834828	0.011989103607498955	3.958321054153835E-6	0.08507695883470817	0.02873614537076609	0.04381581928852787	0.07887441728718714	0.08845640746664912	0.3786541319124466
0.1588945461504071	0.12495219001825876	0.011023835326199799	3.027303900102196E-6	0.08480981644411538	0.028980760789886692	0.04489648036727918	0.07962098941227097	0.08801084515820452	0.3788075090294774
0.1589122379578254	0.12431692925838445	0.010355761191002719	3.808965955975907E-6	0.08493313380318147	0.02833269818509694	0.04513513710009008	0.08045306455020647	0.0880249194582066	0.37953230953004974
0.15911528292733038	0.12397500393548168	0.010314538715432725	3.999883465749532E-6	0.08555460914076854	0.029113521635298997	0.0441826793288274	0.0805895643791321	0.08758566706794593	0.37956513298631644
0.15473334647812198	0.11838056892663631	0.009671854605758312	5.594886898246942E-6	0.08576268454736989	0.029851161999045292	0.0509437725193625	0.07881215367807329	0.08881651050718402	0.38302235185155004
0.15445532462037018	0.1195417343072462	0.00935783404517554	3.2880894777487235E-6	0.08623204941722108	0.030284055537815727	0.05136939375172248	0.08016544453664473	0.08656798528719718	0.38202289040712906
0.15522794665136103	0.1219096178139272	0.014281742413865803	2.9874854916428495E-6	0.08427236285664064	0.032098679632967864	0.05300833868115375	0.07418590772708539	0.08700015977852242	0.37801225695898416
0.14217265288203818	0.14022469262935	0.04065688610172222	4.372907791441727E-6	0.06553929141566722	0.06495752480881797	0.0035328080578943405	0.04352148621424742	0.10681343569433657	0.3925768492881345
0.14153302458899777	0.14015726682047086	0.041536140577446215	3.7563641377691415E-6	0.06647846976069745	0.06536316762511989	0.004381235450850687	0.04208568557852778	0.10698232034730902	0.3914789328864424
0.14150815284840923	0.12374701930778775	0.03816954482568774	4.680415654018111E-6	0.06000517631271562	0.05545199495508324	0.029848094741422318	0.04233652020293491	0.10292512989937196	0.4060036864909331
0.14278795393803245	0.12447651046015511	0.03835884375052566	5.181891630512414E-6	0.05970980094989915	0.05661433042663526	0.029067025959893314	0.04074290013057931	0.10325640548719921	0.40498104700544996
0.14078769248959644	0.12491158632591119	0.04040372086134837	3.6683403971671247E-6	0.057068315155471006	0.05454445467479839	0.028162469283749936	0.04397239909460078	0.10581522978040642	0.4043304639937202
0.14074876684252022	0.12508548730624358	0.04111188306077883	4.541048404568815E-6	0.05648617056834743	0.05411343096903544	0.027811262286882202	0.04393484417380525	0.10609996535960567	0.40460364838437674
0.14141079898245545	0.12500438151819387	0.04108359116801323	4.526236799556882E-6	0.056531238079841874	0.05383510693684666	0.02801983999360047	0.0428683567202047	0.10630936351662507	0.40493279684741895
0.13223810774765188	0.12740836955364382	0.034778153948821916	5.893709750515175E-6	0.05274806485826887	0.057412366499516865	0.038369182896206444	0.053368231605727054	0.09600358465857248	0.4076680445218401
0.13101671299100043	0.12903903472076678	0.032493447741537576	5.735317448032906E-6	0.051643186711488334	0.058118169585566905	0.040400921037267154	0.05474164805219267	0.09650931524277563	0.4060318285999564
0.13062968454361656	0.12808903396517962	0.032627957807224967	4.386803785422222E-6	0.052465598479671235	0.058408342252447266	0.040916823690654316	0.05428298006967064	0.09641797018305989	0.40615722220468997
0.12624822195628224	0.12074502456404265	0.036630543096855386	5.867037580195578E-6	0.054217430198130565	0.04724764068981287	0.04913311221917532	0.051021738801214654	0.09793654760545892	0.4168138738314471
0.12369455149109242	0.11883772127336396	0.03572165802825154	3.0715218802129796E-6	0.054017813269479235	0.04649378206597746	0.04895205223820839	0.053879213377263105	0.09889715784275005	0.41950297889173355
0.12369411299040593	0.11917085062257936	0.036207858687311134	6.008778098892664E-6	0.05369762296591376	0.04631504469690321	0.049104371823180566	0.053565133343545485	0.09875873464782177	0.4194802614442398
0.1232347108506993	0.11977479177551947	0.035626395547323275	5.726714211937156E-6	0.054712959009815994	0.046863132800892895	0.04897884462708507	0.05328047102203113	0.0973747683649727	0.4201481992874481
0.12400060680632613	0.11963552286551649	0.035102495531320346	3.291327007479139E-6	0.05417039955661772	0.04720511571613083	0.04892851980068132	0.05393632895400055	0.09721305818211523	0.41980466126028376
0.12371736102560149	0.11950188706341956	0.03618987088651042	3.7910048922146222E-6	0.05394588425120522	0.04749610659864907	0.048261306996375125	0.05379454273560966	0.09796400371729691	0.4191252457204402
0.12492761103303801	0.11971451308653144	0.03540390352430815	4.937894880999161E-6	0.053404221923443865	0.046768206977217994	0.04859743138382838	0.05504335224263018	0.09706793215187909	0.4190678897822418
0.12491987046576679	0.1216574634774091	0.03529469378481172	3.8736005617406866E-6	0.053267812850619975	0.04743582780897121	0.04785465151094315	0.05448984666871525	0.09762680178569964	0.41744915804650135
0.12503763056867653	0.1226689422185169	0.03560880335442551	4.499603874191793E-6	0.053332135658585966	0.04745301516701618	0.046967777452149154	0.05470205510135	0.09754874593541533	0.41667639493999015
0.12407746964408216	0.12169153870980685	0.036394858434377786	4.954578644508767E-6	0.054907525429910106	0.046317403816911226	0.04681138710631515	0.055388645497799066	0.09790212101755102	0.416504095764602
0.12370873447192682	0.1225890645492447	0.03857641922189593	3.0951321961236733E-6	0.05539836313841966	0.04621170852285347	0.0466348319935366	0.05530771881544973	0.09516675970731855	0.4164033044471583
0.08825823123414445	0.11353454023170187	0.02453231579988109	3.759924524657232E-6	0.05204147806682785	0.031881402978600995	0.05770102508564995	0.08778121427105706	0.13131957633033403	0.4129464560772779
0.08881474925551693	0.11384464387753473	0.024799857892479585	3.674543347376158E-6	0.051169873952478954	0.0342508634071793	0.05791569555731521	0.08701874965920448	0.1304729831418747	0.4117089087130687
0.08779255744695796	0.11309877580045422	0.026381758226804802	4.000663214709377E-6	0.05073412102505599	0.03483318041455137	0.05866817412664495	0.08550690778180291	0.13202322057566362	0.41095730393884944
0.08580895735168095	0.11282131400876985	0.026292175115721628	5.875219611220506E-6	0.05271336602019272	0.03333813974908165	0.060452406326011135	0.08670972065411953	0.1323108205894367	0.4095472249653746
0.08547262697975162	0.1119821945475368	0.025656208925497692	4.395712173935196E-6	0.053389066643439724	0.033556874356284974	0.05995487676804274	0.08666386230881891	0.13332918213383782	0.4099907116246158
0.0845598016750776	0.11195690361707683	0.026959944857871287	4.028090607663404E-6	0.05385805895089945	0.03443393619502681	0.06056831162336	0.08931707949728189	0.13090292778804188	0.40743900770475655
0.08465022309973809	0.11231209937599473	0.027115770327194602	2.8045584772457E-6	0.05263599875213038	0.03326142143077475	0.060760589016030514	0.0896685669269112	0.13126034917940296	0.4083321773333455
0.08684439018628619	0.11465285414657375	0.026813728166606807	5.402790168820837E-6	0.04968644452196376	0.0339837466641405	0.060996822202788896	0.08663507664119577	0.13038592163658463	0.4099956130436908
0.09204048945365456	0.10662192300209469	0.017947861700308404	4.031347858826639E-6	0.053182881669594506	0.03545686215337068	0.06743376976120466	0.09191442798340235	0.13032828406765953	0.4050694688608517
0.08871415369046753	0.10739913810112028	0.018599820377552506	3.205165622299777E-6	0.05228228699015318	0.03717448974848685	0.07091506218981536	0.09244571878167772	0.13075212056718932	0.40171400438791494
0.10810098498797925	0.10461638852130985	0.023306852297009947	4.190939034628971E-6	0.027662732713069377	0.041682855169545854	0.07299619667447207	0.08764696008430688	0.15038751452477717	0.3835953240884949
0.10935075950685191	0.10636323136633943	0.02092837835547541	3.7713618790818915E-6	0.02805008816374785	0.04327297927917388	0.07757877787673399	0.0856591004675314	0.14508581534057596	0.38370709828169103
0.10925886668916845	0.10683070770931971	0.022164243096280414	4.064262620076531E-6	0.027713299192661925	0.043952741630805696	0.07667494069838454	0.0855824458515383	0.14379886604599618	0.3840198248232246
0.10964235719200316	0.10693488779976298	0.022192438987973462	5.599879754999981E-6	0.027089420318632706	0.04340849159174254	0.07748580877236483	0.08520820979529382	0.1440855217866691	0.38394726387580225
0.10956308233968771	0.10679082005312247	0.023405533061544317	4.828741688736593E-6	0.02508620936255461	0.04251626111091885	0.07774207430204763	0.08537926602664915	0.14605722066915036	0.3834547043326361
0.10973082865084631	0.10672818047735912	0.022924224588363504	4.614092635066291E-6	0.02540934394329057	0.04251199929411891	0.07824087857407228	0.08600416058824217	0.1459052201739274	0.38254054961714457
