0.17130603211920645	0.28409172057494325	0.5446022473058504
0.18148881575790185	0.27709264874187234	0.5414185355002259
0.17607177227288165	0.2803440720372715	0.543584155689847
0.17794316591955384	0.2845694878084315	0.5374873462720148
0.1791094808400882	0.29259909128629197	0.5282914278736199
0.17587296542751485	0.2827833517014107	0.5413436828710745
0.17165696117661716	0.3050620647019996	0.5232809741213833
0.18332031631384152	0.27308741645392925	0.5435922672322293
0.18116931605595474	0.2916992817599847	0.5271314021840607
0.1837197352452012	0.2869282108927082	0.5293520538620907
0.17244883838968209	0.27690291944002143	0.5506482421702966
0.17281721255344193	0.3002872617744829	0.5268955256720753
0.17732601951711158	0.2823366129415831	0.5403373675413055
0.18262219212624073	0.2900957137846287	0.5272820940891307
0.1830674140023384	0.29042661194053615	0.5265059740571256
0.18025622118355658	0.29487831639643275	0.5248654624200109
0.1831491635141096	0.2858654914824786	0.5309853450034119
0.18208662330319408	0.29120686745405167	0.5267065092427543
0.1718095141947129	0.30624864994131207	0.5219418358639751
0.1825053654857962	0.2737947732193291	0.5436998612948748
0.17238588585532094	0.3058609821895791	0.5217531319551001
0.17438229380272058	0.27896398761546404	0.5466537185818156
0.17131501412630318	0.28570879850843284	0.5429761873652641
0.17489603844421928	0.3040139882791399	0.521089973276641
0.18260620705277533	0.2904864753314706	0.5269073176157542
0.17969616332400823	0.27272462691271715	0.5475792097632748
0.17778517657042242	0.2767695879766974	0.5454452354528803
0.18102130733204533	0.2737416513184017	0.5452370413495531
0.17486522915170372	0.3015002424443098	0.5236345284039866
0.17912920317018596	0.285216673353626	0.5356541234761882
0.17181627855271397	0.2866763168561384	0.5415074045911477
0.17594175554916167	0.2868538296682583	0.5372044147825802
0.18283739119078007	0.2883803839364894	0.5287822248727306
0.17343263610643822	0.29842175624181855	0.5281456076517433
0.1727304522996317	0.29701879108197726	0.5302507566183912
0.17329232682273277	0.2836183551268314	0.5430893180504359
0.17702674060417345	0.30093118654771095	0.5220420728481157
0.1819712452533271	0.2758394935358885	0.5421892612107846
0.18090762830096674	0.298742047415561	0.5203503242834724
0.18133824691389133	0.2829499433547492	0.5357118097313596
0.17694411494264978	0.2873027743787002	0.5357531106786502
0.18233684045929807	0.28892647596633214	0.5287366835743699
0.18295230172157084	0.27782239975476497	0.5392252985236643
0.17196245338751365	0.2965874498473629	0.5314500967651236
0.18380094410574965	0.27389676490364806	0.5423022909906023
0.18182669116250536	0.28457597339671437	0.5335973354407804
0.17819622737990912	0.2857512591801174	0.5360525134399736
0.17534510714883447	0.27795863448679536	0.5466962583643703
0.17996303443425068	0.27555922332846494	0.5444777422372845
0.17306831022755814	0.2782383485612322	0.5486933412112098
0.1730076649718993	0.30320652943641974	0.5237858055916811
0.18371850711885807	0.290926058712389	0.525355434168753
0.1747793711569648	0.29186233212931284	0.5333582967137225
0.1829611466792443	0.288209869480133	0.5288289838406228
0.18149071260952795	0.2748612217385806	0.5436480656518916
0.18095264659133703	0.2865677786997151	0.5324795747089479
0.17110156605192162	0.29566981107037665	0.5332286228777019
0.18130440320952107	0.2808174964391369	0.5378781003513422
0.17494645432764666	0.3047559985536517	0.5202975471187017
0.17328073870016444	0.3055523020448889	0.5211669592549467
0.1785777279001015	0.2811748526909967	0.540247419408902
0.17353350229668008	0.2778768139544592	0.5485896837488609
0.18249700104031885	0.2871503153600804	0.5303526835996009
0.17326861668608654	0.28108218358273473	0.5456491997311789
0.17814295160604893	0.2716705538313636	0.5501864945625876
0.1735663438913202	0.2844588893262232	0.5419747667824567
0.18340949110961102	0.2860515287683503	0.5305389801220387
0.17797620510185172	0.28395572841822064	0.5380680664799278
0.17192811173752093	0.28327783829245057	0.5447940499700287
0.1816401797415262	0.2882716639598981	0.5300881562985759
0.1809621424707481	0.2904418889878558	0.5285959685413962
0.18059373862361394	0.2793737499848194	0.5400325113915668
0.18367755227539317	0.27581771070502037	0.5405047370195866
0.17867152342112438	0.2912478889137583	0.5300805876651173
0.1762545931388121	0.29477418106726944	0.5289712257939185
0.18214742511315937	0.294688038799429	0.5231645360874118
0.1796512206314597	0.27406830839514296	0.5462804709733975
0.1728365255421887	0.2914491664375302	0.5357143080202812
0.18218315336953989	0.2746732731853817	0.5431435734450786
0.17908303830334657	0.2815264968403555	0.539390464856298
0.17589677787546434	0.2807356574076152	0.5433675647169206
0.1747381296071426	0.2827370831540341	0.5425247872388234
0.17651494095835454	0.2841754995481388	0.5393095594935068
0.17403133832142548	0.2803529370727541	0.5456157246058205
0.17225709874774034	0.2931798353593483	0.5345630658929115
0.18254829246724275	0.26884345310785673	0.5486082544249007
0.1719209257716678	0.28736174161173345	0.5407173326165988
0.17987514928432283	0.27919254249509506	0.5409323082205822
0.17763019533859348	0.28109128694847124	0.5412785177129354
0.17518779989110503	0.3020596823822632	0.5227525177266319
0.17454208973552793	0.30064809713801594	0.5248098131264562
0.1716265815387405	0.29519990841729143	0.5331735100439682
0.1715614857929516	0.2900340231597721	0.5384044910472764
0.17195356242010698	0.2933796135110219	0.5346668240688712
0.1773138097059168	0.2904489498940281	0.5322372404000553
0.17825019537947437	0.2874385097977974	0.5343112948227284
0.17471008801637827	0.2921269713746124	0.5331629406090095
0.1833617260232643	0.28089000175361156	0.5357482722231243
0.17325781006477364	0.28534557248158293	0.5413966174536435
0.17379294373072	0.29232524048795394	0.5338818157813262
0.17508656619579227	0.2779048670414978	0.54700856676271
0.17433401848696917	0.28225817878674675	0.5434078027262842
0.17572833228365975	0.29828076451915053	0.5259909031971899
0.17132401371902656	0.29080694007448604	0.5378690462064875
0.17997651476463572	0.2908112557938397	0.5292122294415247
0.1745949167588344	0.2864468357615949	0.5389582474795709
0.17973088404207974	0.27218511165795367	0.5480840042999667
0.1715157250496571	0.2979860256242717	0.5304982493260714
0.1754026967603124	0.2907388364026184	0.5338584668370694
0.17171208762917664	0.27897144201513463	0.5493164703556889
0.17982412816120347	0.28621286636291143	0.5339630054758853
0.1820491436610937	0.28816691122730065	0.5297839451116058
0.1791841725757873	0.29104780685395415	0.5297680205702586
0.17482985212886995	0.29744530649217116	0.527724841378959
0.17254009605648513	0.3056974890410358	0.5217624149024792
0.1779365670204248	0.2885573421645579	0.5335060908150173
0.17532623764099312	0.30027273030509893	0.5244010320539081
0.1739812440103867	0.2834299283504626	0.5425888276391508
0.17112428335129282	0.2897897658296673	0.53908595081904
0.17649437615055882	0.29702913718001256	0.5264764866694287
0.17235805766376938	0.30352226469166216	0.5241196776445686
0.17925187540406376	0.27560645986439236	0.545141664731544
0.17119661337551792	0.2813994068573845	0.5474039797670976
0.18101757465450485	0.26972908000557605	0.5492533453399192
0.17364428613261443	0.289178318207998	0.5371773956593877
0.17996954734781173	0.28765469732394944	0.5323757553282389
0.17316581620344496	0.28922022868415365	0.5376139551124015
0.17151494111449417	0.2928956497292054	0.5355894091563006
0.17236515007325678	0.2953146737666972	0.5323201761600461
0.1796067454177988	0.2954318674921387	0.5249613870900627
0.1818761514311176	0.27996446731776103	0.5381593812511215
0.17857334858320004	0.27575859890035737	0.5456680525164428
0.17889152192689567	0.27986948335874234	0.5412389947143621
0.17605842546850425	0.2862073962417501	0.5377341782897457
0.18076851595600535	0.2762830254166553	0.5429484586273394
0.1776661834391065	0.28108394315953567	0.541249873401358
0.18132692977697515	0.2716758604624414	0.5469972097605835
0.1770795659227281	0.28020804640271313	0.542712387674559
0.17204689504397513	0.28073971041860357	0.5472133945374215
0.17797781845821267	0.2928104764404856	0.5292117051013019
0.17490649971833314	0.27826955392449226	0.5468239463571748
0.17902213286728935	0.27502690360825827	0.5459509635244525
0.18253440069071153	0.296460317003141	0.5210052823061476
0.17405159766477163	0.279054638206172	0.5468937641290565
0.1770262452757496	0.2855574644779495	0.5374162902463011
0.1798567607842709	0.2827483241284801	0.5373949150872491
0.18109810080808608	0.2908462901068237	0.5280556090850903
0.17697738632748566	0.2837500689035774	0.539272544768937
0.1714465427145672	0.2819167647530105	0.5466366925324225
0.17946441812904354	0.28078282741586486	0.5397527544550917
0.17551222546216907	0.27935857588225793	0.5451291986555731
0.17518731730803125	0.2911239379774843	0.5336887447144846
0.18313695644558303	0.28117676431782257	0.5356862792365945
0.1806179792844507	0.2690344608110202	0.5503475599045291
0.1723358000366908	0.2871442758664717	0.5405199240968377
0.17393987403067768	0.3052461247049592	0.5208140012643632
0.17174579700938172	0.2925105886059117	0.5357436143847066
0.17608003818838153	0.29255040661913945	0.5313695551924792
0.17833869446635117	0.2809216588342311	0.5407396466994179
0.1829257505542584	0.28867965638896237	0.5283945930567794
0.18221347346943312	0.28352081274096214	0.5342657137896049
0.17326079954576018	0.29064432997749007	0.5360948704767499
0.17821252417327377	0.27652149590080444	0.545265979925922
0.17648392879681868	0.30053291900061607	0.5229831522025654
0.1716936255448013	0.2900812968870897	0.5382250775681091
0.17829219607987562	0.2750489171993792	0.5466588867207454
0.1782588958489016	0.29288187621865613	0.5288592279324424
0.18315769728750855	0.2910052089426722	0.5258370937698194
0.18012648878174656	0.2942101760872049	0.5256633351310487
0.18305159417513414	0.28582130344501655	0.5311271023798494
0.18173921056499562	0.2952723168861418	0.5229884725488627
0.18257710353305132	0.282601409581787	0.5348214868851618
0.1742426102920992	0.30187819090764906	0.5238791988002519
0.1794345794887143	0.2916517397402181	0.5289136807710677
0.175968726127118	0.2876201231626522	0.5364111507102299
0.1831519118955362	0.27475858230553885	0.5420895057989251
0.17423521692977284	0.3006642953466733	0.5251004877235539
0.1747348671285357	0.2868588511954364	0.538406281676028
0.17603860375348307	0.3036852398361333	0.5202761564103837
0.17921706863663114	0.3004358210434074	0.5203471103199615
0.18126196690276314	0.2860450593817053	0.5326929737155317
0.1777872053844365	0.29269132621030824	0.5295214684052554
0.17853096129548415	0.28676300772500996	0.534706030979506
0.1789513954201599	0.29313174368007533	0.5279168608997649
0.1792745354738423	0.26996519724021495	0.5507602672859429
0.17554408566784985	0.29415989679078974	0.5302960175413606
0.17455415769253374	0.3046495751064108	0.5207962672010557
0.17150858919170275	0.2961436515766438	0.5323477592316536
0.179828601165377	0.29152391500138775	0.5286474838332353
0.17437401963346968	0.29609203543153767	0.5295339449349927
0.17772942000552364	0.27166404003042083	0.5506065399640556
0.18199511128257623	0.2939867881244344	0.5240181005929896
0.17647811078972223	0.27449512205054555	0.5490267671597323
0.18138361571768244	0.27693550199602257	0.5416808822862951
0.1717336534219818	0.27819458397444286	0.5500717626035755
0.1801890042673822	0.2766393694900141	0.5431716262426038
0.17354693469874527	0.3063174641523558	0.5201356011488991
0.1749352067251574	0.3037550874482008	0.5213097058266419
0.1754342444015323	0.28692495302375487	0.537640802574713
0.17644141688261855	0.29399667882037017	0.5295619042970114
0.17394741918842022	0.28643430271109654	0.5396182781004834
0.18285380129425982	0.2965820280759946	0.5205641706297457
0.17200608137524903	0.29356395511746236	0.5344299635072888
0.17442801873512453	0.2895118222404108	0.5360601590244648
0.18074023676177217	0.2780154528715587	0.5412443103666693
0.17683301749449393	0.2783464989050083	0.5448204836004978
0.17498386892065781	0.29232476925356177	0.5326913618257805
0.17583287050052457	0.27406230145125976	0.5501048280482158
0.1767838499003305	0.27955471294003853	0.5436614371596311
0.1785925071961467	0.2919081504066302	0.5294993423972232
0.1796303016778427	0.2767515805231969	0.5436181177989605
0.18307857591435195	0.2759699791165137	0.5409514449691344
0.179464534688566	0.2794531241317325	0.5410823411797016
0.17370644895268045	0.2968161841177108	0.5294773669296089
0.1821831788093384	0.27625941846851726	0.5415574027221445
0.172567551276097	0.30562617098686756	0.5218062777370356
0.1726632464896705	0.297967657734622	0.5293690957757076
0.18140631052480893	0.28235830068773116	0.53623538878746
0.17519095557631564	0.2750179344366302	0.5497911099870543
0.1748719516512615	0.29200422011466726	0.5331238282340713
0.17684913318529316	0.295886713790808	0.527264153023899
0.17934684291090972	0.2758850713453374	0.5447680857437529
0.18342857462299855	0.2850350364795111	0.5315363888974904
0.17236215730600862	0.27979564556250774	0.5478421971314837
0.17760505848797045	0.28766025177575105	0.5347346897362786
0.17967958049049493	0.30035551059152543	0.5199649089179798
0.17365951760015588	0.3016629953378062	0.524677487062038
0.17172420213096495	0.3034191224404363	0.5248566754285988
0.1810075346032516	0.28186663975192433	0.5371258256448241
0.1720504286362176	0.2933697701660226	0.5345798011977598
0.1740736587282394	0.28193402171502213	0.5439923195567387
0.17732509476756034	0.2842759946998551	0.5383989105325846
0.17702141430813984	0.3032684021494495	0.5197101835424107
0.1716054701420131	0.29332351395857126	0.5350710158994159
0.17911860369331997	0.2937290061256592	0.5271523901810209
0.17480857545158757	0.2910978449036963	0.5340935796447164
0.17925868396331174	0.29077913225303453	0.5299621837836539
0.17396968529047185	0.2788588613798251	0.5471714533297032
0.17801953419902355	0.29447958341346886	0.5275008823875077
0.17788993397841674	0.291912586525398	0.5301974794961855
0.17739604763272823	0.2943464308594941	0.5282575215077778
0.17567955470797256	0.2939324772853257	0.5303879680067018
0.1802554427809269	0.2930043340634553	0.526740223155618
0.18323868077399408	0.27089827372880515	0.5458630454972009
0.1749442874445088	0.28361519318220463	0.5414405193732867
0.17592054154483638	0.28337227675651633	0.5407071816986474
0.17736080275750363	0.2724246312484431	0.5502145659940534
0.18176439507267544	0.268479888829024	0.5497557160983007
0.18208612079715886	0.27331974804131687	0.5445941311615243
0.17204547555053504	0.2770830762991399	0.5508714481503252
0.1746644900621411	0.2892255875535086	0.5361099223843504
0.1785898066979023	0.29693801502014183	0.524472178281956
0.17825568793597532	0.2943454138158052	0.5273988982482196
0.1760617259989845	0.29932970710337703	0.5246085668976386
0.17807747609175373	0.301387874319278	0.5205346495889684
0.18364014491619	0.29594984339249886	0.5204100116913113
0.18082766987306137	0.2917025142980215	0.5274698158289173
0.17485264047525625	0.283912687499325	0.5412346720254189
0.17946063426324213	0.28777029004126986	0.5327690756954881
0.17546544641709824	0.27467767240659996	0.5498568811763019
0.17581897685646844	0.30462577203890845	0.5195552511046232
0.18317649590068746	0.29515503030045115	0.5216684737988615
0.17744132849540403	0.3017165284801496	0.5208421430244465
0.18170880566224057	0.29812857488916056	0.520162619448599
0.17251726708977924	0.2773817290064713	0.5501010039037496
0.1712155880515653	0.30440053138124945	0.5243838805671853
0.17232964220403962	0.2824075644624479	0.5452627933335126
0.17214308877991427	0.28258793128339815	0.5452689799366877
0.18260812706258608	0.2968012098358538	0.5205906631015602
0.1789790293544282	0.30068418568480615	0.5203367849607659
0.17725955416331002	0.30189758551942986	0.5208428603172602
0.17173252816262674	0.28090983936497227	0.5473576324724011
0.1781902131537709	0.28501484192435955	0.5367949449218696
0.17424460920460186	0.2953993313954362	0.530356059399962
0.17919800277153589	0.30120136325192604	0.5196006339765382
0.1799936060033439	0.28025337143601514	0.5397530225606411
0.1817626818255625	0.2902281339578244	0.5280091842166132
0.17880734470518636	0.2906296075998702	0.5305630476949436
0.17828258065088723	0.2916880485306692	0.5300293708184437
0.1776940745378687	0.2803885737649207	0.5419173516972107
0.17543324914442016	0.29981596445919334	0.5247507863963866
0.1720581800062803	0.30584612575752285	0.522095694236197
0.17573118333769439	0.3021832340343475	0.5220855826279582
0.17208143567231032	0.29523238268810603	0.5326861816395838
0.17622015102432217	0.27723595384616123	0.5465438951295167
0.18072387948590238	0.2737698969949459	0.5455062235191519
0.17600586456667996	0.2987601695136232	0.525233965919697
0.17298295224689453	0.28360245444806664	0.5434145933050389
0.1731009614634667	0.2784390795839751	0.5484599589525583
0.17527597076710652	0.2911775412952982	0.5335464879375954
0.18302932965697188	0.28423467819832177	0.5327359921447065
0.17854190671685186	0.3016081141513006	0.5198499791318476
0.18276151502554172	0.29435410855724153	0.5228843764172169
0.18334807186215046	0.27008563495986415	0.5465662931779854
0.1807356100972613	0.2977593835010756	0.5215050064016632
0.17352700012012848	0.2849863510829303	0.5414866487969414
0.18057438388394187	0.28170187196773744	0.5377237441483208
0.1761029136373263	0.28368310456184576	0.540213981800828
0.17721414278768732	0.3027207974521196	0.5200650597601931
0.180731744510822	0.28327025919908255	0.5359979962900956
0.18341906450251902	0.2700889453175019	0.5464919901799792
0.18284241769221976	0.28214482272803193	0.5350127595797484
0.1777690335135137	0.27748169535549333	0.5447492711309931
0.18142016036656297	0.27837509030079055	0.5402047493326466
0.18104293585414555	0.2880634567096786	0.530893607436176
0.17628449689729744	0.28740732539371305	0.5363081777089896
0.17995327622394738	0.2808563028202859	0.5391904209557669
0.17823046006158466	0.2831479292626947	0.5386216106757207
0.18127995490615184	0.29193146966111844	0.5267885754327298
0.17836751234829015	0.2812302977209087	0.5404021899308014
0.18092606184873086	0.27811498443754107	0.5409589537137282
0.17663735362507194	0.29429546364066134	0.5290671827342668
0.17171965217524549	0.2842825806910699	0.5439977671336848
0.17478535010782228	0.30368713332981756	0.5215275165623603
0.17194990722299924	0.29531327903359783	0.532736813743403
0.17501307146511805	0.2934747172265364	0.5315122113083457
0.1765577115298942	0.2744414406208889	0.5490008478492171
0.18340949982277893	0.27680227923850437	0.5397882209387168
0.1806801774500552	0.2725384703054919	0.546781352244453
0.17512311425295712	0.29405152983714594	0.530825355909897
0.17777244992439836	0.2722962992760682	0.5499312507995335
0.17128817636120613	0.3018336981566059	0.5268781254821882
0.17656690354236032	0.2960088443672261	0.5274242520904138
0.17365266806138585	0.27604858233963675	0.5502987495989775
0.17542402100590043	0.2878030282604715	0.5367729507336282
0.1768635796471472	0.2833332266106643	0.5398031937421885
0.18310003177607742	0.275299015823258	0.5416009524006647
0.17505559092898232	0.29353621556482185	0.531408193506196
0.17892455393556123	0.2909668834057866	0.5301085626586524
0.17979382300768398	0.2887252759156758	0.5314809010766404
0.1826707280048535	0.2722507688724273	0.5450785031227193
0.1782096019749329	0.27929861035450604	0.5424917876705612
0.18002087705809686	0.296806913979756	0.5231722089621473
0.17409644894373036	0.2918142951127315	0.5340892559435383
0.18333902302127586	0.28839272160440316	0.5282682553743211
0.17680696222938322	0.2747034029911198	0.5484896347794971
0.1833335363580291	0.27794870592842424	0.5387177577135467
0.17716404351304765	0.2722856324377338	0.5505503240492187
0.17681852131094034	0.2778217781436393	0.5453597005454205
0.17792544112288555	0.2999324332411183	0.5221421256359963
0.17529491909390565	0.2760018996122854	0.5487031812938091
0.17686546562820024	0.27923887114033186	0.543895663231468
0.17114040634433517	0.29957308229775237	0.5292865113579126
0.17939554616212888	0.2836841557352268	0.5369202981026444
0.17568017830276753	0.2978092750763747	0.5265105466208579
0.17427278727370374	0.2997456829594276	0.5259815297668688
0.1713035068080243	0.305841636080679	0.5228548571112969
0.17755500988815706	0.29016287592942047	0.5322821141824225
0.17257783810186378	0.28637144401873194	0.5410507178794044
0.17724409265442478	0.275286735406604	0.5474691719389714
0.1812447921574989	0.2949591324594298	0.5237960753830715
0.17500311173711997	0.2973493207555209	0.5276475675073593
0.17635513716507506	0.28557007937280365	0.5380747834621213
0.17867045234150097	0.2797924583865584	0.5415370892719408
0.17482307334161074	0.28506439390094296	0.5401125327574465
0.17681429784148653	0.30156299940972137	0.5216227027487922
0.1740641624382963	0.3026363812463964	0.5232994563153074
0.17986795901869704	0.2794196610389946	0.5407123799423085
0.17138190823892582	0.281680161238952	0.5469379305221223
0.17588089055612563	0.27802886962304185	0.5460902398208326
0.1759988962244258	0.2900308100070605	0.5339702937685138
0.18038615641844238	0.2763611640174993	0.5432526795640584
0.17592529317574385	0.288668104390878	0.5354066024333783
0.17935014100267135	0.2924489365391177	0.528200922458211
0.17426313915722255	0.2806055661810358	0.5451312946617417
0.17307284382333607	0.2877962687988486	0.5391308873778154
0.17309899995257158	0.3052820262633762	0.5216189737840524
0.17837938823601704	0.29856603852510927	0.5230545732388738
0.173580508877393	0.27628017546421924	0.5501393156583878
0.1753808752586033	0.2921563368729835	0.5324627878684134
0.18040301352742405	0.2879612192798546	0.5316357671927215
0.17638537235783167	0.2986069810804526	0.5250076465617158
0.1809850298328897	0.2962408228447463	0.5227741473223642
0.17908864180778786	0.29248802541498437	0.5284233327772279
0.18169945103862403	0.26901603022245446	0.5492845187389217
0.17547096790161537	0.277440802068574	0.5470882300298108
0.17945684971519602	0.290869410780567	0.5296737395042371
0.1795096090659912	0.27645222330466573	0.5440381676293431
0.1834025379678667	0.2866487584602362	0.5299487035718973
0.1835007658368686	0.275230082107168	0.5412691520559636
0.17413049689309143	0.2796299790551403	0.5462395240517683
0.17863508632390893	0.2915235170439317	0.5298413966321595
0.1740301191340756	0.2796628680447546	0.5463070128211699
0.18086245649664381	0.2762934392935438	0.5428441042098126
0.175656514997727	0.296231592245541	0.5281118927567321
0.18350501349622197	0.28598207686241156	0.5305129096413665
0.17479062294248957	0.29198597951039873	0.5332233975471119
0.1807452506911202	0.28822841160959667	0.5310263376992832
0.17277518710208692	0.28476318917123494	0.5424616237266783
0.18264493679793894	0.2707529820224191	0.546602081179642
0.17463384296300494	0.28869734567627886	0.5366688113607163
0.1757831706352548	0.29660590025213535	0.52761092911261
0.18192161411496943	0.286230364348082	0.5318480215369487
0.1822677072381919	0.2858502855865691	0.531882007175239
0.17538180767617673	0.3016598062437108	0.5229583860801126
0.17422262386919	0.2979666137945091	0.5278107623363011
0.17147333628712433	0.29034045453774654	0.5381862091751292
0.17519817403813245	0.29272406699860987	0.5320777589632577
0.17523581055055792	0.27897862194319784	0.5457855675062444
0.1806152603187614	0.29878897215577915	0.5205957675254596
0.1748634102429666	0.2945664188073108	0.5305701709497227
0.18313324613767817	0.272048932800322	0.5448178210619999
0.17967509907618384	0.27777290432416984	0.5425519965996465
0.1723514065064547	0.28685741583679686	0.5407911776567486
0.17268037630150274	0.277004846416416	0.5503147772820813
0.17473778571847162	0.29044669400226236	0.5348155202792662
0.17765317063089536	0.28893943492838503	0.5334073944407198
0.171211270290339	0.278620467259032	0.5501682624506291
0.1801923092364108	0.27315207084481913	0.5466556199187702
0.17674819682575973	0.2993069130393431	0.5239448901348973
0.17692117444764288	0.2891008356802384	0.5339779898721189
0.17964153422512194	0.2729682505345322	0.547390215240346
0.18282749205954696	0.29292600582892103	0.5242465021115321
0.1823265610255277	0.28502058712850464	0.5326528518459678
0.17103670432724866	0.2800919039968727	0.5488713916758787
0.17954637522310915	0.2873320215796172	0.5331216031972738
0.18112377457032047	0.2990525460395868	0.5198236793900928
0.17428629563034911	0.2763257557806551	0.549387948588996
0.17516103696629257	0.29190951923159386	0.5329294438021137
0.17110693906855465	0.2846754498659033	0.5442176110655421
0.1782419989031495	0.3017870980566802	0.5199709030401705
0.18316819716810256	0.2883924276372805	0.528439375194617
0.1725151837655508	0.28081772068834165	0.5466670955461077
0.18366550563918885	0.2720958974546027	0.5442385969062086
0.17994263023157758	0.283871469088943	0.5361859006794796
0.17717650094345536	0.28555995188786837	0.5372635471686764
0.17792059563185247	0.28858832030951487	0.5334910840586328
0.17523317797793184	0.29898853129541547	0.5257782907266528
0.17847692570027376	0.28672838357710645	0.5347946907226199
0.17797934853672967	0.30143527119594593	0.5205853802673245
0.17393824130945112	0.29320386552426503	0.532857893166284
0.17225315528854343	0.2953188385041002	0.5324280062073565
0.17630788867688518	0.28257385970414356	0.5411182516189714
0.1790468912310023	0.27709536577487637	0.5438577429941215
0.1711214198670867	0.287223009962291	0.5416555701706225
0.17364126922221435	0.298508092229805	0.5278506385479809
0.17514216386160847	0.27971923416880906	0.5451386019695825
0.1754941187150241	0.2979709829839513	0.5265348983010247
0.18135681875510007	0.28508241725897254	0.5335607639859274
0.182364208938509	0.27137796292329985	0.5462578281381912
0.17722661713926208	0.2877058861532493	0.5350674967074888
0.18101585364158793	0.29290950995164383	0.5260746364067683
0.182040091217666	0.2850194961460796	0.5329404126362545
0.18025238640524746	0.2746429525956609	0.5451046609990917
0.18142023342157987	0.2712776344898574	0.5473021320885628
0.17472457842313274	0.28291383134294035	0.5423615902339269
0.18214295857635884	0.28973100878536384	0.5281260326382775
0.182910986299422	0.27689150353198844	0.5401975101685896
0.17226416797308505	0.28279107445185925	0.5449447575750559
0.17791805127815954	0.2882552969592501	0.5338266517625905
0.18112684152994982	0.2894397832140524	0.5294333752559979
0.1816963403295045	0.2939333549980154	0.5243703046724804
0.17326099111784676	0.3060657756668879	0.5206732332152655
0.17358395149429504	0.27804205280626454	0.5483739956994406
0.18180211432673388	0.2754583008741299	0.5427395847991363
0.1806237208209036	0.27984233037809275	0.5395339488010038
0.18241835645743057	0.28657498747018095	0.5310066560723886
0.17602160704244324	0.2870501757359169	0.53692821722164
0.17099909711381725	0.2820641773918038	0.5469367254943791
0.1794752743455113	0.2810903967151333	0.5394343289393555
0.17363876887915272	0.2803964918423067	0.5459647392785407
0.1809475420020602	0.27179498304892663	0.5472574749490132
0.17379874953072402	0.2815734109714042	0.5446278394978719
0.17682190596454378	0.2896176235776089	0.5335604704578474
0.17262268174150705	0.27660361518138094	0.5507737030771122
0.17707581337148393	0.30114251862197927	0.5217816680065369
0.1807796707575048	0.278590761846967	0.5406295673955283
0.17826143384345428	0.27865320228823687	0.543085363868309
0.18062946311698713	0.2743520622241576	0.5450184746588553
0.17300131863624382	0.3022753367011997	0.5247233446625565
0.17224017238978656	0.2870157928803532	0.5407440347298603
0.17540194158354944	0.3034349284646819	0.5211631299517687
0.17689873266401926	0.2971043278671147	0.525996939468866
0.17968279015067945	0.2996093866519722	0.5207078231973485
0.17914886274112315	0.29940444655920784	0.5214466906996691
0.1744771057399153	0.2804205297267229	0.5451023645333619
0.17414638248972666	0.29176176484525934	0.5340918526650141
0.17901152825319314	0.2876256939065859	0.5333627778402211
0.18296607667608505	0.2772304427371272	0.5398034805867878
0.173240998140302	0.29558298337808475	0.5311760184816134
0.18023090770910408	0.2895387486802931	0.530230343610603
0.17239799643092718	0.28999864548948473	0.5376033580795883
0.18305506468480293	0.29015965991746995	0.5267852753977272
0.1726357508099718	0.2784053360918167	0.5489589130982115
0.18102227747844457	0.2894755007542808	0.5295022217672747
0.1723074167690842	0.28641175495138493	0.541280828279531
0.17512217706496852	0.27809405916060254	0.546783763774429
0.17232525040941582	0.28327090801132043	0.5444038415792639
0.17936686227680393	0.27103030315504967	0.5496028345681465
0.18101718320321203	0.27066493664927377	0.5483178801475144
0.1822004823216148	0.28049676512432176	0.5373027525540636
0.17140397266736737	0.2812368199943057	0.547359207338327
0.17505519850826895	0.29015994557397046	0.5347848559177607
0.17920927069622353	0.282960321432761	0.5378304078710155
0.1811131398910018	0.28892938821493036	0.5299574718940679
0.17898566686075398	0.28009691311166096	0.5409174200275852
0.1757460816345826	0.2766511363620832	0.5476027820033343
0.1783219896014045	0.2706945430393017	0.5509834673592939
0.17158202722829358	0.29130037403424575	0.5371175987374608
0.18246308466355116	0.2971989714983365	0.5203379438381125
0.17917614311911897	0.2740584079423135	0.5467654489385676
0.175328285198736	0.2848742250934122	0.5397974897078519
0.17306943672547426	0.2777519895090684	0.5491785737654575
0.17276317932121216	0.29059519169415315	0.5366416289846347
0.17689905024967945	0.28904362220202817	0.5340573275482925
0.1744187986721839	0.2789559417964969	0.5466252595313192
0.18089176400124418	0.2920463278424706	0.5270619081562853
0.18058305392792748	0.28733473642819984	0.5320822096438729
0.18217398305182073	0.2871181896986641	0.5307078272495154
0.1781141637557277	0.2817765487150379	0.5401092875292346
0.1760773959595935	0.2983762921658659	0.5255463118745407
0.1741166124228046	0.28206063292895905	0.5438227546482365
0.18274838363547108	0.2889954939619208	0.5282561224026082
0.17664215813150616	0.29862860098143	0.524729240887064
0.17139448284180037	0.2794267320623924	0.5491787850958074
0.17410651459181437	0.28386195999597674	0.542031525412209
0.1799751907166194	0.28636621232936604	0.5336585969540146
0.17098065397715684	0.29124800160686565	0.5377713444159776
0.17486294038075856	0.27779205983043603	0.5473449997888056
0.17200446945654124	0.29553066878944323	0.5324648617540156
0.17702043669743273	0.2955011639407544	0.5274783993618131
0.18166721675067343	0.29442878821858587	0.5239039950307408
0.1809448016672976	0.2712217076170312	0.5478334907156713
0.17231460791132033	0.2873558113370037	0.540329580751676
0.18008628964416357	0.27662364333917894	0.5432900670166576
0.18085627730105372	0.26863149216883186	0.5505122305301146
0.17329751927230674	0.28606952931229285	0.5406329514154006
0.18040654677859097	0.2691828251490874	0.5504106280723217
0.1753344083955129	0.28536733391657626	0.539298257687911
0.18321363546008793	0.2858044635963685	0.5309819009435437
0.1794094685669628	0.2820948236924613	0.5384957077405761
0.18068225457164133	0.2714417265287715	0.5478760188995873
0.182650522196694	0.2732395293279881	0.544109948475318
0.179709812396765	0.2790895898165927	0.5412005977866424
0.17818167603394403	0.2860206498754575	0.5357976740905985
0.17694629606797732	0.2934167532335393	0.5296369506984835
0.17436048586775504	0.2776233876698656	0.5480161264623795
0.18145278398865525	0.27326931634264284	0.5452778996687021
0.17808338880169305	0.3019927008717418	0.5199239103265653
0.18358035113451118	0.29189418750178786	0.524525461363701
0.18020998212300787	0.26986318635534423	0.549926831521648
0.17846404816053832	0.2831581931102556	0.5383777587292062
0.17302481390221716	0.29176761964877673	0.5352075664490062
0.17202442844105387	0.28209953215004996	0.5458760394088963
0.17594829832873793	0.29288093719713437	0.5311707644741278
0.180685779183156	0.294965420146015	0.5243488006708291
0.18051073470110301	0.28252019905390446	0.5369690662449926
0.17257883640712693	0.2861399218135843	0.5412812417792889
0.17677534529430572	0.2774865381622227	0.5457381165434717
0.17293989320774764	0.30043905080512034	0.5266210559871322
0.17433612824451783	0.2883287655811046	0.5373351061743776
0.17961185608177999	0.28487706541522767	0.5355110785029924
0.1812463873415521	0.2753503707812748	0.5434032418771733
0.1760036137104745	0.28369086156573453	0.5403055247237911
0.17847945256737383	0.30006179324950727	0.521458754183119
0.18129106262223574	0.29377454994264623	0.5249343874351181
0.1736643953852739	0.2753168590328079	0.5510187455819184
0.18294664321073215	0.27081531531048797	0.5462380414787801
0.17185492520703993	0.2801405769167165	0.5480044978762437
0.17424286506795658	0.29300451408284167	0.5327526208492019
0.18052762608314576	0.28011123136247273	0.5393611425543816
0.1778556689027034	0.30143148966263805	0.5207128414346587
0.17463568320753142	0.2780281283452978	0.5473361884471709
0.17142581853647523	0.2820121018903496	0.5465620795731753
0.18125681110845906	0.2693786420330223	0.5493645468585187
0.18247840830628234	0.2741838739091476	0.5433377177845702
0.17452314605288372	0.28914798329267166	0.5363288706544447
0.17596103727355772	0.29644907339146187	0.5275898893349805
0.1802716566320082	0.28871452757702193	0.5310138157909701
0.1751757942573814	0.2918404969833982	0.5329837087592205
0.1816570331722906	0.2836526535946274	0.5346903132330821
0.18310024262744667	0.2875067625695522	0.5293929948030012
0.1727962757578258	0.277334671725753	0.5498690525164213
0.1789608744143811	0.2870530261736328	0.5339860994119862
0.17504546067709878	0.28256949435432	0.5423850449685813
0.1808500625167382	0.2915796405985903	0.5275702968846716
0.17419143937193426	0.2938331882859281	0.5319753723421378
0.18300532652434173	0.27288517963869363	0.5441094938369647
0.17498478581289817	0.2766764533805475	0.5483387608065544
0.18297586936441723	0.29327583460567486	0.523748296029908
0.1756999413584405	0.27895539896841515	0.5453446596731444
0.17996657180391998	0.27052833034239165	0.5495050978536885
0.18043940512445247	0.29269984520501124	0.5268607496705364
0.1809527784327148	0.2975459889648278	0.5215012326024575
0.17117421094387533	0.2858131442921037	0.5430126447640211
0.18352891888296835	0.2954078360745419	0.5210632450424899
0.18338746775874193	0.2906534753120306	0.5259590569292276
0.1758565512086102	0.28833142245540305	0.5358120263359869
0.1714505184616574	0.3036353901487159	0.5249140913896269
0.17337442347076254	0.3021987420571879	0.5244268344720496
0.17694679437891303	0.2938213308944736	0.5292318747266134
0.17406968724627794	0.2931289230291912	0.532801389724531
0.173348983743601	0.2755992133809255	0.5510518028754736
0.17564117491524447	0.30270661092717227	0.5216522141575834
0.1789956310963014	0.29615783577737587	0.5248465331263228
0.17704920253688622	0.2888888560081737	0.5340619414549401
0.18196348481557922	0.28708240206779034	0.5309541131166305
0.17593714677724384	0.28026537818158637	0.5437974750411699
0.17582734692668375	0.2938912725617473	0.5302813805115691
0.18193138048424662	0.2855424442285783	0.5325261752871753
0.18103365278458283	0.27560499580797293	0.5433613514074443
0.17908768380679013	0.2970384376761946	0.5238738785170154
0.17761697572299745	0.27293731133850085	0.5494457129385018
0.17778591627263124	0.281876859038991	0.5403372246883779
0.18277342755359977	0.29043565010127925	0.526790922345121
0.17236154315164154	0.28824466637094515	0.5393937904774134
0.17233331956688935	0.286038041705615	0.5416286387274958
0.18016597842899523	0.2712510391992704	0.5485829823717345
0.1746945760127951	0.29074857670031024	0.5345568472868948
0.1722792091402196	0.29798966823387746	0.529731122625903
0.18320124117659467	0.293460497217343	0.5233382616060624
0.17101513610760846	0.2803048754824902	0.5486799884099014
0.18074638622021835	0.2928980383933804	0.5263555753864013
0.17616275001728385	0.274954134605839	0.5488831153768773
0.1745504064067261	0.2965557133035388	0.5288938802897353
0.18251592296094965	0.2978471920269356	0.5196368850121149
0.17802404221885942	0.286766992004032	0.5352089657771086
0.17282331701144796	0.28133087158202486	0.5458458114065272
0.17823925344675398	0.28139104682146376	0.5403696997317824
0.18341564639166077	0.28817633403945453	0.5284080195688847
0.17668237493368877	0.29770290624330575	0.5256147188230056
0.17600662686828378	0.2988001273107702	0.5251932458209461
0.17097820642868025	0.2821991907598515	0.5468226028114684
0.17871440253232193	0.2943142142094011	0.5269713832582771
0.17678893966137196	0.2937378855476235	0.5294731747910046
0.18292271631634402	0.26846488687765696	0.5486123968059992
0.1720350191956019	0.29992181052465167	0.5280431702797466
0.1767344758425409	0.2810540113220473	0.5422115128354119
0.18049801387303657	0.28695653859210546	0.5325454475348581
0.17542712423953294	0.28476191277855656	0.5398109629819107
0.17769867704631737	0.2927252532443608	0.5295760697093219
0.1775005667284192	0.2830951569403878	0.5394042763311931
0.17267735067455892	0.30101408411940817	0.5263085652060331
0.18231579914299967	0.2973937048610244	0.5202904959959761
0.17398053051471735	0.28283755401349625	0.5431819154717865
0.18121434656302898	0.27594240790969604	0.5428432455272751
0.18305219081991234	0.2870604317727612	0.5298873774073266
0.17906715583500432	0.2968726077045347	0.524060236460461
0.175754373756426	0.2752647034153928	0.5489809228281813
0.18011926893597294	0.2759316141601107	0.5439491169039165
0.1786671937477621	0.28768662651169163	0.5336461797405463
0.1811086347714156	0.2851786040854149	0.5337127611431697
0.17478214422694519	0.2813146243687014	0.5439032314043535
0.18269545616539667	0.26837198381646227	0.5489325600181412
0.17494331578365546	0.289025898190754	0.5360307860255906
0.1829928289559614	0.2701755459065416	0.5468316251374972
0.18100595232533442	0.2986201909426689	0.5203738567319968
0.18271097915266346	0.2855032609288298	0.5317857599185069
0.1836843163888919	0.28143315455933243	0.5348825290517758
0.1741130613254906	0.3011198987919895	0.52476703988252
0.1824436379078643	0.2787774980146942	0.5387788640774417
0.17219120337451	0.2900406408868462	0.5377681557386439
0.172429661311275	0.2915027582531249	0.5360675804356002
0.17308167297570903	0.30536160319187405	0.521556723832417
0.17974808959852395	0.2722116048120282	0.5480403055894479
0.17398716026595043	0.3050722038751609	0.5209406358588888
0.17478929084016617	0.29495442487414075	0.5302562842856932
0.17682267630553286	0.2792377966185018	0.5439395270759655
0.1740869509260546	0.27879885788394604	0.5471141911899995
0.17535007640896236	0.30393668123753176	0.520713242353506
0.18010086249439766	0.27699643669569346	0.542902700809909
0.18218038363505107	0.27132935773482464	0.5464902586301245
0.17723740189401058	0.2966645685140984	0.5260980295918911
0.1778409670500537	0.29346925606224905	0.5286897768876974
0.18239781393078597	0.2798884598813657	0.5377137261878484
0.18017600805179357	0.28637141499086716	0.5334525769573394
0.17777680017832512	0.2727026115447801	0.5495205882768949
0.17724291563833483	0.27479182772666855	0.5479652566349967
0.17374093511724276	0.30568986462161785	0.5205692002611395
0.17789499347798018	0.29112145540413065	0.5309835511178893
0.17273708475837685	0.28567638861067474	0.5415865266309485
0.17329967123806048	0.29617352579203193	0.5305268029699077
0.1710421779785236	0.2994801801083242	0.5294776419131523
0.17645252785958954	0.27966065583376404	0.5438868163066465
0.1752027316644411	0.2839554660543035	0.5408418022812556
0.1756620977348555	0.2790881058186471	0.5452497964464975
0.17169430605678634	0.27776913917185286	0.550536554771361
0.17947951419658573	0.2748089254319106	0.5457115603715038
0.1812327908709893	0.27665210796806416	0.5421151011609466
0.17278181965854547	0.2832009256541707	0.5440172546872839
0.1799122082455179	0.2708653953108498	0.5492223964436325
0.1807595953700777	0.2791135630892292	0.5401268415406932
0.1773022009809123	0.29635447188241004	0.5263433271366778
0.17887767960392942	0.28304959446148165	0.5380727259345891
0.1791274621521605	0.27856867515774447	0.5423038626900951
0.176837241619349	0.2985948177143607	0.5245679406662904
0.17371159902925776	0.2826766969093865	0.5436117040613558
0.1820122630524339	0.2851044282770759	0.5328833086704904
0.17126028515409852	0.2857610494063952	0.5429786654395063
0.17762495987737603	0.28845790860379034	0.5339171315188338
