0.07426440017421848	0.015024949593565484	0.01320166808666487	0.09185669338364554	0.013007743200340288	0.028414203133594565	0.27404921596704335	0.15852322723341417	0.33165592625742	1.972970093258586E-6
0.0741434589997518	0.015111333799252419	0.013207979981728929	0.09185755415747696	0.013175284708649843	0.02872804828854844	0.2739275468374151	0.15845445134690198	0.3313913134945478	3.0283857267027203E-6
0.07403767784936358	0.015060699669291105	0.013413686877844666	0.09231582051180848	0.013281601804970192	0.029268460149726533	0.273340805796785	0.15817995324395429	0.3310978934954758	3.4006007803843996E-6
0.07386534126127722	0.015115544021159943	0.013601181413509661	0.09208067705571972	0.013492355958645452	0.029393625888544023	0.2737390112648461	0.15808089425277394	0.3306282619216809	3.1069618429274692E-6
0.07423909097684848	0.015580983920842006	0.013330679612326021	0.09193499616572945	0.013465016812337194	0.029507152169188325	0.27326176716237494	0.1584839194167269	0.3301933625425323	3.0312210943655993E-6
0.07409849484791955	0.016134396129027367	0.013382799533624243	0.09208193187182696	0.01354468738256466	0.029154307945696248	0.27274331505949173	0.15838833601407631	0.33046761849151574	4.112724257127054E-6
0.07437938189654161	0.015507876724440914	0.013811370705747408	0.09207338050995235	0.013185115087848184	0.029076769181953635	0.27313184359152576	0.15844102629599	0.3303914960501445	1.7399558556313588E-6
0.07404721308934417	0.015591053155663254	0.0133888959386321	0.09194648711183911	0.01313679535050842	0.029132218476174573	0.2740274220636861	0.15842950385717658	0.33029693776626107	3.47319071464236E-6
0.07353204589620153	0.015425933103303202	0.01336139263595884	0.09221689630782774	0.013055352684185423	0.0293251152794807	0.27410364519466274	0.1583900572539606	0.3305860498292349	3.511815184292777E-6
0.07406542220683707	0.015811426833314116	0.013175949006551571	0.09312672698626327	0.01350607114301712	0.028900686471496947	0.2737839650237627	0.15765428098827103	0.32997324746496287	2.2238755233161545E-6
0.07345227755307356	0.015235212979814935	0.013587908366717458	0.0929757177507094	0.013614413983944487	0.029212281387342998	0.27333900058951127	0.15812386709534415	0.33045680648562276	2.5138079190328844E-6
0.07436177217278093	0.015505608986248448	0.0135453302173765	0.09193306173502284	0.013416620296204135	0.029096476944164548	0.27347540553300764	0.1577181737523462	0.3309456570141155	1.8933487332534193E-6
0.07375094562227102	0.015884874331428087	0.013296472716082336	0.09186423801144784	0.013930962615292405	0.029182296501707103	0.2729630958583154	0.15828328036003517	0.3308411325000124	2.701483408307226E-6
0.07495396927845258	0.015214862766487577	0.013915027360502236	0.0922914665464041	0.01344441244485041	0.02904918731528254	0.27264544211683256	0.1582014078596449	0.33028166752433397	2.556787209076483E-6
0.07405314347367664	0.015653140733014978	0.01436464464474392	0.09259271855115772	0.013154008924215657	0.02855159914958587	0.2720528820581557	0.1579345632912927	0.33163917204030424	4.127133852491194E-6
0.07372753140764209	0.015739058244500503	0.014862652934404946	0.09276370123685862	0.013378111874676163	0.028622145111637104	0.27232377354826537	0.1573695002728208	0.331209357112891	4.168256303407891E-6
0.073374265704536	0.016140435136895226	0.014617183025438324	0.09237367905832032	0.013515169702049606	0.028753729503616376	0.2726623438358949	0.1570055545720513	0.3315548197481473	2.81971305066131E-6
0.07256487489387488	0.016113258223370036	0.015041884437773767	0.09285431583782619	0.013114747786655556	0.029352936757883308	0.27276884227173165	0.1569823156263085	0.3312028340716193	3.990092956804303E-6
0.07067336849095515	0.01746501062243619	0.015734406358828182	0.0936037703384597	0.013315092589917116	0.029668040030850648	0.27141179525239556	0.15691478711782791	0.3312097221197466	4.007078582890511E-6
0.0745734488917039	0.015124519557998886	0.01476124202846281	0.092994034022683	0.013170374487660216	0.029493555537476582	0.27223855256002016	0.156482410447076	0.3311588900931554	2.972373763024394E-6
0.07402127939025227	0.015634110017234706	0.014677843129362947	0.09306959827527161	0.01326228042619619	0.029950228648035523	0.27200775398873706	0.15590979431262475	0.3314644015063566	2.710305928327328E-6
0.07343585968586193	0.015167512250369775	0.01641656838624217	0.09333076697459533	0.013522305796070971	0.028976128418640723	0.2724643340822492	0.15600383787971778	0.33067972181251154	2.964713740657987E-6
0.07363581092353161	0.015515105880291577	0.016650550198324524	0.09212937681263308	0.013744332655649796	0.028963294099112927	0.2734596761402896	0.1556369252208706	0.33026178532807654	3.1427412197360116E-6
0.07184769442283467	0.01710504368542952	0.01601665369009836	0.09287524902412939	0.01366736708158832	0.029778472284019267	0.2732902413952769	0.15501517447087512	0.33040185715560055	2.246790147833466E-6
0.07076107942327112	0.016193911920565157	0.01585348471226372	0.09372917903743946	0.014087776821145037	0.02932184230714731	0.273337940760481	0.15571621468591096	0.3309954658707552	3.1044610210029244E-6
0.07038713194013647	0.01714242975567798	0.016747201299042586	0.09276258874566744	0.013569908161380997	0.030082580356754332	0.2736840873832511	0.15559768550350525	0.3300236692608567	2.717593727122325E-6
0.07256227616844278	0.018052123115164687	0.01401596079653708	0.09202196606470028	0.014184627338458572	0.030050631965149274	0.2729949863359192	0.15540357793896692	0.3307112349187709	2.6153578902704533E-6
0.07176181415417902	0.017624671232535166	0.014457774392378456	0.0924565451721085	0.013521615453735703	0.02969567911323452	0.27252909113434054	0.15703771741654948	0.3309129237610795	2.1681698591097254E-6
0.07046045850228672	0.018733759249986978	0.014036990171443053	0.09281420052436962	0.014057001240770473	0.029890918931328295	0.2730954580701713	0.15655763859700628	0.3303513588076873	2.2159049500036776E-6
0.07089534206502261	0.018584925247728507	0.014103286963730047	0.09290806764793415	0.01394834514275213	0.029985597085682367	0.2729850728094944	0.1562692057828316	0.330317330029756	2.82722506815547E-6
0.07073599169865677	0.018022410248767606	0.014052864061964612	0.09301489549671514	0.01422304347509451	0.02997740244869239	0.273671220460566	0.15612106284033317	0.33017809370337736	3.0155658324038104E-6
0.07129847067078345	0.019186960117053425	0.014906931039741389	0.09386127295653843	0.014083313230810385	0.028991597228866975	0.27312075146591613	0.15449256692017743	0.3300544954450192	3.640925093154057E-6
0.07164091770900048	0.01921409491648228	0.01536999490098541	0.0936294709876747	0.013753184979641328	0.029638652478504154	0.2727506435987197	0.1535725795786933	0.3304266747668113	3.786083487347658E-6
0.07070864571024871	0.020067552907294853	0.01618457505230865	0.09454787969199943	0.014695420091600284	0.028751829889278865	0.27163887365030387	0.153190063264872	0.3302132136084784	1.94613361491347E-6
0.07006414272391052	0.02178091968487729	0.016285066192173986	0.09195632309184879	0.015590492603038172	0.029099938115996524	0.2723317807171149	0.15296521124145043	0.3299238939177505	2.2317118387876755E-6
0.07018051660946886	0.021579592389684196	0.016731987788501226	0.0918803204419717	0.015580839586781567	0.028982453856719506	0.27216366796112695	0.15266085392984255	0.33023647101522957	3.296420673828959E-6
0.0705740440532018	0.02097221392371036	0.016341440457442943	0.09194798743806301	0.015860008413100382	0.028864580321003766	0.27272049395175924	0.15253217146992487	0.3301842888981901	2.7710736034414207E-6
0.0697090913378613	0.021902742516664006	0.016509841772778852	0.09210734845757462	0.015752666371072643	0.028770708321432498	0.27210938355937314	0.15264211565187935	0.3304928813560947	3.2206552687541468E-6
0.06972036855963801	0.022116298388484085	0.014521553064190257	0.09270278272945814	0.015793363537039667	0.029565602044850425	0.27134038373177927	0.1527100610160968	0.3315276051657404	1.981762722924607E-6
0.06766922896097077	0.022671286745846134	0.013798888544173202	0.09204616693638047	0.017821195896014885	0.032126613017241235	0.2721141259182169	0.1518261460289655	0.32992451962083424	1.8283313566874737E-6
0.06242427610053665	0.019073381891866678	0.015187285303311662	0.09198330249164846	0.01768799522396776	0.035449130678612065	0.2733309527476244	0.1547655178544385	0.3300960600566086	2.0976513851883594E-6
0.06178039953097022	0.02024847097373672	0.014866609344947324	0.09175155502310092	0.015839649636858424	0.03628035052475678	0.27285996284412006	0.1559338124353215	0.3304353258638787	3.863822309393972E-6
0.06222637014025458	0.020332938164495426	0.014256946898331471	0.09190075200038474	0.015933994593631803	0.036333475024242376	0.27261550412139046	0.1560003180386881	0.3303964501969488	3.250821632203027E-6
0.06285036522689938	0.02010904531957787	0.014379892865287	0.09184737212284286	0.01567461047663614	0.03639894277578368	0.272923776308493	0.15571765577126204	0.33009539319144054	2.945941777521277E-6
0.06184796012177758	0.019906082981244744	0.014632968303912877	0.09201652660389668	0.01584051122671208	0.03629354210503667	0.2735564306199033	0.15627976927872925	0.32962267902919284	3.529729593984565E-6
0.0615808779591588	0.019415171552954774	0.014728264532471683	0.09212263028718584	0.016299502311224276	0.036414035835061226	0.2736491065275776	0.15668195627809714	0.3291046197227647	3.834993503912254E-6
0.06211214253521363	0.019560630269109897	0.014767624229786516	0.09214628803594789	0.016301308886589885	0.03602007799691727	0.27394029859509034	0.1564824181491436	0.3286670599909684	2.1513112325455275E-6
0.062485482858075446	0.020293664868991618	0.015081064460501115	0.09210061884527641	0.01523094626605917	0.03572895453901259	0.2729143209024536	0.15607061302483471	0.3300908891856546	3.445049140765599E-6
0.06347169101405803	0.01937731007591327	0.016035693668175227	0.09277048892484176	0.013620729848643556	0.03581666765632868	0.2725017009480953	0.15606857129121016	0.3303339645520332	3.1820207008897983E-6
0.06481297985124468	0.018384652092168843	0.015106383746570223	0.09401121413095254	0.013350952510475078	0.035855602421914365	0.272277481216419	0.1559627217387489	0.3302347244969116	3.2877945947834553E-6
0.06508103690756267	0.01902954995523022	0.01561353000803252	0.09388098995772774	0.01325850875509936	0.0355622060713109	0.27207338729208974	0.15593219497337854	0.3295661090826882	2.486996880129988E-6
0.06491405939389373	0.018974652818435994	0.015670530067342425	0.09393379975422454	0.013419158975930046	0.03526626389771438	0.2717646670672018	0.1566055824342643	0.3294476076450236	3.677945969116081E-6
0.06482536801386427	0.01887733875371217	0.015575598070913688	0.09374458676954076	0.013526497045476621	0.034896746517142405	0.2720845026859533	0.15658219657073422	0.3298847651750053	2.4003976572956054E-6
0.06465508980048242	0.01858739879078959	0.016577798980294073	0.09212384028513088	0.013185138191953771	0.03374763055524131	0.2720081544465764	0.1577906656506265	0.33132226258814323	2.0207107618575026E-6
0.0645391468186409	0.019111895086889596	0.01622362980519558	0.09182512705536877	0.01316965889969908	0.033819687160381445	0.2722418658859598	0.15781229095057336	0.3312540916522086	2.606685082909288E-6
0.06437132685316456	0.01844495536312686	0.01575746480954318	0.09203321561572812	0.013362530260820613	0.03399737843127093	0.2725756711320387	0.15769521836531553	0.3317605090101978	1.7301587937473828E-6
0.06482811862137684	0.01808589369972627	0.0158554464080026	0.09245138062255126	0.013233310354277064	0.03365364132125137	0.27339603554692254	0.15757518856030833	0.330917990283031	2.9945825527205594E-6
0.06545494271490226	0.019700357928885387	0.014752372022715912	0.0935898158075138	0.013574915941839197	0.03198913086570347	0.27362543809656126	0.15781002852991038	0.32950001433949533	2.9837524729847686E-6
0.06389954505485196	0.01933860408129434	0.016360296851584466	0.09468099278331076	0.013178638115270494	0.03193204044134243	0.2738871252566161	0.1566620915305061	0.3300587157290826	1.950156140712034E-6
0.06425853869492996	0.019208431462139283	0.0166005304264477	0.0942396041097541	0.013445249498956938	0.03289092321082494	0.27315324193902113	0.1561196681888357	0.33008000911510416	3.8033539860593546E-6
0.06467526624134641	0.019217316108633226	0.016705277912421657	0.09451483204686746	0.013423167039375544	0.03266198563532323	0.2727384429315977	0.1558754758447568	0.33018578641713126	2.4498225467128876E-6
0.06475596166831649	0.018675563683038382	0.015618151175673264	0.09464982184737704	0.014111885727176227	0.03246513000797159	0.27274805254708284	0.15640625390872415	0.3305661779972812	3.001437358887693E-6
0.06408184212298201	0.018685053315432604	0.01611620419866533	0.09498938221182189	0.013825248485074604	0.031830923343321715	0.2730984133397346	0.15678089784182186	0.33058998038755993	2.0547535853482346E-6
0.06335359880484362	0.018757046095379495	0.016228694508353306	0.09535299891142876	0.01370339334346947	0.03207115980000316	0.2734485527173764	0.15637440214590562	0.3307064105327423	3.743140497891595E-6
0.06302077913899445	0.01794968760110424	0.016303859182090735	0.09538659163265212	0.015631152615264127	0.030911563969010514	0.2727098057023531	0.1579664184386054	0.3301166808899223	3.4608300030630756E-6
0.06263396312937619	0.018063458840655286	0.016417711984493807	0.09432803081429114	0.01779262713060016	0.03081910642823231	0.27249386298774003	0.15763942617083984	0.32980924737388456	2.565139886612222E-6
0.06455697996056976	0.020017981155596595	0.014415497144827302	0.09515605617942911	0.016898125532568378	0.030712954074509843	0.27181614000381604	0.15732426096379687	0.3290983384282719	3.6665566142679573E-6
0.06449851679162735	0.019773914880539298	0.014192977218048297	0.09517700781430363	0.017456333235740876	0.030764983221698017	0.27158732580769684	0.15731998379317932	0.32922494107969097	4.0161574754032925E-6
0.06364927548551659	0.01966869151894915	0.014800216443605407	0.09495733848754397	0.017455718762944245	0.02971680546899759	0.2714540129866081	0.15828445804643107	0.33000931331249067	4.169486913202514E-6
0.06705537992126508	0.020970229933519408	0.014711201066724147	0.0942331144822991	0.016122247625650482	0.030801028877879458	0.2704105276745729	0.1565747848802601	0.32911798798397424	3.4975538550502394E-6
0.06796001666975413	0.02221277420190887	0.015032926490696874	0.09357985068920122	0.014400688826476063	0.03100249610284958	0.2707583407188491	0.15498103452085815	0.3300680497257065	3.822053699503725E-6
0.06975482028498149	0.021585080580117585	0.015005712680109667	0.09372881327144139	0.015421379694726498	0.029040416682331455	0.27031655599778964	0.15588403187686867	0.32926121047970375	1.9784519298543524E-6
0.06923465311203679	0.02180474913272104	0.015943438193106424	0.0933066432360557	0.015546868696550309	0.029458542570747953	0.2704065048449177	0.15542999173020952	0.3288648495311166	3.758952537930016E-6
0.06954307348688628	0.022046981544460886	0.015546203876980663	0.09276586032796102	0.01610010574819945	0.02974864360611708	0.2704166733269945	0.1549428695579257	0.3288866979051784	2.8906192960503896E-6
0.07003454624253108	0.020114848219394146	0.016105703219140913	0.09307005634084295	0.017922002284148655	0.0290676232700776	0.2717511113577865	0.15456496958534235	0.32736569342127086	3.4460594648816345E-6
0.06986625051641161	0.01970249641028926	0.01631832179445125	0.09311834481681396	0.01750194557526301	0.029279718302955116	0.272593674972056	0.15423295660210418	0.32738392789859877	2.363111056821743E-6
0.0696320945793403	0.019795247687821052	0.016928337443811795	0.09293261943290552	0.01724754233571192	0.029334856622867667	0.2717962767753041	0.1546377773383402	0.3276917820781326	3.465705764815752E-6
0.06954828334043331	0.020161773303575686	0.017234914747252666	0.09274322873338786	0.017480928463205092	0.029263786706352796	0.27192221186698895	0.1541444574355667	0.32749839579691997	2.0196063170163647E-6
0.06928600063239887	0.021694686028952193	0.018335709412056006	0.09424619091731315	0.019100535805067903	0.029581430565582878	0.2648406222024678	0.1567946897419136	0.3261175026862839	2.6320079636460436E-6
0.06998675049940409	0.02342447733885268	0.01923917198724874	0.09335882103848638	0.017240101034017838	0.029336312947977505	0.2645201133572747	0.15692272981342803	0.3259694417168234	2.0802664865426923E-6
0.07031304589136861	0.02401045700305611	0.01898206204581611	0.09302205325011433	0.017153037050590625	0.02905075683755759	0.2646022989079334	0.15681525060308582	0.3260469961887886	4.042221688746461E-6
0.07016637484184188	0.024275818304230243	0.01954469612880752	0.09240642555649647	0.016653632863686554	0.029580214853864806	0.26418150485404973	0.15687930059188201	0.32630907522321834	2.9567819223863534E-6
0.07382099641813113	0.0280861729024343	0.017087295862377755	0.09236024878823294	0.015124824373487708	0.03444975212668727	0.2644918134793257	0.15137844637721382	0.32319621411005717	4.235562052132269E-6
0.07425088233951908	0.028218312551955393	0.01692378949416666	0.09306387683934192	0.014656276926301406	0.03380374694984019	0.2645668720468561	0.15201649632535208	0.3224968847432503	2.8617834168659373E-6
0.07449729364569324	0.028362767425394605	0.017138510035058882	0.09280881043629852	0.01480792433349254	0.03347981993629952	0.2644592420763729	0.15171977392445957	0.32272165753044657	4.2006564836410965E-6
0.07471608610441219	0.02776020274478362	0.01711380434028771	0.09355242092581476	0.013913727764554712	0.034163429515125146	0.264549871235076	0.15117874806239429	0.32304823329167925	3.4760158723751156E-6
0.0745452225127391	0.027249484044109443	0.016634471523245153	0.09363947908305917	0.0140568824187257	0.03405721570402506	0.2653654641377468	0.15116031590146065	0.3232874441439667	4.0205309221469365E-6
0.07480813972764165	0.02745095606315022	0.016563303082035435	0.09355189005328651	0.01427728345778638	0.034091028927150546	0.26494606215646477	0.15052987040079702	0.32377753593443814	3.930197249299439E-6
0.07522918793374443	0.027314621398810898	0.016057326543613304	0.09355958529620331	0.01459018931560807	0.03438789690665256	0.26542467366509553	0.15081621564923428	0.32261688984452236	3.4134465152213522E-6
0.07512960228854107	0.027031162075857623	0.015830887166966096	0.09420175944920259	0.01419419457607081	0.034357801981979894	0.2652055837051463	0.15133537513094508	0.32271009866330436	3.5349619861430037E-6
0.07312468629644084	0.026781566624649034	0.01879272700580696	0.09242774107605933	0.014975155545497693	0.03343308522489391	0.26339407129106596	0.15156789683243485	0.3255010799946731	1.990108478316932E-6
0.07651942548775421	0.02377182895157734	0.016003206723552113	0.09287463463962027	0.014088630726294599	0.03202026943140067	0.26185859892939023	0.15591075053503878	0.326949828073255	2.826502116692886E-6
0.07679446222751182	0.023890905990894842	0.01592398734012125	0.09257262302854295	0.014032115030137779	0.032189571550195625	0.26178188847276734	0.15572491942888914	0.3270860533517574	3.473579181775821E-6
0.07616211915085133	0.02360976172507684	0.016202747523575825	0.09177878427934219	0.013116194175966683	0.032681974654464485	0.26268008561691875	0.15666807610100053	0.3270979551309589	2.3016418443377873E-6
0.07637885717133597	0.022696724999564585	0.016353302020730417	0.09279639575013439	0.013715689466572104	0.032326763991432514	0.2628089190012831	0.1566805540914996	0.3262388836937122	3.90981373511734E-6
0.07674237325786443	0.021514087731269033	0.01624126089217151	0.09273428463926342	0.014415312968429711	0.03151458839074632	0.2623357892035867	0.15854427507128332	0.3259561798924457	1.847952939851294E-6
0.07595388906792709	0.018978047720299346	0.018253682371702135	0.0948454179806137	0.01478832528541918	0.03147745326201257	0.2618619395466949	0.15703096981890152	0.32680667696899934	3.5979774301725387E-6
0.07359921404274779	0.019158646008428523	0.022415032229656143	0.0962485871365647	0.014388364313775034	0.03517291180085262	0.25651895814340625	0.15574044742344	0.3267543071977553	3.5317033735965397E-6
0.07357397215311196	0.01880000431443221	0.021191297431908285	0.0990943790918136	0.01465363329534991	0.034173508002176445	0.2561431651792638	0.15657013165960784	0.32579683113937863	3.0777329573100642E-6
0.07730435658002151	0.018540340865469837	0.022376635738238157	0.09825445087832141	0.017316157376404892	0.03237579113860152	0.25184047189522496	0.15629511462534976	0.3256932139302714	3.4669720965496698E-6
0.07772793877979975	0.018327290724040213	0.02209716194717823	0.09837452258174553	0.01743631144031202	0.0323523797032747	0.25176210432567864	0.15605035541416962	0.32587019553082613	1.7395529750274807E-6
0.07817576096254518	0.018280599006072817	0.022508841039797	0.09849864793594554	0.016797793030228464	0.03152742424378689	0.25171839559076187	0.15640907163870768	0.3260811115822142	2.3549699403740965E-6
0.08078249255673589	0.015471719044165957	0.024234942846499033	0.10262865696127273	0.019538030678859827	0.02916471009598566	0.24903441079295563	0.15675891871129122	0.3223819515769239	4.166735310034975E-6
0.08097132488630482	0.01553534967473845	0.02418683464115666	0.10207679957112495	0.0191115980585347	0.029883668561643595	0.2488079681394591	0.1567441054885609	0.3226795707583673	2.7802201095356027E-6
0.08101429799639367	0.015001532078438864	0.02395506875084792	0.10213962926365396	0.019170168823230263	0.02979249980509284	0.2487879214663684	0.15673229438116648	0.3234029872705222	3.600164285383345E-6
0.08061740336261042	0.015018685122755795	0.024002256219292542	0.10229045360567551	0.019041438859088752	0.029847906587375364	0.2486755994971137	0.15680110044013268	0.3237033737531437	1.7825528115522626E-6
0.08008199236016655	0.015212566241502523	0.023738463484034633	0.10219672643902465	0.019342341048559086	0.03022014035514134	0.24832017875362572	0.15715852136072617	0.32372723532564124	1.8346315781153644E-6
0.07981705644614596	0.015426478239095001	0.024218983826549675	0.10277508810682666	0.01928472556444867	0.030208715037622347	0.2481966538835762	0.15632549205607166	0.32374428341072964	2.523428934128602E-6
0.07936791806876442	0.015019221085595683	0.02415053572360948	0.1030972621487898	0.01839288409851976	0.03069425951566529	0.24942522988444055	0.15636828376268475	0.3234812685569712	3.1371549590458736E-6
0.07957926280770419	0.015339805537507523	0.023940096501616603	0.10325261258060561	0.017995159112778478	0.030310447061305326	0.2499080606514662	0.1564452421469227	0.32322735416811255	1.959431980821935E-6
0.07866636861175148	0.015205163333071967	0.025334092740827513	0.1039682302527164	0.01714192297231462	0.030649176093088953	0.25028205091962064	0.15561233680109027	0.32313672108983266	3.937185685448652E-6
0.07849330698947618	0.015184971585603418	0.02484153028528832	0.10463675157634822	0.017515317709946784	0.03050202567139397	0.24986540152808379	0.15542312997027752	0.3235340910546294	3.473628952421759E-6
0.07812973332218386	0.015431429070959457	0.024680177743445858	0.10478141760185002	0.01767874288864983	0.03072407689350136	0.25016895396145056	0.15525055308264227	0.3231512390223596	3.676412957120956E-6
0.0784121602139854	0.01995452626864637	0.019057933806673963	0.10117774165998902	0.021658388987470648	0.030374717151516434	0.25295217204722165	0.1534948534697546	0.3229153177198378	2.1886749041050146E-6
0.0790738104488282	0.019724097689868103	0.019617621062315266	0.10116812747511525	0.021496208159657845	0.03011531182552135	0.25258327053805046	0.15344988748957786	0.32276844547037875	3.21984068682446E-6
0.07923788315473224	0.01999292932250729	0.019643680640167444	0.10117723884632049	0.0206353890100351	0.029932703187977014	0.2522573228913484	0.15386603036962523	0.3232535376816678	3.284895618946293E-6
0.07927133096262108	0.019058786518924314	0.019741875198502193	0.10079536772596726	0.020938702223697786	0.029723668841904194	0.2529385893590772	0.15459885480123153	0.32293088354687033	1.9408212040133987E-6
0.07869501462684331	0.024576581966883185	0.015485675329374712	0.09465068384358448	0.019655481012446685	0.03340616967852947	0.24962711417889727	0.15288183332788302	0.33101933308818454	2.1129473733449977E-6
0.07971533525343856	0.023492034871833795	0.014941945833278347	0.09606712643838687	0.020805556640326905	0.03306425152887246	0.24821990757803253	0.15238805813560163	0.33130294325520426	2.840465024619987E-6
0.0798377968936535	0.023701935835300322	0.014492923408574818	0.09515698269911957	0.020862013827562212	0.03289150906483733	0.24815455837841988	0.1531970119135596	0.33170228815361497	2.9798253577545397E-6
0.08012385060725448	0.02354669906105157	0.015438706478962547	0.09501143344562113	0.02054432100698686	0.03314422109279164	0.24770632711069357	0.15366727821377296	0.3308150019052451	2.1610776200359227E-6
0.07817471432176126	0.025167992450306598	0.014566994499261687	0.09317472628131658	0.021256865026968996	0.03408642931910752	0.24811992194656707	0.15389325051314753	0.33155599698745636	3.108654106326325E-6
0.07757619928859685	0.025381225199759425	0.014649377339586808	0.09246534938339274	0.021221694067659128	0.03451830877596489	0.24870379309536866	0.1551543410240576	0.3303272290601908	2.482765423042488E-6
0.08185889970516652	0.020849638002363807	0.01627819408694503	0.09597954844475974	0.02055454878511684	0.04169201042047491	0.24594262939670325	0.14635283414730393	0.3304895636853646	2.1333258013456202E-6
0.08188255952485538	0.019932329175240515	0.016068901040614425	0.09595718520900437	0.02075498161975463	0.04185526261705213	0.24601270098655387	0.1459878563650444	0.3315463146039754	1.908857904867056E-6
0.08281466905594274	0.019739050736915384	0.01718818871873412	0.09455510801647322	0.02020447833990384	0.04183056808824106	0.24696862306863526	0.1462581046616891	0.3304380538882485	3.155425216685992E-6
0.0815464133177529	0.020608383183164422	0.018059086504782634	0.09431700563372528	0.02052780257515241	0.0417427695583427	0.24702029182991253	0.14573742600146972	0.33043857310268754	2.248293009793345E-6
0.08703976793806661	0.016774059897834037	0.019621800017822988	0.09396883144735207	0.021618873208590572	0.04602862536967234	0.24198846125455536	0.1490467796305891	0.3239087257287297	4.075506787243333E-6
0.08742128060024554	0.016992220721312498	0.019579495922111972	0.09366149950796102	0.021795120347311486	0.04565960551518127	0.24175157586139429	0.14921602765214523	0.3239195905603041	3.583312032567898E-6
0.08754905630982805	0.018051537320750224	0.020464920364126435	0.09200805503193239	0.021548789633939622	0.048177544281147816	0.24109466505155658	0.14997032635543414	0.3211328249081052	2.2807431794835686E-6
0.08709272508098719	0.01739942652300909	0.02029815519662366	0.0924902234602858	0.02144233562761934	0.04853125104292028	0.24082977806267908	0.15077451825720395	0.3211386552284527	2.931520218837913E-6
0.0874119134406933	0.01664628600664239	0.020484790356475324	0.09342483620931614	0.021943749890356065	0.04818436123642003	0.2407527661033373	0.15029403724975848	0.3208534229107852	3.836596215611721E-6
0.08820966714896677	0.016118763732086552	0.02052549750299444	0.09370618567390182	0.02209846982080764	0.04820352340204005	0.24058562325521826	0.1498080109196806	0.320741462213039	2.796331264834362E-6
0.08833652457503331	0.01574535630784299	0.020603430694218133	0.09408594004494168	0.021966210662502178	0.04871311353200521	0.24055875486996886	0.14930629453301558	0.3206824328788167	1.941901655325151E-6
0.08806300197763635	0.015293488272505443	0.02006217341698209	0.0949117492051518	0.021970123446953163	0.04815826320501765	0.24076724406812555	0.1500000708294702	0.3207708148301058	3.0707480519892583E-6
0.08821812037804763	0.015263275788555977	0.0204422555293325	0.09415918460675278	0.021799464286616416	0.04815224963162483	0.24117097229141365	0.14972085030170582	0.321070885527891	2.7416580593714324E-6
0.08852878639791639	0.016040290702534682	0.019994976818382845	0.09409882436792856	0.021848440161891802	0.047480661256668895	0.24046235688982803	0.15012281203569047	0.32141904494679735	3.8064223610023706E-6
0.08771118863424772	0.01605686673994422	0.019904549887249642	0.09487511951222659	0.021835047001675836	0.04757806995352775	0.23907173209814842	0.15081923945212086	0.3221448082373654	3.378483493562956E-6
0.08935810497108908	0.016766386647514828	0.01843008298193409	0.0953343663335935	0.020853184903467437	0.0464971541778103	0.23878275078151778	0.1492649343031638	0.3247103169329099	2.7179669992299926E-6
0.08672328536934173	0.015321407568291617	0.01755187223412638	0.09800961358871527	0.021333725692694205	0.04992349456931334	0.23828521783571321	0.15070606379200513	0.3221411109945335	4.208355265614139E-6
0.08727126412586077	0.015158434932151466	0.01903769430562685	0.09764326347636022	0.019054130080090964	0.05009112630422978	0.23801664700420305	0.1498696023581006	0.32385508609430846	2.7513190678091215E-6
0.08841028229548249	0.016045735384381962	0.01865786232895049	0.09654838157640933	0.0186500977301728	0.0513813511481851	0.23734218019105574	0.14945710460872427	0.3235029173549269	4.087381710871085E-6
0.08806095668126639	0.016013517136421157	0.019056644641661222	0.09542219074548354	0.018337504906556598	0.05129475230730223	0.23806848941122938	0.14959697438063374	0.32414498502442984	3.98476501593803E-6
0.08855246209459378	0.016917347870885308	0.01828694418956983	0.09507843187963777	0.01691693574767633	0.05219629928045882	0.2397599445063323	0.15019609976780943	0.32209300042362976	2.534239406534744E-6
0.08885779804606873	0.017064643378242178	0.017880944597025994	0.09473437154814063	0.01721851411925676	0.051813322345959874	0.23967984095825612	0.1505641817749688	0.3221837771473125	2.6060847684306054E-6
0.08875529606638674	0.016877985287025818	0.01858067427651329	0.09566761212081204	0.016240767475192208	0.051763074542754486	0.23916104698855	0.15088556706912387	0.322065210506691	2.7656669504688702E-6
0.09077071899689544	0.01740613555080614	0.02561054578789758	0.09193713081824473	0.016254510264067698	0.0475860968565744	0.2454642682373569	0.14350118058878147	0.3214666660115136	2.746887861990177E-6
0.0930670087086366	0.02119243364126526	0.02348473142429093	0.09178403033944144	0.018160549816688062	0.04552000255941042	0.2458869797135257	0.14016249964689043	0.3207384202209403	3.3439289107151104E-6
0.09287052972122378	0.02144018281878092	0.023736286939535084	0.09189280077252253	0.017585415707916136	0.045061468077075256	0.2460824239533838	0.14077988782627748	0.32054835984400476	2.64433928019725E-6
0.09318067887549547	0.021359045230954207	0.02329951882833846	0.09200130597454373	0.01781779506311866	0.04529431845081849	0.24616271946434742	0.1406125135382838	0.3202683233109886	3.7812631111522332E-6
0.09275588519925478	0.021866448568998664	0.023534829707343066	0.09319426643969732	0.01720179355949779	0.044906760611882764	0.2472969128767848	0.1412292303939565	0.3180100692524821	3.803390102183335E-6
0.09381537626040914	0.020748604658662198	0.02327067736581799	0.09511486196485643	0.01735794067329044	0.044639703165642156	0.24585754639339885	0.14227360461518462	0.31691900199906187	2.68290367620716E-6
0.09452437577458278	0.019826127104543956	0.023245179451054157	0.09443566659787386	0.017516182344400694	0.04515315754588141	0.24564071696851442	0.14220675247027703	0.3174488831811139	2.958561757790412E-6
0.09281111903972354	0.01832943630717461	0.02237503436342013	0.09496488643908983	0.015359414153539405	0.045954671417049404	0.24861366095815624	0.14612978995630993	0.31545798374583295	4.003619703998873E-6
0.09985868601988312	0.0182469729289398	0.019183128721391635	0.09701777306140705	0.01992270288614295	0.04274049385648127	0.2489727465723513	0.14279749615950338	0.3112557445123202	4.255281579226833E-6
0.10101476152790165	0.017883684791254642	0.01935115463199369	0.09598164162408711	0.020732393200380936	0.04274785583454474	0.2487550579613313	0.1428958617160359	0.31063427343531735	3.3152771525685187E-6
0.09826212921600774	0.01682344839301217	0.01672128675241294	0.09571447815431633	0.021420489839792	0.051376620725457005	0.24387620144794414	0.14227359589287458	0.3135274989574398	4.250620743218025E-6
0.09989460336020785	0.01612398915854027	0.01717066048623074	0.09536713901938006	0.020813835011028875	0.05079462412210836	0.24507414886433576	0.14206577932159503	0.3126915528066862	3.667849886909713E-6
0.10034446045933172	0.017176098858351696	0.017172092403711675	0.09516357070841301	0.02016267815825165	0.0514420615505049	0.24320223338683922	0.14303956267860934	0.31229382092195074	3.4208740359586987E-6
0.10131195620510608	0.018017970513115905	0.0163929747680345	0.09516722246685605	0.019991457223438952	0.05277762237958625	0.243154740095763	0.14290156549732907	0.31028202834096824	2.462509801862134E-6
0.10360338653337547	0.01539075666170818	0.017270299566853844	0.0965942977093121	0.016841910097627602	0.05127827703380698	0.24375600329461006	0.1420294593658175	0.31323298329472704	2.6264421611049693E-6
0.10452390265695183	0.015156455315336131	0.01746168899826296	0.09678256559097505	0.01750662422934579	0.05155314997208831	0.2432598550503821	0.14139797309078497	0.3123538672808895	3.917814983267487E-6
0.10391009507065604	0.016563012395326898	0.020726148643362863	0.09304869384236708	0.019027278621422256	0.04907357708383072	0.2428078032708259	0.1434826202391264	0.31135895216625337	1.8186668283987073E-6
0.1030522531481486	0.015163386747157878	0.018099989370202366	0.09451384554781936	0.018629012654293176	0.049968293527648866	0.24490509411772754	0.1432678576148398	0.31239764612467164	2.6211474907777976E-6
0.10325904658244181	0.015507188395430152	0.01723971735347353	0.09490706724180188	0.02053056778574694	0.04842532837383033	0.24485432136204766	0.14379901384823213	0.311473587206534	4.161850461509298E-6
0.10201847498476783	0.017889806511909703	0.017285553790214528	0.09744462334666952	0.02135531288022914	0.04760408247104829	0.2436727693077168	0.14186323448572774	0.3108618853784609	4.256843255598386E-6
0.10096321225986665	0.017768283679496094	0.016886473335195537	0.09754707405760817	0.021411983801798207	0.04773225238520354	0.24416796514262995	0.1425407361992566	0.3109789765717602	3.0425671851130875E-6
0.10144864413816748	0.018477429637375378	0.016122300195542838	0.09824588531371779	0.021346330361434906	0.046714672816536996	0.24425342464370758	0.1422334019608826	0.31115601738404475	1.893548589676497E-6
0.10308847124240166	0.01833341949249824	0.02046099819666629	0.09683311018453637	0.02113512131556354	0.04555068455502829	0.2387558740559243	0.1349021924648061	0.3209376391253198	2.4893672553039092E-6
0.10385696725373234	0.01729056223463178	0.01909474250195542	0.1006132433740582	0.019296836093314576	0.044400131082434124	0.24054644751089305	0.1344898610418756	0.3204073691713895	3.8397357153413525E-6
0.10520276235305033	0.016783688424818102	0.020001908230628182	0.10149422898379493	0.018239616626354857	0.04446858888877937	0.2401107239393625	0.13504958455274851	0.3186464383835786	2.459616884567528E-6
0.10479245239421138	0.016823790293750612	0.019723885258366824	0.10188297514106612	0.018318099111192213	0.04488319701192073	0.23962180058882526	0.13501875952895864	0.31893183912798934	3.2015437187726814E-6
0.10425953960523474	0.016915502355235118	0.02136412254430392	0.1015030806116802	0.016350987724321753	0.04606075584613047	0.2392823944445247	0.13441346296690673	0.3198463929539224	3.760947739919751E-6
0.10429997554995482	0.01698542151328948	0.021662407985736695	0.10085982242378125	0.016648020603464278	0.045925185307803235	0.23952705248121792	0.13402101099348712	0.3200682924364128	2.810704852404533E-6
0.10171426355044383	0.019063388328815226	0.021801006821827715	0.09219433082710567	0.01562817452841582	0.049174613138601164	0.24061835370260742	0.1351987777472562	0.3246031094582393	3.981896687627051E-6
0.10268503763963925	0.01929717904498296	0.021394305805878602	0.09189606928724557	0.01607458455157751	0.04819109804307427	0.24092579534338748	0.13512430624031535	0.3244080018304404	3.622213458634449E-6
0.1023074753108438	0.02006036632098121	0.02115269781135655	0.09244747467782004	0.015600676640940447	0.05000992885587174	0.24156068363101202	0.13362735416038923	0.3232297300179898	3.612572795033686E-6
0.1042634246159411	0.01934814449412342	0.019181454357249744	0.09569824647288579	0.01631438760642137	0.049377070389	0.23952444543136675	0.1351994262571549	0.32109082285740226	2.5775184545745455E-6
0.10402853417230364	0.018669144582557987	0.02229161282177909	0.09252266546484687	0.017280259196943995	0.05052506894277295	0.24189086740473303	0.13413506085057744	0.3186538275523292	2.9590111557953325E-6
0.10471625258275305	0.018221277865833996	0.022402713434308663	0.09281261424010463	0.017661505631950777	0.05019662389029522	0.24084741393716969	0.1344142512515082	0.31872367388469985	3.673281375862758E-6
0.10402990933765757	0.017326405461704622	0.022883608006200012	0.09426494810214799	0.017712990699542533	0.0505100913882674	0.24014218029074824	0.13401690986822856	0.3191110174688538	1.9393766492320497E-6
0.10404602806404742	0.0173285173306629	0.022955103167277918	0.09533184461684782	0.01709937027751962	0.050773461641272145	0.24041395568722662	0.13345663725142493	0.31859244214513094	2.639818589597609E-6
0.10403182136978562	0.017805643240359242	0.021524117091701392	0.09556895186304402	0.016781160193634306	0.05052970100584425	0.24081299982814175	0.13397176627877638	0.31897015678648094	3.6823422320947374E-6
0.10582675936280911	0.017222163963577244	0.01766476958378632	0.09559909405671992	0.016691100718736265	0.05170584413285609	0.24131699682329744	0.13354372385340602	0.32042693105541853	2.6164493929503596E-6
0.10548347629108801	0.01651978979191103	0.018420891375830598	0.09703043687029642	0.017764562270636844	0.05176064663771	0.2395307806616725	0.13340492100228465	0.32008051271077176	3.982387798126541E-6
0.10475241903916227	0.018258968629434644	0.018237295358973185	0.0968695130931794	0.017891127369915258	0.05134604190434377	0.23966960184156122	0.13309643022379442	0.3198745431830929	4.059356542907011E-6
0.10476819720319082	0.018063770724705885	0.018166805969526162	0.09660607040174088	0.018121299464474425	0.05143828301105799	0.2397164318613474	0.13339088497582144	0.3197248059361817	3.450451953324052E-6
0.10297756530278543	0.016722020684401553	0.018681002064758187	0.0963662793574515	0.01886226996278638	0.050640121702581344	0.23967543885435322	0.13393348476022748	0.3221387750015863	3.042309068543303E-6
0.1000194387489774	0.01752972852557494	0.014871900667699917	0.10143977436840874	0.022104452424274265	0.04880467112558086	0.24138423038901086	0.13806096092102652	0.31578102727203977	3.81555740676387E-6
0.10009027155724343	0.017345388597619138	0.01534186231214471	0.10136103897890265	0.02215627248646368	0.048850973553129874	0.24117735584046895	0.13824258604403472	0.31543107757777167	3.173052221083772E-6
0.10317489751119353	0.016896820806280827	0.014252605786822012	0.09379996043453115	0.018518184195730883	0.0468143062234143	0.2438233602515676	0.14005489532544693	0.3226631237241423	1.8457408704486422E-6
0.10319199653700442	0.0169409364487373	0.01341410625882758	0.09433599764619524	0.01791092485945786	0.04681496914980416	0.24385362379547704	0.13994765692373776	0.32358607113817295	3.717242585563052E-6
0.10382112587352132	0.01653487395018252	0.01434661098462127	0.09451226856548656	0.01754882929148098	0.046748597846259635	0.2442219122266191	0.13897963824630843	0.3232832016309163	2.9413846038550684E-6
0.10338414995134201	0.01733558922977496	0.014286671943481835	0.09481172572439886	0.017026924743066302	0.046683006586951625	0.24346987129553094	0.13917651434155445	0.3238231104199183	2.4357639806377174E-6
0.10340066890740092	0.019190438535050536	0.017171084797709943	0.09433885759631405	0.01576758604413872	0.04500897787994175	0.24439472030953013	0.1368076133396775	0.3239173876515748	2.6649386615507087E-6
0.10146633106261287	0.019126515348158582	0.01447702215289036	0.09381827050658294	0.01580710740384124	0.04759168363161902	0.24451073796822326	0.13898826146107857	0.3242101898602392	3.880604753869754E-6
0.09972084567406589	0.018025082891115943	0.014300786000770768	0.0952022337773643	0.014386283995421453	0.048727335631513206	0.2458133983954106	0.13973271834615725	0.3240882569964092	3.0582917713156688E-6
0.10021164687128917	0.018192056564459783	0.014274664379494859	0.09501151931358284	0.014095916012663759	0.048709284161118194	0.24582178299395135	0.1400611355722828	0.323619243360017	2.7507711401891788E-6
