0.24259878290160147	0.20645359827190712	0.10060517379902001	0.27705410996827307	0.17328833505919808
0.24261494154214208	0.20614810371726003	0.10072326261400846	0.2772516431942337	0.17326204893235553
0.24233881033380578	0.2061777967369732	0.10102929534095631	0.27718017671457007	0.17327392087369434
0.24256794582664482	0.20628948033273808	0.10073411895694644	0.2772590469388473	0.17314940794482317
0.2425479613988479	0.20614309693102148	0.1010197438189865	0.2771711233875654	0.17311807446357846
0.24234924337483418	0.20638744206884296	0.10078133864289389	0.2772251227641864	0.1732568531492423
0.24250577976469212	0.20649992539340395	0.10058241707796316	0.27730609514852034	0.1731057826154202
0.24256745425908616	0.20606536868116873	0.10090764868848284	0.2771503331537428	0.17330919521751922
0.24251625538205174	0.206690020722013	0.10052955515499838	0.27705519692761965	0.173208971813317
0.24262648924793218	0.2065029543830028	0.10064854266208043	0.2769534581988702	0.1732685555081141
0.24262012351982298	0.20646116396599673	0.10059169271997735	0.2771147626385851	0.1732122571556176
0.24258053945833627	0.20613493567908706	0.10069055400544802	0.27731467813874433	0.17327929271838405
0.24248358351379662	0.20630884811621897	0.10098774198611168	0.2769728464934762	0.17324697989039628
0.24238556386124094	0.2061341629297163	0.10101957520927377	0.2772668516735976	0.17319384632617113
0.2425861001906593	0.2060595389597094	0.10096585065590193	0.2771524149600145	0.17323609523371455
0.24244820827821856	0.20650199052819712	0.10083736522907644	0.2770175239225353	0.17319491204197235
0.24248546674528246	0.20648325193705308	0.1006009960868965	0.2772618674969231	0.1731684177338446
0.24252165337103931	0.20659721956543012	0.10060462126128258	0.2770318427616578	0.17324466304058994
0.24241680653999909	0.20628701660658502	0.10079391024506394	0.2772391899665726	0.17326307664177915
0.2423540839494102	0.20648539326147816	0.1008678393709213	0.277127445559994	0.1731652378581961
0.2424622049262612	0.20607121413648272	0.10105809953778593	0.27712327283353	0.17328520856593993
0.24247896248954334	0.20634609620587907	0.10076800568511435	0.2772226469005653	0.17318428871889768
0.24249265480238574	0.2066080662785042	0.10069546200569528	0.2770545625808544	0.17314925433256012
0.24257098705755664	0.20649799899339355	0.10081399576386568	0.27697930299114076	0.1731377151940431
0.24261521214705145	0.20603467803988065	0.10098623007375643	0.2770810347027274	0.17328284503658384
0.2424501580310257	0.20666033094746475	0.10059853446711016	0.27715675378330107	0.17313422277109805
0.24244114703482994	0.20620006701565316	0.10103955549914348	0.2771568153893055	0.1731624150610677
0.24253808275144084	0.20664034534452505	0.10045103685008001	0.27715362480273165	0.1732169102512222
0.24256655187207246	0.20631725565533776	0.10087759165526711	0.2769612012080873	0.17327739960923513
0.24249800652582082	0.20616059676296983	0.1010227783948886	0.277108848271465	0.17320977004485558
0.2425959630024221	0.20623918478683984	0.1007844420858369	0.27709173836006745	0.17328867176483345
0.24241820145222143	0.2064462117510218	0.10082151903055285	0.2770076181779382	0.17330644958826552
0.24236588971315853	0.2066549176485396	0.10069219043476388	0.27713663996204185	0.17315036224149588
0.2424671315824034	0.20636734269327048	0.10071910746822697	0.2772549097720187	0.1731915084840802
0.24246365266688047	0.20641234520617946	0.10088152946394364	0.27705641033257955	0.17318606233041667
0.24243869371304066	0.20623848841580797	0.10102907578655514	0.2771396455699901	0.17315409651460584
0.24245976697105626	0.20626534926660214	0.10083767764706345	0.2773105018161327	0.17312670429914517
0.24234574892216157	0.20668870578985588	0.10048245742098602	0.2771774400319004	0.17330564783509586
0.24242683569794155	0.20638834531831132	0.10081793483275121	0.27727235872655637	0.1730945254244393
0.24242784587936567	0.2066917991632403	0.1004990081168408	0.27719439118479205	0.17318695565576092
0.24238635694877203	0.20667750319718786	0.10048627519929258	0.2772372189984854	0.1732126456562619
0.2426253940845754	0.2060713278238814	0.100714605007514	0.2772915854508664	0.17329708763316248
0.24259007351148884	0.20634666719590233	0.10047536465587886	0.27731484555345337	0.17327304908327634
0.24252748602199492	0.2065905638492794	0.10047301167241816	0.2771436745277968	0.17326526392851044
0.24250166623334762	0.20638451919876946	0.10085964495822261	0.27699464950695524	0.17325952010270482
0.2423604419062071	0.2067216518223675	0.10058329251280551	0.2771487029521017	0.17318591080651793
0.2423318004270236	0.2066175437928022	0.10068883325690176	0.2770506354153822	0.17331118710788998
0.242568635167971	0.2064523350946412	0.10046026787140701	0.27724076099099143	0.17327800087498912
0.24236707458165163	0.20640208084137115	0.10082494351702952	0.27712490006133483	0.17328100099861263
0.24263102340261988	0.20631509903458897	0.10069643539906362	0.27706277683487424	0.17329466532885307
0.24257151279216727	0.2063453747842295	0.1008010330407169	0.2770332681637174	0.17324881121916869
0.2425976242236979	0.20625206065707527	0.10077351379540365	0.2772060609142366	0.17317074040958633
0.24255087300921024	0.20626252377263274	0.10075163649166613	0.27725231481123597	0.17318265191525467
0.2425330932362137	0.20625950316000013	0.10090754420888043	0.2771387342912853	0.1731611251036202
0.24262734806139147	0.20621705903656454	0.10076760315619174	0.27728240042983826	0.17310558931601372
0.24253657382745122	0.20606072616048854	0.1009205103925649	0.27731190303647346	0.17317028658302164
0.2424792750412655	0.20603968580032025	0.10100560240658353	0.277187832667232	0.17328760408459845
0.24238137560328432	0.20633419852120807	0.10089242521223112	0.27712822839732315	0.1732637722659531
0.24237204207135613	0.2062227165729541	0.10099312823948844	0.2771615098621954	0.1732506032540057
0.24250866469889043	0.20631533804708171	0.10098130715196976	0.2770789847516335	0.1731157053504243
0.24239525586163693	0.20628210878344286	0.10074346984358502	0.27727788155872996	0.173301283952605
0.24253886116157242	0.20620561399418688	0.10092201116305503	0.27722971176522476	0.17310380191596064
0.24247948638759967	0.20642797454481526	0.10090759973399349	0.2769937246964207	0.17319121463717066
0.24242366481110653	0.20651309119196984	0.10074995122682547	0.277060260401647	0.17325303236845094
0.24254055356115733	0.2063596767327136	0.1009243263243194	0.27698193942979965	0.17319350395200975
0.24260181502426598	0.2065458945438021	0.10052530881042339	0.27710842448304007	0.17321855713846823
0.24256157611241025	0.20639036605252845	0.10090151599028771	0.2770517541432114	0.17309478770156192
0.24246593040055553	0.20647125945622327	0.10092081056527903	0.27702674141477257	0.1731152581631694
0.24249154615938973	0.20633571150716717	0.10091254414828181	0.27715380318235017	0.17310639500281083
0.2423426858026787	0.20669903065887202	0.10048263865677835	0.2772047431082564	0.1732709017734143
0.24261338490276152	0.2060385928462454	0.10105975695686882	0.2770301922643202	0.17325807302980387
0.24245548526474917	0.2061540175611246	0.10083013822368551	0.2772647047253057	0.17329565422513482
0.24237995738209578	0.2064251971780008	0.10071857635389515	0.27727445174847815	0.17320181733752987
0.2425170816837522	0.20652448681386423	0.1004621922528906	0.2772392807658627	0.17325695848363004
0.24259431953896093	0.20611704153342106	0.10105941611490799	0.27695494473780186	0.17327427807490792
0.24263546254581306	0.20671962045498837	0.10059636905169511	0.2769539708213169	0.1730945771261863
0.24255000259581452	0.20647300713068428	0.10077946508750253	0.27707370294157163	0.17312382224442674
0.24233041791639295	0.2065278770195596	0.10097689768491237	0.27700982426261256	0.17315498311652222
0.24245765416688367	0.20600854253097672	0.1010018479813088	0.2773126646957529	0.17321929062507765
0.24250088267854722	0.20646868439997648	0.10071509718244807	0.2770603596956293	0.17325497604339868
0.24232954357656383	0.2063549252987806	0.100938932170163	0.2771997263226149	0.17317687263187737
0.24240062805202087	0.20660517165890646	0.10076550272568294	0.27706762897628356	0.17316106858710595
0.24253353038482278	0.2059969991398435	0.10104845197515944	0.27730840903340387	0.17311260946677018
0.2425524677276037	0.20639759451082249	0.1005197559366184	0.2772508378088264	0.1732793440161288
0.24250151853494006	0.20602683060373086	0.10101128112865165	0.27728636633627257	0.17317400339640462
0.24262623932404512	0.20614131465557	0.10094925897269424	0.2771270393695431	0.17315614767814727
0.2423430898717706	0.2064022328149866	0.10086127714356888	0.2771228647707821	0.1732705353988916
0.24256027112687825	0.20640700196789707	0.10084220548547769	0.27697541200867865	0.1732151094110681
0.24244454982965036	0.2063620006360275	0.10087413164472335	0.2771654284661311	0.17315388942346746
0.24242894394336734	0.20635157429779175	0.10084441147725393	0.2771092076628232	0.17326586261876353
0.24243443369058248	0.2065732334151787	0.10058001867398382	0.277109793477599	0.17330252074265576
0.24251910148554398	0.206491934771733	0.10052606382715086	0.2773150883802308	0.1731478115353411
0.24256100652504126	0.20662196724404663	0.10072104049035448	0.2769828609069538	0.17311312483360364
0.24260998299381015	0.20616668632559634	0.1008969093106063	0.2770791540972066	0.1732472672727803
0.24240915774491648	0.20650575338827795	0.1008534568532207	0.27703687539254407	0.17319475662104056
0.2424856220746352	0.20618368046566182	0.10100511158689607	0.2771035249717585	0.17322206090104816
0.24256254578291186	0.20642462491583854	0.10073678428355028	0.27706156977564733	0.17321447524205175
0.24263080622488653	0.20643345197811694	0.10064727014251293	0.27714658934462305	0.17314188230986033
0.24248377131616844	0.20626235753437064	0.10085140506058257	0.2771493544848035	0.17325311160407464
0.24232846261689553	0.206345554618783	0.10104831238275015	0.2770287185583282	0.17324895182324282
0.24244304684878884	0.20658425680921558	0.10052170235545223	0.2772718062899928	0.17317918769655025
0.24244207440378296	0.20630573951921033	0.10098932868002373	0.27703257515956436	0.17323028223741838
0.24234384003048848	0.20642945126996465	0.10100833192001274	0.2770280925769432	0.1731902842025907
0.24239381451705566	0.20663459210420893	0.10052179795521007	0.27722941579651417	0.17322037962701095
0.24261505373676595	0.20660330403793317	0.10069180725972783	0.27694871476825567	0.17314112019731714
0.24241478354457113	0.20664632238512493	0.10058753449679762	0.2772339495075612	0.1731174100659449
0.24244361144784052	0.20627562795641632	0.10101788825149186	0.27712599853848596	0.17313687380576506
0.2423571604882807	0.20641341627703313	0.10092846575304966	0.2771818122116667	0.17311914526996952
0.2425095371559186	0.2066403148637024	0.10062165342280403	0.2769465412769173	0.17328195328065735
0.24259102901783022	0.20635414334531732	0.10055395655903719	0.27729001548626747	0.17321085559154753
0.24239644269664115	0.20624825703202354	0.10090485058784607	0.2772233168749621	0.17322713280852686
0.2424247439912881	0.20603866470560953	0.10103737783177333	0.27724638977664817	0.17325282369468065
0.24237964069546414	0.20656623253269926	0.1005938030935832	0.27729238475597484	0.17316793892227836
0.24262121889572086	0.20610104856651937	0.10088207263386012	0.27710675041388017	0.17328890949001924
0.2424290731083712	0.2065400364337282	0.10044853878922742	0.2773157483949327	0.17326660327374022
0.24260007732912353	0.20615457150136016	0.10106945490713537	0.2769761121523396	0.17319978411004108
0.24239948747421913	0.20647358457743623	0.10079527089145184	0.2771391289569181	0.17319252809997443
0.24235239293835953	0.20629821262594944	0.10075473500629784	0.2772914979970189	0.173303161432374
0.24242715893315267	0.20628460233388438	0.10088642746721001	0.2771246458608416	0.1732771654049111
0.24259888664208534	0.20653115877384806	0.10048564324263792	0.27716586789351905	0.17321844344790938
0.24241651604787023	0.20604227421328553	0.1009768326742819	0.2772956096633913	0.1732687674011708
0.2424327557203511	0.20630777230701108	0.10091830535336203	0.2770908091213594	0.1732503574979161
0.24247497655781136	0.20656103347893812	0.10050192970028282	0.27728247937358735	0.17317958088938007
0.24255241874385247	0.20640072097428594	0.10061387279123729	0.27721312163851647	0.17321986585210758
0.2425055272288242	0.20661912989280293	0.10047652096934914	0.27728755798207466	0.1731112639269488
0.24254072111418967	0.20602435822200377	0.10096968353440931	0.27719098678969645	0.17327425033970056
0.24239689036349177	0.20613455922616214	0.10092511488971846	0.2772986942918383	0.17324474122878902
0.2425921344558442	0.206230132033177	0.10094737195541592	0.27696253862309955	0.17326782293246312
0.242578970709273	0.20603719025864303	0.10088821063199904	0.277303375850262	0.17319225254982265
0.24239421283784068	0.20670280241087632	0.10056695223534572	0.2771575405568196	0.1731784919591174
0.24252053323857214	0.20619519304774775	0.1007978811406501	0.2773121329555272	0.17317425961750255
0.24250508215549127	0.2061293356030158	0.10101442187225079	0.2771811568804453	0.17317000348879658
0.24249198127456817	0.20618505343613155	0.1009136550813838	0.27728674079596205	0.1731225694119542
0.2424471680150429	0.20626289256136845	0.10075969823836471	0.2772618345693036	0.17326840661592013
0.2425500131392226	0.2063291768457136	0.10089717792400989	0.2771276555646777	0.17309597652637596
0.24236435226521708	0.20663199343863534	0.1006372443706483	0.2772733271821118	0.17309308274338728
0.24244407958998607	0.2063272924535766	0.1009810515969433	0.27710033458920735	0.17314724177028645
0.2423313643169405	0.20657606855995073	0.10082154317297143	0.2771582879936848	0.17311273595645227
0.24259987856971849	0.20605815353838988	0.10092118467887806	0.27714717420866797	0.1732736090043453
0.24242483494750638	0.20608637827829343	0.10097021410642021	0.2772162159266065	0.1733023567411732
0.2424778588190199	0.2062809002656869	0.10067673207496099	0.27725987535042396	0.17330463348990802
0.2426113373140586	0.2062340788914579	0.1007413624697051	0.2771199429981772	0.17329327832660096
0.24263698968960815	0.20651246548581284	0.10074882667576934	0.27696026044593713	0.17314145770287226
0.24262735924155987	0.20640770012439624	0.100442614143867	0.2773099471644354	0.1732123793257412
0.24246731918394093	0.2063210552610846	0.10093369284783027	0.2771576835674272	0.1731202491397168
0.2423908886379546	0.20623290987227338	0.1010249657994629	0.27711214072700413	0.17323909496330472
0.24256055701884047	0.20637852664246642	0.10071144014327613	0.2772520074862579	0.17309746870915885
0.24252174620878977	0.2066001021622814	0.10065615667051407	0.2769922007233656	0.17322979423504886
0.2425050191093991	0.2065611808681991	0.10044364166292698	0.2772763402919193	0.17321381806755531
0.24238714553492668	0.20631496162820864	0.10076172358303254	0.27730158553983947	0.17323458371399242
0.24243370401205208	0.2062052314088194	0.10096209292172176	0.2773001460262119	0.17309882563119466
0.2425156449972809	0.20645889503705142	0.10058661990471492	0.2772528277786738	0.17318601228227867
0.24258570399334972	0.20636923208974495	0.10077515666832079	0.2771173008600563	0.173152606388528
0.24250461799933018	0.20672486254797343	0.10064542099363595	0.2769528859614544	0.1731722124976058
0.24259395222945435	0.20627788404515035	0.10087736703873355	0.27703569332829076	0.17321510335837073
0.2425530637534169	0.20661246172870798	0.10045790067490051	0.2772522371404046	0.17312433670256977
0.24242166535043952	0.20624186042257123	0.10087952245471085	0.2772842443146413	0.17317270745763685
0.24259865918900114	0.2065484740709334	0.10057743664162307	0.2770197255039928	0.17325570459444936
0.24251661435965824	0.206549450734664	0.10055717098552013	0.2771320889625468	0.1732446749576106
0.24261924498620935	0.20662254084732917	0.10051467312966735	0.2771313242600076	0.1731122167767863
0.2425339986911032	0.20643600223755224	0.10073307956723773	0.2771142400601027	0.17318267944400384
0.24250092703514228	0.20656718941369753	0.10053012143345186	0.2772054051066849	0.17319635701102318
0.24244478426358648	0.20637888628005807	0.10072027682471743	0.2772612807396683	0.1731947718919694
0.24256090806576558	0.20639853804450714	0.10069909557363296	0.2772029145415631	0.173138543774531
0.24245773516214714	0.2061036659841113	0.10093369988563537	0.2773205524324533	0.17318434653565262
0.2423480269406263	0.20650074600120968	0.10085048948459108	0.27713278225566584	0.17316795531790682
0.24243857606098212	0.20662525208112142	0.10081113249941254	0.2770103725730572	0.17311466678542647
0.2425119708927706	0.20642065005447127	0.10052252443271052	0.2772519472759751	0.1732929073440723
0.24252809666782058	0.20658617969244475	0.10068784324145279	0.2770695829279326	0.17312829747034902
0.24252922177296393	0.20627213980434747	0.10071304253373953	0.2772964924577353	0.17318910343121352
0.24263128528423428	0.2065315738295468	0.10066395920455658	0.2770360828156505	0.1731370988660116
0.24254558838792642	0.20606665568232557	0.1009611012619393	0.2772270680408438	0.17319958662696464
0.24242394479649834	0.20638145838829114	0.10068372374598376	0.27720173922068114	0.17330913384854535
0.24237414086972262	0.2065542774962874	0.10078202016999521	0.27706877947177744	0.1732207819922171
0.24239289257093005	0.20645296200050095	0.10071392486716721	0.2771689295624506	0.17327129099895094
0.24248249249788734	0.20608079113934621	0.10103030575359574	0.2772664817331987	0.1731399288759718
0.2425738706470893	0.20640311985137275	0.10047011025034334	0.27724972282920535	0.17330317642198903
0.242427803805802	0.20643055916197722	0.10087996543000967	0.2770951925888	0.17316647901341084
0.242523282186776	0.20649535241255057	0.10045901088305013	0.2772547742786229	0.17326758023900019
0.24234379332273193	0.20622323791887456	0.1009458334187149	0.27728724221455336	0.17319989312512496
0.24248363862485142	0.20649259682753368	0.10067371078471068	0.2771755684058071	0.17317448535709684
0.24254022247960622	0.20626823409781672	0.10080742166821853	0.27708896554081447	0.17329515621354383
0.24262572996531007	0.20638177358260762	0.10082815957889081	0.27694938522578605	0.17321495164740525
0.24235623627723682	0.20633932949191766	0.10103698898678164	0.2770467017019497	0.17322074354211392
0.2425300022427331	0.20649788259109966	0.1006561617027259	0.27711431365837813	0.17320163980506298
0.242364702370763	0.20651402153605936	0.1007784172389585	0.27714895663059835	0.17319390222362055
0.2425031042156777	0.20627803109939294	0.10101490691199748	0.2771027455706419	0.17310121220228972
0.24252937687577053	0.20645344706009716	0.10050988778576399	0.27726545621053295	0.1732418320678351
0.24260846152320611	0.20613027592808045	0.10083466237062086	0.2771501836204275	0.17327641655766482
0.24257801360563408	0.2061329074717355	0.1008572237795269	0.2772372567429607	0.17319459840014256
0.24249363066221913	0.2064550425218841	0.10080809600930339	0.2770627586679353	0.17318047213865786
0.2423573101202947	0.20625361084028365	0.10100805362116	0.27713731675233666	0.17324370866592473
0.24235087169232805	0.20640950162954114	0.10084585038045596	0.277262410066071	0.17313136623160363
0.2424676391810918	0.20631267298543604	0.10075682015673322	0.2772873186017464	0.17317554907499236
0.24259640258566348	0.20616602142034152	0.10068975923950917	0.2772419828069278	0.17330583394755783
0.24246571969076003	0.20610488268973512	0.10096536475882836	0.2771657484431303	0.17329828441754594
0.24242512490137363	0.2064857223099602	0.10074404363520593	0.27708454781298175	0.1732605613404783
0.2424698206558698	0.20670960893837487	0.10050749088635962	0.2771767790844991	0.17313630043489642
0.24239060394497264	0.20660017899447747	0.10080597406864142	0.27701725269744215	0.17318599029446605
0.2424609175973424	0.206561137320824	0.10082642311322008	0.27694806475552936	0.17320345721308394
0.24252905113691253	0.20641251206284142	0.10078005576851878	0.276986581832003	0.17329179919972404
0.2426270820131618	0.2060890479122298	0.10101903524787749	0.2771529505346352	0.1731118842920955
0.24249854987671965	0.20618271936123642	0.10100616125788409	0.2771063080235804	0.17320626148057924
0.24243173700679868	0.20642517363678964	0.10104334441556952	0.276949298859581	0.17315044608126093
0.24252636152666582	0.20663262263883397	0.10060805437530558	0.2770427885271517	0.17319017293204267
0.242574633221969	0.20658198538918207	0.10063727894068729	0.27700320603816836	0.17320289640999303
0.24240543859369879	0.20643182625798895	0.10078383364883245	0.2771524812461068	0.17322642025337276
0.24243343936092998	0.20659388370566675	0.10063551584979256	0.27722682905929713	0.17311033202431336
0.24247253760686044	0.206275727530387	0.10096961153996646	0.27697077944202464	0.17331134388076122
0.24235670861604092	0.2066876400904267	0.100551560213234	0.2771839219520972	0.17322016912820096
0.24247364991444087	0.20609216530594418	0.10101593520071682	0.27718182870464636	0.17323642087425156
0.24239325859249916	0.20627350743565667	0.10086590222720085	0.277305160526935	0.17316217121770805
0.24260407873429146	0.20630985726423043	0.10071204794373782	0.2772767464736016	0.17309726958413846
0.24240968721064526	0.20634841764152198	0.10069366323943113	0.2773125253429792	0.17323570656542217
0.2423554490889973	0.2063086395663632	0.10100020958097859	0.27724106115031083	0.17309464061334984
0.24257522331318168	0.20631867011334326	0.10068941579631781	0.2773145334229538	0.1731021573542032
0.2425727569597289	0.20639207074340776	0.10081915144729109	0.27699483947104964	0.1732211813785224
0.2425816697211205	0.20606081900097006	0.10107198425931183	0.2771741441348985	0.17311138288369884
0.2424627958882004	0.20648948829122318	0.10077116875555768	0.2770745661689953	0.17320198089602318
0.24255300303167215	0.20657511066122233	0.10056744055680554	0.2771643044079477	0.173140141342352
0.24243653465918846	0.20643518895147722	0.10093189591486257	0.2769828559974033	0.1732135244770682
0.2423963789019794	0.20645259049650935	0.10076518242675327	0.2771878701130902	0.17319797806166748
0.24250305424646465	0.20668049021685195	0.10047157575460366	0.2772059000285634	0.1731389797535161
0.24237146360873596	0.20635775844106263	0.10107411588175268	0.2770294109554388	0.17316725111300965
0.2426364431766253	0.206668276299806	0.10060886757417907	0.2769704651279645	0.1731159478214249
0.2425122393895614	0.2064367057329888	0.10071983839941719	0.27701876365353767	0.17331245282449464
0.24235266416190937	0.20651276991182374	0.10083839128517123	0.27708923522932943	0.17320693941176596
0.24238573484899692	0.20638068301792345	0.10081812151433264	0.27717529910858874	0.17324016151015803
0.24240419362572466	0.20648417387325466	0.1010184177040854	0.2769563884620325	0.1731368263349025
0.2425626682440882	0.20618971096972985	0.10100690108231865	0.27702545366925413	0.17321526603460893
0.24235326541544142	0.20639951515211336	0.10087273106334949	0.2772675722059411	0.17310691616315432
0.24262773773783916	0.20646490133241632	0.10071571534849032	0.2769520376881216	0.17323960789313236
0.24249081742369294	0.20632924390636445	0.10074913621138668	0.27723312043100007	0.17319768202755562
0.24236435033774084	0.20638772513825862	0.1009184278942608	0.2770570729935029	0.1732724236362366
0.24234582887296346	0.20672225454918647	0.10051345615133764	0.27711646902991954	0.17330199139659264
0.24242273330923791	0.20667802041833697	0.10066034852770157	0.27713203120075847	0.17310686654396487
0.24255840357242875	0.20621295577130141	0.10104488314547092	0.27700811729256675	0.17317564021823192
0.24251796181247248	0.2065258400294171	0.10079828561020346	0.2769651307096497	0.173192781838257
0.24233657803052933	0.20646289634765116	0.10087747112806382	0.27708092564702824	0.1732421288467272
0.24263599711097786	0.20601698992265888	0.10094364468918093	0.2772150855250158	0.1731882827521663
0.24262064551488988	0.20604582392290824	0.10096928136460541	0.2770685761672998	0.17329567303029642
0.24248443268391023	0.20665247375899198	0.10053194818392655	0.2771652682491031	0.17316587712406786
0.2424443067542708	0.20669077664901292	0.10046248480990115	0.27724316859264003	0.17315926319417482
0.24234313021918208	0.20669381476308268	0.10072146540657204	0.2769680550418892	0.17327353456927372
0.24234631695378966	0.20631926260937286	0.10101011047533354	0.27707398983283704	0.17325032012866665
0.24261957129510428	0.2064025437730255	0.10073097974361918	0.2770752701723615	0.17317163501588928
0.2423502597448746	0.20669808035467413	0.10056263334590779	0.27709471490787496	0.17329431164666828
0.2423782370244947	0.20622932179657905	0.10090071622411437	0.2772367199903393	0.17325500496447238
0.24253992342614414	0.20611640791285812	0.10100174880469306	0.2771806676278186	0.17316125222848577
0.2425339214436248	0.20669231764468213	0.10049350539239593	0.2771209075645206	0.17315934795477628
0.24253075851307815	0.20653917521648527	0.10077182542431376	0.2770231302820223	0.17313511056410028
0.24236043419611575	0.20653006769352183	0.10096016187116306	0.27702068953077935	0.17312864670841976
0.24250060123343925	0.20639282580348778	0.10079385974284481	0.27721443095739273	0.17309828226283516
0.24236040732305567	0.20646621279580418	0.10065050157256733	0.27721424965432767	0.17330862865424487
0.24261827050221935	0.20617656907030138	0.10090570093590981	0.2771138383874236	0.17318562110414562
0.24259501187978388	0.20654680386870194	0.10070697332031416	0.27704963006769934	0.17310158086350041
0.24259496345838386	0.20636569055242854	0.10085044626492497	0.27703436711930524	0.17315453260495717
0.2425043606085531	0.20626338665871588	0.10101889908751756	0.2770222813739098	0.17319107227130345
0.2424840703719647	0.20622536096281266	0.1009866774034377	0.27714911873029147	0.1731547725314932
0.2425725993886939	0.20636138343827262	0.1005900302809092	0.27725061689376745	0.17322536999835658
0.24254831078198666	0.20613950170036488	0.10099198601491752	0.2770736107536052	0.17324659074912552
0.24234603027873533	0.2067177151596404	0.10069493351235523	0.27705059852763636	0.17319072252163242
0.24258024626108599	0.20630747922557566	0.10098543106595918	0.2770095371236566	0.17311730632372233
0.24249084789077185	0.2066328801948737	0.10062616661494787	0.27703141616161153	0.1732186891377948
0.24247546144788043	0.2062943471128441	0.10075306536644091	0.2772636352135338	0.17321349085930046
0.2424986546283768	0.20629905379626984	0.10084225408763252	0.2772122591066891	0.1731477783810315
0.24241113365282987	0.20655201946940974	0.10072161483398101	0.277220256701164	0.1730949753426151
0.2423578273986321	0.20643037784654253	0.10096520711924184	0.2769925253907661	0.17325406224481718
0.24243682086386098	0.20660804247609513	0.10063574394545173	0.2770751848242253	0.17324420789036665
0.2423720933356655	0.20669962242860115	0.10075909700612681	0.27702749979625146	0.17314168743335479
0.24261194420651594	0.206447585539173	0.10063543381982763	0.27706229613411215	0.173242740300371
0.24256846889426076	0.20653282891735872	0.10059538431988582	0.27699476399267936	0.17330855387581512
0.24233066503659442	0.20619045202059696	0.10100935869055067	0.2772048743602531	0.17326464989200463
0.2423444294649724	0.20672815172057216	0.10065171236821943	0.2769812975252205	0.17329440892101527
0.24263669747177394	0.20654699327277345	0.10050329999669477	0.27700452122718433	0.17330848803157323
0.24250971470623878	0.2060922360449089	0.10089486686418762	0.2772935677671579	0.17320961461750659
0.24248528142164522	0.20623121041966594	0.10100029776153431	0.2769774873732902	0.17330572302386407
0.242514268740036	0.20660102481729828	0.10066067659221568	0.27702740190928327	0.17319662794116647
0.2423422270288817	0.2062546288725893	0.10089329620793468	0.27727523041384483	0.17323461747674926
0.24255721164149457	0.2065568713743756	0.10059380710069865	0.2771823626874145	0.1731097471960165
0.24263620150991805	0.20617188886136956	0.10072213929523469	0.27723001614959697	0.1732397541838805
0.24242078013642201	0.20636381405620804	0.10098617153222098	0.2770428138563043	0.17318642041884436
0.24240197617278028	0.20660252165953125	0.10076242578822858	0.2769645558043666	0.1732685205750931
0.24262274643660295	0.20622644688272654	0.10057652846601484	0.27730955215789826	0.17326472605675716
0.24256283852826607	0.20625967944475798	0.10090235203226611	0.277117419548625	0.17315771044608458
0.242349776551746	0.20636886331672305	0.10083708760868824	0.2771394864577311	0.1733047860651114
0.24254838210869653	0.20620398135720014	0.1008094641281186	0.2773151216442425	0.173123050761742
0.24233760166093388	0.20645831910429718	0.1009088117799932	0.2771148493865486	0.1731804180682268
0.2424355006468245	0.20613857241457187	0.10101305051904697	0.27723900431833265	0.17317387210122376
0.24258780072666886	0.20608331470224964	0.10098310041247459	0.27720924952267834	0.17313653463592826
0.2423498099291396	0.20646467849237257	0.10080176054953285	0.27721479745033717	0.17316895357861753
0.24244909476152415	0.20649671080339083	0.10070985240126949	0.27705688189539424	0.17328746013842106
0.24244039930872055	0.20654877798637555	0.1006448499474398	0.27726996406914145	0.1730960086883224
0.24244366561847341	0.20609700988440927	0.10104366132576217	0.27716634946026136	0.17324931371109353
0.24234778567259013	0.20626930327441548	0.10080063816548032	0.27729065164785743	0.1732916212396564
0.24236542997198873	0.20655556063714053	0.1007239064325539	0.2771100048783144	0.17324509808000219
0.242395552890104	0.20620350232980678	0.1009838751790666	0.27726007230296174	0.17315699729806064
0.24238442834944446	0.20642689392602004	0.10059106843716646	0.27732037252856845	0.17327723675880036
0.2424978667568425	0.20609710341784768	0.10081178509264514	0.2773256952816445	0.1732675494510199
0.24243568672063565	0.20655253501713608	0.1005514950459702	0.2773027804014	0.1731575028148578
0.24252526340535024	0.20632042472316006	0.1009904498689532	0.2770476904008781	0.17311617160165815
0.2424654646239679	0.20649764257756648	0.10067268715772158	0.277264773484421	0.17309943215632276
0.24255223760141673	0.20622601936453494	0.10071196764067045	0.2772539819194481	0.17325579347392955
0.24259509332109142	0.20638388007332362	0.10051192238541323	0.2772244876509607	0.1732846165692108
0.24256751488862477	0.20606512973077135	0.10097879227971569	0.2771841344537446	0.1732044286471433
0.24260889652901035	0.2063868708237808	0.10065388142456348	0.27707785795410783	0.17327249326853728
0.24247562392756708	0.20608161585523344	0.10095737372720222	0.2772183589733669	0.1732670275166301
0.24257382416680096	0.2064123836786657	0.10046966853202671	0.27724244349023475	0.1733016801322716
0.2425165753856548	0.2067139325032116	0.10058241004198508	0.2770186605159862	0.1731684215531621
0.24252357361881666	0.2065423519972426	0.10048133237127323	0.277186277897152	0.17326646411551525
0.24233656404282905	0.20637787440866476	0.10106294820496717	0.277097128344791	0.17312548499874783
0.2424019337539003	0.20635072860465528	0.10088219646130592	0.27719185953036773	0.1731732816497705
0.242553806213361	0.20634953809355935	0.10048532032317273	0.27732418938589387	0.17328714598401282
0.2424204856301575	0.20614894432571956	0.1009839049219042	0.2772231483520068	0.17322351677021167
0.2423769236120094	0.20627693689163254	0.10094076536903122	0.277223112443462	0.1731822616838646
0.24234115829766373	0.20646335969006083	0.10066959316925585	0.2772940024464395	0.17323188639657988
0.2425603605049974	0.2064180543102416	0.10065040849703233	0.2770588426783283	0.1733123340094001
0.24249775390005943	0.20627093645604205	0.10091556036863818	0.27709559237068215	0.17322015690457795
0.24240229330941415	0.20640797854794662	0.10104085729319023	0.2770162262631898	0.17313264458625893
0.24234672244158495	0.2063546499561124	0.10106394313116876	0.27701998026130403	0.17321470420982962
0.24240929291908586	0.20616562001826594	0.10106881863955568	0.27722251392569985	0.17313375449739243
0.24245260055024553	0.2062230047617555	0.10105156264549024	0.2769904840849335	0.17328234795757497
0.24249200257597314	0.20654856433505894	0.10072880708963652	0.27705561428654535	0.1731750117127858
0.2423734142069542	0.20632943931782496	0.10079413891334954	0.2772769118534188	0.1732260957084522
0.2423618039444722	0.20631307177302657	0.10106667690048003	0.2770348405315271	0.17322360685049382
0.2423285576049564	0.20668117109621012	0.10061269234354035	0.2772044927407401	0.17317308621455274
0.24236429535696974	0.20659650566966026	0.10069597788425276	0.27710985847008623	0.17323336261903077
0.242362718014721	0.20657295663361344	0.10084904656418268	0.27700888779802635	0.17320639098945628
0.24247523844222701	0.20668275520472004	0.10061265698724697	0.27712741724982615	0.17310193211597957
0.2424375495296212	0.2066497970635946	0.1007146641215752	0.27704261746554637	0.1731553718196624
0.2423741774753999	0.20660494840336927	0.10060955269105458	0.27718790648529446	0.17322341494488153
0.24240513919265247	0.20647099373329916	0.10054077016092766	0.27729564720156735	0.17328744971155313
0.2423519027694089	0.20632862597381577	0.1010049054567412	0.2771938752967984	0.17312069050323545
0.24260995825103535	0.20622930652178326	0.1009866457427544	0.2769705888739089	0.1732035006105178
0.2426082509758597	0.20632856716030695	0.10089493766001037	0.27699254647788607	0.1731756977259367
0.24246779789999076	0.20638256310577494	0.1008766777230144	0.2769916702488826	0.17328129102233703
0.24243497331845915	0.2061129273805833	0.10091581198705907	0.27731138577106407	0.17322490154283418
0.2425737871126408	0.20641907842677515	0.10054497417146796	0.2771868004407665	0.17327535984834935
0.2423540878924574	0.20668532964985586	0.10067982266864126	0.27702791881439964	0.17325284097464558
0.24263651038741776	0.20632625116272135	0.10056525290374198	0.2772685730273323	0.17320341251878632
0.2425030678625146	0.2065779436636532	0.10050656065283557	0.27715071338006847	0.17326171444092794
0.24255492731506637	0.20619048366390827	0.10094220554381476	0.2771773372887105	0.17313504618849979
0.24259898848143807	0.20647444615178034	0.10065606840024982	0.2769938995015316	0.17327659746499993
0.2423764480949988	0.2065936294015962	0.10076142753209946	0.2771431772101611	0.1731253177611442
0.2425760906349218	0.20650843497483548	0.10060287925635096	0.27703209045984545	0.17328050467404604
0.24237920330715831	0.20645739952571956	0.10079598157910735	0.2771953317369106	0.17317208385110397
0.2424970879092966	0.20657138307214307	0.10059703049861853	0.27708201115360587	0.17325248736633564
0.242476687994136	0.2062450856241406	0.10098286257660559	0.277084514275598	0.17321084952951954
0.24246251627877285	0.20659075006407854	0.10071015953984308	0.2770869206575034	0.17314965345980188
0.2423297641417355	0.20646225770483081	0.10084978321798509	0.27710087553995105	0.17325731939549727
0.24244487860310163	0.20668847640188473	0.10044552899273632	0.2772252070055964	0.1731959089966807
0.24254455687074228	0.2063498920036309	0.10067895089090609	0.2772039999789587	0.17322260025576172
0.24262169493783053	0.2061735426111679	0.10061963114455921	0.277280133670174	0.1733049976362681
0.2426038236862934	0.2060951894594462	0.1008170920199018	0.2773221010874113	0.17316179374694707
0.2424119424233191	0.20615034800176196	0.1008999726255438	0.27728426131133377	0.17325347563804117
0.24239685667988736	0.20605761688486604	0.10099725358683974	0.2772466691404971	0.1733016037079095
0.24257402521105292	0.2064649643573355	0.10069911651937251	0.27698246160928963	0.17327943230294923
0.24247247054415097	0.2063571866773334	0.10091465845222045	0.27713445509261714	0.17312122923367776
0.24236777676614135	0.20649842388510395	0.10065439178921251	0.2772133104224986	0.17326609713704336
0.2423412487417109	0.20635887045119536	0.10096842967613562	0.27714768753441266	0.17318376359654525
0.2425699799136603	0.20628392897512132	0.10070600493052136	0.2772857875298359	0.1731542986508609
0.24261762212706067	0.20632504307131852	0.10063629066481439	0.2772746954535895	0.17314634868321666
0.24248862167105079	0.20670590498855454	0.10044121989961216	0.27711838442172415	0.1732458690190581
0.24252904932532598	0.20670913764270468	0.10044199402428114	0.27706135358338124	0.17325846542430673
0.24236887871941473	0.20646506846350665	0.1007035769466061	0.27724257358157767	0.17321990228889456
0.24249241413411016	0.20641172938586352	0.10062989314702855	0.2772854622442178	0.17318050108877975
0.2424573674339589	0.20617458901991031	0.10100596433290397	0.2772517341238595	0.173110345089367
0.24259643913394735	0.20630004645966413	0.10070021343506937	0.277281941974565	0.17312135899675388
0.24262987720809823	0.20613983966482272	0.10078103222524483	0.27724886835711465	0.1732003825447193
0.24242323844270902	0.20612277263488296	0.10107576413213497	0.27723894344317945	0.17313928134709336
0.2423736296079141	0.2066242034906824	0.1007030071644863	0.2771218708810755	0.17317728885584152
0.24259343817607193	0.2063764915368667	0.10085692219769657	0.2769942229207087	0.17317892516865585
0.24249946439607917	0.20644693078782284	0.10096552126683601	0.2769698538154712	0.17311822973379054
0.24257735394938165	0.20655398739183273	0.10072847913876257	0.2770445630801246	0.17309561643989824
0.24244080356791872	0.20637564596600366	0.10068741383588051	0.2772442743692186	0.17325186226097825
0.24247335569101885	0.20641256253022572	0.10076967427364872	0.2771711697411846	0.17317323776392188
0.24233111941539975	0.2065828829880764	0.10083316980498344	0.27696154791125	0.17329127988029017
0.24249490905815124	0.20650159580653604	0.10085705760734377	0.2770189293933038	0.17312750813466488
0.24236419453143623	0.20627441054868928	0.10086261383692023	0.27719802619792144	0.17330075488503255
0.24239683353311067	0.20654053152163718	0.10068462776568013	0.27719141270243103	0.17318659447714074
0.24261250327251688	0.20615787399945923	0.10092093523188561	0.277167947803875	0.173140739692263
0.24253922827922644	0.20606595245285791	0.10097101125006906	0.27723840428663327	0.17318540373121305
0.2424508642941709	0.20640101284189458	0.1006032917020395	0.2772440730090839	0.17330075815281087
0.2425928982952473	0.20643317718974022	0.10053269552199573	0.2773023777598986	0.17313885123311795
0.24254930289676793	0.20644928379570823	0.10047362003661874	0.27727664227633536	0.1732511509945695
0.24260747277432362	0.20636604238704984	0.1005939029427987	0.27715575462490816	0.17327682727091945
0.24238463590840453	0.2063839966131386	0.10086530095943043	0.27725813175141434	0.17310793476761183
0.24258133240644797	0.2062857921737563	0.10064006445418253	0.2773143230714378	0.17317848789417523
0.24241579213836967	0.20624908497728547	0.10107718089823398	0.27696013362779337	0.17329780835831726
0.2423584986629384	0.20648234518854947	0.10075869290129351	0.27709165321263834	0.17330881003458007
0.2424365145001966	0.20628901013687387	0.10097218693356551	0.2771343638338943	0.1731679245954695
0.2426266801281867	0.20606376142513388	0.10091096768253459	0.27717387428157414	0.17322471648257048
0.2424951208860438	0.20671862565829274	0.10063030344693111	0.27700275756703124	0.17315319244170083
0.24255667977279693	0.20632969448780145	0.10070992204028487	0.2771554666801691	0.17324823701894743
0.24239104606700065	0.20629629391636303	0.10094197400012558	0.2771717372952609	0.17319894872124955
0.24241923356804645	0.20672840622688388	0.10056184902882033	0.2770747210419956	0.17321579013425348
0.2425734522750969	0.2061760463510827	0.10087136336705907	0.27714690390736324	0.1732322340993978
0.2425348710912194	0.20623398220070108	0.10088647568855529	0.2770360868321432	0.17330858418738077
0.24246585587368122	0.2065566575462242	0.10055842712442901	0.2772012468763649	0.17321781257930044
0.2424896028892627	0.20609946794014855	0.10092104940288746	0.27722712723208925	0.1732627525356118
0.24256967874677246	0.20661370681649327	0.10052001051980199	0.2772024252686931	0.17309417864823895
0.24260621866932003	0.20654907129399286	0.10069896322057302	0.27699371800288364	0.17315202881323025
0.24260465523125463	0.20610908802602285	0.10079611890246307	0.2773235617391716	0.17316657610108757
0.2425183737401801	0.2066323762526726	0.1004788832062724	0.27727573110179726	0.1730946356990774
0.2424369486284269	0.2063498683996935	0.10074839316291584	0.2772140309029457	0.17325075890601782
0.24250724047341998	0.20628564798917945	0.10059102468297815	0.27732372554420226	0.17329236131021994
