0.1473529453193568	0.09231605951742561	0.5134696934595695	0.1097858465460419	0.13707545515760594
0.12988252937568462	0.10537110153789088	0.5225318643926709	0.07213808281819928	0.17007642187555422
0.4478769021806827	0.09437117155362997	0.2752147857708921	0.0716670950097486	0.11087004548504621
0.41252434801283283	0.03872389984135827	0.14905609154247176	0.21007801098099216	0.1896176496223446
0.12615519601089645	0.09278660963907462	0.5585215387820976	0.10599183809863677	0.11654481746929429
0.15434708452238682	0.059351946114527904	0.4650848295041707	0.18720910210961847	0.1340070377492959
0.6033031580769294	0.1046122633833017	0.11682883796256663	0.07388175471638841	0.10137398586081343
0.06913021159433796	0.04782035712829594	0.5623116575428551	0.1425322659004219	0.17820550783408906
0.38309991021637824	0.04130120699331208	0.19776564755600598	0.21441610844873651	0.16341712678556689
0.4950579465107239	0.05682391557164121	0.17047525439879158	0.08165659197335437	0.19598629154548858
0.31856649635169476	0.10965290369704254	0.32123113071649934	0.1210533578986259	0.1294961113361372
0.2913850779645439	0.0827014336373577	0.3865668234926265	0.10451379887454142	0.1348328660309302
0.2743994555670645	0.07258446307329075	0.3050919924780896	0.19295026351371702	0.15497382536783788
0.20753848355265195	0.08183660413816843	0.46697452609568363	0.0691051135478061	0.17454527266568967
0.11622900417871837	0.06603035012012679	0.47838705455867053	0.07039826381208361	0.26895532733040045
0.1937776469904501	0.0828018980558337	0.4757813723321188	0.11586920652269304	0.13176987609890412
0.2364651902222823	0.05500632977615608	0.3610729543590775	0.15097169457667087	0.196483831065813
0.11828965207568953	0.08990859124097902	0.2962434162135419	0.2077467821922852	0.28781155827750415
0.42659162609437296	0.10745313553525526	0.12662204012362485	0.21448429592811563	0.12484890231863094
0.29819463538961	0.03403735598288654	0.29030686440055664	0.12265162740256767	0.2548095168243789
0.06230895152446003	0.07484614984882676	0.44706627372616997	0.10794383404855656	0.3078347908519865
0.06301335147409667	0.03684041904445409	0.5324582398189852	0.14997744380578057	0.2177105458566833
0.38577477895679735	0.0935340839234322	0.1956269663218948	0.14750311678262912	0.1775610540152462
0.21210873615114478	0.06660238550541278	0.2846129860704292	0.18497124677720075	0.2517046454958123
0.05567592706608926	0.05877305124696747	0.5214823309007234	0.08273793491761561	0.2813307558686041
0.1736692197637659	0.09310718045434131	0.460220320201741	0.09826292317666291	0.17474035640348873
0.05524119495659871	0.10026244939770403	0.5133679011182625	0.06818733198943777	0.26294112253799684
0.056849235568084217	0.07174915872541116	0.47266059512623265	0.13410340829163042	0.2646376022886414
0.30601169935784495	0.08673416262191623	0.14200336071940428	0.14797613013975802	0.31727464716107623
0.29618007094740656	0.051680236052679185	0.26953001348907835	0.21273145578565245	0.1698782237251832
0.379698640227862	0.10203033900270071	0.2299329811398224	0.11250172270169753	0.17583631692791704
0.2658293799505965	0.041490223758254674	0.38562868576464193	0.1449598938514592	0.16209181667504735
0.19454979575731732	0.1048683114563286	0.41737608113984204	0.1707735611106737	0.11243225053583811
0.3011118794274586	0.05920454500310676	0.17225722010707	0.15470774200132092	0.31271861346104346
0.37424036414342043	0.10267766567833587	0.2331925732299448	0.15455806570246317	0.13533133124583543
0.08306240873760587	0.08140263226017708	0.5272792960288752	0.12094434376686197	0.18731131920647967
0.39756355478389505	0.05822404297271891	0.1209645078485196	0.18387900534752347	0.2393688890473426
0.24272676663809167	0.05335365940429035	0.28311985257357086	0.11189511773344085	0.308904603650606
0.18471103209789017	0.09199904455185938	0.3329936187317829	0.10686344693340598	0.2834328576850613
0.5201884032323101	0.1058518774553846	0.12477121745764026	0.1462792764156914	0.10290922543897321
0.5429516770320155	0.07449643246881527	0.11934405760686531	0.10158894869490473	0.16161888419739867
0.39135495187906205	0.0369148682690042	0.18846372763864327	0.1495722127570313	0.23369423945625883
0.340453103742278	0.04534030570679087	0.30806796812756826	0.12256341734971904	0.18357520507364358
0.38919443347065164	0.08228257764744601	0.26763574074110386	0.158513247604293	0.10237400053650511
0.42179098798698983	0.09186974849905187	0.1441250233834936	0.09519396964332102	0.2470202704871433
0.30367040031076376	0.06300544768857069	0.1160878551203961	0.20535117887971518	0.311885118000554
0.11323341230969564	0.06213401003367289	0.5079708771479676	0.21404827629269457	0.10261342421596908
0.3406715952197771	0.0557431460202065	0.3751636233197854	0.12299875193495574	0.10542288350527496
0.27054447488706446	0.07078019769271965	0.2571065859237481	0.13078609065059804	0.27078265084586955
0.33451764907506787	0.0990333518262805	0.1757726425709252	0.1981966996108302	0.19247965691689595
0.3824238006192928	0.05752859256701684	0.1729529263124679	0.20584021430777913	0.18125446619344304
0.1759234859794941	0.04770834559687959	0.4603157391535782	0.16759041057011267	0.14846201869993522
0.3187690136401707	0.04248917068635813	0.3545360999970208	0.11314260753253486	0.17106310814391526
0.15386792746439562	0.08903593118091986	0.5235370556671946	0.11333140254646176	0.12022768314102794
0.45164867144990245	0.056686081628795154	0.22912527760058715	0.06822831584531741	0.19431165347539744
0.31056905804505963	0.041106991949099836	0.34100024596533884	0.1982879699963035	0.10903573404419784
0.41553711413026595	0.03610826626561303	0.3419667207167487	0.08340788603347896	0.12298001285389296
0.409077540684925	0.09000205443402443	0.317116967564259	0.06958129885537642	0.1142221384614148
0.11961448370241202	0.05308724002238155	0.4849260093299152	0.08674224342363009	0.255630023521661
0.47964824373508147	0.04974031461053005	0.2560106931946143	0.0682312346423519	0.14636951381742191
0.24814900850570126	0.10760279417076901	0.3024248747785601	0.10308667480806734	0.23873664773690206
0.14295551981793997	0.06438296585865941	0.5381733099123581	0.07261225580667074	0.18187594860437153
0.08654057448309552	0.08204957494330921	0.5219543479121493	0.16899030847698954	0.1404651941844563
0.09367485461105703	0.08460177546644049	0.4467337392712782	0.09927309393812338	0.2757165367131007
0.13765839410744407	0.10551835488620949	0.3333212375323913	0.1198718244378801	0.3036301890360749
0.4530259939221763	0.04294586804435077	0.1354762149898321	0.1434844042988693	0.2250675187447712
0.3542313089474388	0.07966251051532616	0.18435352164252483	0.2061512536546325	0.17560140524007742
0.06404022784493824	0.06889277689269624	0.5150097605241936	0.08385627288600196	0.2682009618521699
0.32283824756738144	0.04064504887891504	0.29030630171536603	0.19473164273389376	0.15147875910444336
0.15917747707852242	0.09717964262768206	0.41929111378960005	0.1309884491295389	0.19336331737465645
0.40126884053466183	0.034583495756720595	0.3108683910545946	0.13095690370359286	0.12232236895042982
0.28885682111948596	0.07148368748451112	0.3562686969330668	0.11106246389751569	0.17232833056542018
0.40624054343178106	0.06516835263109064	0.20919130977786604	0.11892107714365523	0.20047871701560666
0.1309711099847953	0.10633294097841388	0.48196612334368616	0.1690113367866406	0.11171848890646378
0.12077244158325878	0.1071899518812398	0.5417809803673342	0.09981608738849967	0.13044053877966738
0.27969516763896657	0.04235062443105725	0.30111623255549713	0.15967126813130592	0.2171667072431729
0.2812923121804049	0.10851701958044398	0.20780629444563742	0.20061492641190434	0.20176944738160912
0.44890710051413163	0.03359729746621598	0.27394700966043595	0.11348953486193186	0.13005905749728425
0.11077255587042831	0.034356765121571264	0.4894265712512148	0.19131664591609146	0.174127461840694
0.40339589189977587	0.04934508495578016	0.2284387045003528	0.06994002392459348	0.24888029471949732
0.16313255504307492	0.10244913360922056	0.4642233886803747	0.1693657364135713	0.10082918625375828
0.2037996503218567	0.10916977159206398	0.3803523672249854	0.1789092678048391	0.12776894305625464
0.20986673111801363	0.035423581629214884	0.44392080907749754	0.1878863846283278	0.12290249354694598
0.15241558550289824	0.11048668186417815	0.45587479623731453	0.09215117551624681	0.1890717608793621
0.5587658772006245	0.10812139276335662	0.1132767087675196	0.11287711790555094	0.10695890336294785
0.3358197599364563	0.10347016021397373	0.18425798493334516	0.20193316749521129	0.17451892742101316
0.15712820901501415	0.09515388527219985	0.5195753141378192	0.10053560285455458	0.12760698872041212
0.1631723985954318	0.03748038226269462	0.5010476625350746	0.1961795514981239	0.1021200051086748
0.41827884106320706	0.06373428940364631	0.11546521918793817	0.1713833515434165	0.2311382988017916
0.4321497244379072	0.0542499379304531	0.122628680631515	0.14673909262187745	0.24423256437824692
0.2757633711930202	0.041939266109351586	0.4204281131106785	0.14501030824346225	0.11685894134348707
0.41447490550431465	0.05105560664179007	0.14797815638753015	0.13956727106535483	0.24692406040100998
0.380190566587296	0.07238302377741637	0.24477455143238647	0.15338511937143617	0.14926673883146463
0.05888030757504345	0.08790060856125306	0.5860182774597552	0.1458045487437382	0.12139625766021003
0.2471139299622438	0.039319128851073026	0.3189544467147924	0.14768733056413216	0.24692516390775834
0.13832584346714	0.10660111660652069	0.4720007778837087	0.15531245373429542	0.127759808308335
0.5435647701930796	0.046177487048281424	0.19036613274556569	0.07592735357353839	0.14396425643953448
0.41429113287156694	0.04460864273123685	0.22050820095667645	0.1996445716835324	0.12094745175698704
0.13346056121322186	0.03928733009258742	0.4803952279066728	0.07350231303578761	0.2733545677517301
0.3906093286000718	0.04272967880849801	0.26937677011784095	0.19476823582955485	0.10251598664403404
0.23259375438234595	0.08791380818965668	0.32639458967499857	0.19076828375226595	0.16232956400073262
0.30934121425325556	0.11125096466325071	0.14009811140914305	0.144037639257501	0.29527207041684944
0.12421864298282548	0.06788182510152144	0.4116172895006197	0.14514745257648556	0.2511347898385476
0.10608361519278629	0.11034371588546624	0.46737227255452174	0.1620080592384206	0.15419233712880492
0.1266333472276872	0.1141608392302116	0.41793575197552446	0.21479438703204956	0.12647567453452696
0.375687010213847	0.10391732975468253	0.2240756855462615	0.09718862875050434	0.1991313457347044
0.1413614535074029	0.09819333335609882	0.422167547837503	0.13927269714683285	0.1990049681521623
0.1219580737541708	0.06854032795433349	0.5605552445007935	0.06861868814386107	0.18032766564684097
0.15549930711015558	0.10176074838791717	0.406088366038562	0.10481362978621835	0.2318379486771467
0.4962433296982474	0.07853085446688746	0.14324507244810233	0.17484640162510678	0.10713434176165565
0.12649952950224605	0.11024617757021549	0.38215410636646485	0.11022075017022907	0.2708794363908444
0.07080675926409599	0.07463659235676301	0.5657633100879731	0.15673673294020674	0.13205660535096095
0.1866018455522146	0.08324148919192896	0.47448222510338744	0.1127424002158555	0.14293203993661324
0.3358050148429601	0.05075108825288177	0.1781915079035673	0.15283610782162738	0.2824162811789631
0.2386690425138851	0.07703344329666216	0.2408686437707194	0.1646256857810285	0.2788031846377046
0.2012749081991816	0.041923018946278034	0.4916224476742099	0.12176931320809331	0.143410311972237
0.17780191154116493	0.10059464433292095	0.4145623791149662	0.08083732204588039	0.22620374296506737
0.14964748073996148	0.08783211689021887	0.4506207712341014	0.1708645375833685	0.14103509355234953
0.10417719606188705	0.08856683346765251	0.5298831777510329	0.09441794816564991	0.18295484455377745
0.4153090699987332	0.06600463815645272	0.15017564770158276	0.09305173630725246	0.2754589078359786
0.4552613472029351	0.035259073915830885	0.21674009868580862	0.17952634963569608	0.11321313055972893
0.36334115978060577	0.09720845636208016	0.18964633920502574	0.21271104766066892	0.13709299699161903
0.26368268786831245	0.06532056188042229	0.38399488582699026	0.11601410952181747	0.17098775490245727
0.3031584260014969	0.09048902237566571	0.3185503343446984	0.15094904212756105	0.13685317515057766
0.2673552977270033	0.04891234147174181	0.4525695436915363	0.09534793954064957	0.1358148775690688
0.32566235267789634	0.11241475711832526	0.18062234172708583	0.10150427510571387	0.27979627337097834
0.11962598715493938	0.08982380416679889	0.2670308303961604	0.21176226144612273	0.31175711683597845
0.10479668017322152	0.07906613567649717	0.4572314201602595	0.15329084087074168	0.20561492311927987
0.09407587831069368	0.06364434236417074	0.506474677888344	0.13164599651234848	0.20415910492444306
0.24490127715946527	0.05796991808200927	0.3575287137146377	0.20423272852450491	0.13536736251938264
0.11071588161645457	0.04822395191275225	0.4663241801377064	0.17655539379445642	0.19818059253863018
0.31944591451594156	0.04542388640568551	0.21364870350294377	0.1937331756427947	0.22774831993263414
0.2866380974458637	0.10694069689915271	0.30292401148347653	0.13325966004102063	0.1702375341304861
0.07478410392293172	0.03563142233197736	0.47181877020827545	0.1761699832319584	0.241595720304857
0.05168418306718675	0.05696625265393909	0.45814793316370445	0.19270894724141005	0.24049268387375955
0.20799071731923388	0.07254227432409802	0.3235996088688039	0.12537856196189195	0.270488837525972
0.07954208032958847	0.04259390455627654	0.4239819858096211	0.190532800644863	0.26334922865965077
0.3087307049159802	0.06271811476622674	0.23254890707487327	0.16428592267872896	0.2317163505641905
0.3151199411475009	0.0762490609306907	0.2000432875282991	0.1176905648317253	0.29089714556178364
0.2924473260810288	0.05485355940985326	0.28340941429916106	0.164232085112502	0.2050576150974546
0.3188969235216451	0.06321347368455002	0.29019561597590615	0.15253851520014833	0.17515547161775014
0.4003266893580962	0.06672872381363293	0.250245912959236	0.06772832809825069	0.2149703457707839
0.12407221880302542	0.10562712415494624	0.5526135278122499	0.07981700342676343	0.13787012580301472
0.09506518836927248	0.0705203438351209	0.45447357440295244	0.06730803915415748	0.3126328542384965
0.3953355738227565	0.061562916361429465	0.24404403474735376	0.07927030129092331	0.21978717377753657
0.19987647775939146	0.0522778408084717	0.3289458084278325	0.15636348926456625	0.2625363837397378
0.3820933805645985	0.051302312534816485	0.2535161785831081	0.10616363417441621	0.2069244941430604
0.06973251929356972	0.088777459662852	0.5689682638230753	0.12093158841960712	0.15159016880089565
0.0664441468971077	0.065806502471223	0.4973234785351008	0.10305307190379548	0.2673728001927729
0.3078537055840326	0.05900036806671166	0.39207054120563367	0.10220795299563182	0.1388674321479899
0.3784097467212443	0.07096473221975219	0.1376871356489875	0.12922397384388837	0.2837144115661273
0.3412801544828725	0.09745553077273848	0.35693169443192674	0.08756686309857813	0.11676575721388385
0.34426509219570145	0.11043529562595136	0.281396934511816	0.10786217233796118	0.1560405053285697
0.34804682799466513	0.0484651082805031	0.25621913634074744	0.1282890500147657	0.21897987736931832
0.5104901099847499	0.0487145812400161	0.15492653587274657	0.153604955444637	0.13226381745785012
0.2004771327150707	0.03783032238123066	0.4359256738777626	0.14507049843576295	0.18069637259017296
0.3363517570823794	0.0823461990758374	0.24027340870105346	0.18763288128866074	0.15339575385206872
0.16875540921321336	0.036365722601636896	0.5129429110903331	0.1572363015826107	0.12469965551220576
0.05991513345393876	0.05347650541409388	0.42015082649597846	0.20277247394844755	0.26368506068754116
0.34283885005506254	0.08890103479538025	0.3397771316779621	0.118112667244482	0.11037031622711285
0.22873911918557088	0.09131287177292494	0.28310646545187	0.1461303866891223	0.25071115690051166
0.21925093392406886	0.09814864445062646	0.19149038397251536	0.18229533583299096	0.30881470181979814
0.33475094860980203	0.033907511238085775	0.28640817174665345	0.17205950899390948	0.17287385941154898
0.2613940018332	0.11018203042008981	0.3100707576697318	0.12395078999528733	0.19440242008169079
0.3982047125502705	0.0512772703352771	0.16174416810438366	0.14277302014283794	0.2460008288672304
0.34789492080924883	0.06331879204583868	0.20419867041556003	0.17209685648411635	0.21249076024523583
0.12903296571016054	0.05438905858514967	0.5401718247923614	0.14203424234558484	0.13437190856674341
0.5063084310057554	0.09054572560574294	0.13126167177604542	0.1253353325043341	0.14654883910812172
0.22052480724224602	0.07428872848167042	0.22751089725127527	0.20763787449906587	0.27003769252574217
0.3322737589225155	0.10738309921180725	0.18981159487341462	0.12232267988156514	0.2482088671106972
0.17762493542132635	0.06870514960662721	0.32334158615522324	0.20773050602345147	0.22259782279337154
0.24866762229706116	0.08269266968156612	0.46020839750032905	0.08085059122118464	0.12758071929985876
0.44993313427039106	0.043036433258181434	0.1324176720702941	0.15002846748912876	0.22458429291200432
0.41123585724193795	0.06477385067918273	0.33504733393560304	0.07090640749564481	0.11803655064763116
0.05435722727941858	0.11420126787392955	0.338818154383687	0.1963254244397141	0.29629792602325067
0.39909148713265685	0.1056568366294982	0.15426113642352274	0.11958269915378482	0.22140784066053706
0.3723320210946638	0.052263644974646695	0.20319142311803742	0.07557713225949379	0.296635778553158
0.26871402364086416	0.07308490733759618	0.341214423389127	0.1244555327838839	0.19253111284852858
0.13033056317352087	0.08196119865835434	0.5864208999450597	0.08694690573075568	0.11434043249230921
0.17236959239678717	0.07714436091556606	0.45125644670960685	0.15124191489212233	0.14798768508591742
0.19825836535267963	0.0743989051848275	0.3586194812600588	0.08035529737575706	0.28836795082667677
0.41779950301921026	0.057088316268130546	0.2955301928760059	0.09839240541430411	0.13118958242234877
0.22588604291183478	0.10226212536230608	0.28214892582876	0.10640006336561794	0.28330284253148097
0.2781324886062714	0.07830511154729015	0.2542143955085099	0.07813193280507257	0.3112160715328558
0.3792922059341713	0.054719117545847046	0.32583628306227586	0.13145126343519636	0.10870113002250908
0.11733709204621492	0.056845409291491567	0.46965457576616754	0.1703538976837737	0.1858090252123521
0.1515863629105103	0.09736452841058434	0.34536928724721266	0.09518048049293236	0.3104993409387601
0.44788384884148086	0.03474464604722202	0.20529219618129377	0.08881895967211836	0.22326034925788457
0.31697465899099864	0.08024162132250431	0.2016004108365908	0.17019385815215723	0.23098945069774873
0.2240335620659404	0.08161083803434156	0.2008735460620441	0.19514929696627034	0.2983327568714033
0.08490762749473907	0.06293480034867782	0.5801346306632764	0.09989486744815046	0.17212807404515612
0.1479033497965871	0.0648877729790216	0.3503514004040442	0.1604053187194436	0.2764521581009033
0.5363122788234611	0.049650862023736614	0.15915072534500682	0.15520091116370774	0.09968522264408726
0.20470274406951794	0.05822636304278367	0.2696302909801851	0.1833954784899019	0.2840451234176111
0.07990282049529186	0.05315752620948483	0.4365589913338634	0.20642537555963492	0.22395528640172488
0.34369871710620475	0.04600386275308729	0.24530423546985988	0.08953868878787728	0.27545449588297044
0.3316044297923988	0.04655583613541442	0.2823585328340277	0.17647488721555904	0.16300631402259977
0.4295475035430524	0.1106605949545102	0.13552470141356848	0.18260045322952528	0.14166674685934327
0.09998994786235005	0.08371988060080157	0.4740127363117621	0.13283202651370168	0.2094454087113844
0.46092852928828165	0.09937593354186647	0.12157339033016439	0.07781282624855862	0.24030932059112847
0.31661393465771454	0.10084376742790253	0.12706483551352782	0.14647490387642514	0.3090025585244297
0.1967916769162799	0.04696225978639368	0.2853349404143962	0.19286503015072004	0.2780460927322099
0.35780665723522576	0.05223178415803309	0.2755445550154581	0.2113195907098612	0.10309741288142155
0.4085310486322114	0.07667591583062261	0.21305071871160575	0.18578531917138014	0.11595699765417977
0.08386243468495083	0.056002778806063136	0.44117039136331515	0.1825371795349875	0.23642721561068328
0.14395729884526703	0.098242026611937	0.4582457653748552	0.08889014379189827	0.21066476537604228
0.5014248844336175	0.044085348140896846	0.1146588441129713	0.09881081905628658	0.24102010425622733
0.20222657634249905	0.07893109823895499	0.39858148439159524	0.08581977515237783	0.23444106587457264
0.17576428637517572	0.07209301293430223	0.3969977046667301	0.19337602805722973	0.16176896796656204
0.08556097026245837	0.07102155197161736	0.46703731937413145	0.18553455639222094	0.19084560199957168
0.08254918783687128	0.11113888688234455	0.40588571232849	0.20842202309534485	0.19200418985694917
0.24964658300792036	0.04485809979238531	0.36100924468104634	0.13553420730445118	0.20895186521419656
0.3624680424833018	0.03619316407037232	0.1301634677250717	0.1653517836777995	0.30582354204345435
0.2695954164512392	0.09946749112150925	0.1976925549452012	0.16787263960922638	0.2653718978728237
0.22677690485141283	0.07788833598760446	0.4171191194837902	0.1226732410628591	0.15554239861433317
0.2017272234626228	0.0741099385521336	0.4498494717813343	0.10104210300399032	0.17327126319991878
0.23523508839184595	0.07848705219376996	0.3225964509376358	0.18806767416886405	0.17561373430788402
0.22831421132118457	0.10500153941499665	0.24461758876435674	0.1502090439138237	0.2718576165856381
0.2977937338684233	0.06536508850727407	0.2925008115483214	0.1892231628797474	0.15511720319623357
0.24012135046422675	0.05725171542375912	0.3060715915334406	0.08953898430730604	0.3070163582712673
0.12639630804449964	0.058580815806025255	0.4578344329521246	0.09080598887042785	0.2663824543269224
0.5991912608233609	0.060513301180616985	0.11734757623250286	0.12259776165820055	0.10035010010531825
0.39077865292862546	0.09616178567155703	0.14546594873934748	0.1540850861191696	0.21350852654130006
0.37503152857524763	0.050544332327483815	0.1671615353067259	0.18948732690942321	0.21777527688111914
0.24822342581384904	0.048659057414491086	0.4604404899814649	0.12745952147423678	0.1152175053159579
0.059161956262375415	0.10933976389240543	0.48258763184197734	0.0874679229965771	0.2614427250066646
0.24570231220508693	0.1098604439283288	0.387339409510234	0.10330830121897637	0.15378953313737365
0.37409797973696773	0.10831049793059595	0.2642591706694666	0.09484820079621109	0.1584841508667583
0.1799960168373531	0.05284444482320766	0.41748660528546316	0.10197334631934739	0.2476995867346285
0.10607492339350635	0.07819927190853003	0.49020881285756157	0.07575116135416762	0.24976583048623424
0.42720216562182145	0.0466817919977669	0.13937576974436672	0.1837826913488794	0.20295758128716515
0.0988078263747585	0.0876707730742611	0.3995331058483733	0.19402627806352243	0.21996201663908446
0.1636282509201752	0.11267907456288136	0.4342694188786398	0.1111603340701955	0.17826292156810797
0.22381872016410828	0.09718967815569346	0.47014394508653223	0.0938366197353427	0.11501103685832312
0.39670908642902464	0.06425789541548063	0.24244339231379086	0.10686909628735256	0.18972052955435098
0.2260052294822572	0.08383699732533224	0.25778305886353153	0.14238558233898638	0.2899891319898924
0.5749749668819306	0.0495345934387193	0.13938146958348618	0.09973661564438954	0.13637235445147386
0.3483492375700925	0.04608045536283603	0.37585967202409176	0.12657278736396332	0.1031378476790161
0.1250724706733886	0.08040018746527809	0.39298619959633774	0.19035641751752774	0.21118472474746763
0.17352997448229568	0.05023367588694927	0.4583679417878345	0.15221198268124897	0.1656564251616714
0.31123767888574067	0.10829407463191086	0.2034620487952774	0.20020964177881198	0.17679655590825882
0.06846843984686046	0.08993877987021004	0.3908662266960832	0.19558925820672382	0.25513729538012236
0.19152979891846134	0.06680236769124423	0.2990617728581221	0.14289117884203917	0.29971488169013294
0.15588314350496738	0.093885021347372	0.4947446316018194	0.1532644397576304	0.10222276378821069
0.3223848373929086	0.052558577729893974	0.2582767867705622	0.10295730338093662	0.2638224947256983
0.23329037224222793	0.09540146875700918	0.3164829567684602	0.1552829318044753	0.19954227042782716
0.1657929722711876	0.10640117974362258	0.41327057930051914	0.12351894347820686	0.1910163252064636
0.38260176352260633	0.07458576659336916	0.1567401486346215	0.0862032532342845	0.29986906801511826
0.1766126607701751	0.07768042671192565	0.44489787769180067	0.11750965715137461	0.18329937767472376
0.18845700141546345	0.046895416195751105	0.38568288531274764	0.16463058934562277	0.21433410773041484
0.2593762107613687	0.08986390457068945	0.37925070796280147	0.1261254587971905	0.14538371790794963
0.05510689528596302	0.04081427425426726	0.5794922977144745	0.18341866260515402	0.14116787014014098
0.12932740045313867	0.049418509160015806	0.5291588436545112	0.1132839519043888	0.17881129482794536
0.07988530771906938	0.10616428802869117	0.575952305265751	0.10911825302903932	0.12887984595744892
0.23190573401037043	0.08053263679681393	0.31577427242009803	0.18382185629403744	0.18796550047867996
0.058478145556138894	0.060719124985911116	0.4271196350896083	0.19995582497945416	0.25372726938888746
0.07345445547565985	0.07996054359718476	0.41258694914470145	0.18123280481266446	0.2527652469697893
0.4755108379111325	0.042099248992260224	0.2036982499805216	0.17920976779144385	0.09948189532464141
0.209780119791052	0.03751808710503887	0.4048438179732481	0.18966525314082394	0.15819272198983686
0.08971393861082017	0.11110335583789661	0.40657021008695365	0.09332299173753715	0.29928950372679225
0.07315642709830084	0.10488349298709279	0.5058181495870242	0.17927895662835527	0.13686297369922668
0.1820605374795209	0.04595334285416797	0.5877541760482741	0.07544258092594097	0.1087893626920958
0.1692886060064916	0.05596044783899862	0.35259454993554484	0.13555966746170628	0.28659672875725845
0.5174585074952964	0.11166713010433266	0.1284723064762788	0.10124797360403055	0.14115408232006105
0.0922068727215147	0.06883562299437149	0.5060965866142669	0.152677251542004	0.18018366612784267
0.15193392566799718	0.049085969367454296	0.5341684261115623	0.15760913023160228	0.10720254862138373
0.3125734346325459	0.08059997610305224	0.240171450998395	0.07778881252872437	0.28886632573728227
0.4234000960818602	0.042729955605696424	0.162586536568419	0.14655819751619273	0.2247252142278313
0.07219132761443958	0.07695350403608535	0.35092373490770656	0.20443624243103303	0.2954951910107353
0.4394799232707317	0.1044277629707944	0.13639091012899962	0.08274136160374936	0.23696004202572457
0.374082449968764	0.09442798566197487	0.2078325851075426	0.1002481019029988	0.22340887735871934
0.143778046632577	0.05812776403405301	0.3669790534638437	0.15877329687597588	0.27234183899355024
0.43092125325524755	0.07657306140080912	0.25275124708057395	0.07431097341256071	0.16544346485080838
0.19525359250339072	0.07460209007025359	0.35151035091090993	0.10389976065884643	0.27473420585659913
0.2381310405321677	0.05621870090038539	0.26431098049851215	0.18632296126198308	0.25501631680695147
0.46823755369066083	0.10562675205975988	0.138589396905659	0.07719130906461516	0.2103549882793047
0.14861031258671412	0.08600557348189791	0.3528511826205299	0.19089332049664606	0.22163961081421185
0.1688951524319653	0.057844539545586354	0.493521532719433	0.1466946360107607	0.13304413929225456
0.10873295892450269	0.10883257233007551	0.42482594529111534	0.11653956093508742	0.24106896251921886
0.3861264334540509	0.09377127685264361	0.30280986242173114	0.07171425797518058	0.14557816929639344
0.4692177142934912	0.05238051598427046	0.11276835526769725	0.08628132337569712	0.2793520910788436
0.4380006354743434	0.10678301419546064	0.12656717173384108	0.11604664665246393	0.21260253194389056
0.2888554151664942	0.09605513764201604	0.3091063172779459	0.08053856608252688	0.2254445638310167
0.1368507118754262	0.06587890688807746	0.43414701478412865	0.17453654940675867	0.18858681704560876
0.39548549440141795	0.10270853306330838	0.20914973938373788	0.16886579350821868	0.12379043964331679
0.28125501389869967	0.06623135913996189	0.3661797969181172	0.14021249631055152	0.1461213337326694
0.10990308208979283	0.08049888731266121	0.4734786910999455	0.07322690517123451	0.26289243432636583
0.24147451018881494	0.0461514905327933	0.3891852050321449	0.16546436060953776	0.15772443363670888
0.06083667744470214	0.07837327982312679	0.4642545012892343	0.1370959506003887	0.2594395908425479
0.11419553158069469	0.05785128658400879	0.5163910395644866	0.14004669577795203	0.1715154464928577
0.30104895545358046	0.07663234414705226	0.2547228259425399	0.103880977697902	0.26371489675892507
0.49871008760668945	0.04863661104246972	0.1790102941753367	0.1219827942385606	0.15166021293694315
0.20877834117588173	0.1085939584731393	0.2653855617552425	0.10807203387541017	0.309170104720326
0.31575885873240306	0.057240794243626186	0.2424233495516535	0.08344504296800406	0.3011319545043129
0.5666945525944501	0.10144771999662042	0.10975069712239716	0.10476100229628174	0.11734602799025015
0.39110820649274797	0.0411143169106524	0.3411997640785224	0.09525350005064556	0.13132421246743126
0.17769183429026547	0.03572119022657688	0.5390770304753636	0.12512605379025474	0.12238389121753915
0.3438100424139754	0.07432363406526252	0.16002360710605545	0.11501259271400366	0.3068301237007026
0.06096840711872423	0.09369737178691347	0.5758628163328342	0.15746207521794636	0.1120093295435816
0.1794418703904581	0.09777979055684709	0.42448542372971654	0.10757664723498334	0.19071626808799466
0.14116474712527297	0.06275596534596734	0.4311037614961197	0.16840873278962154	0.19656679324301832
0.09957202034211912	0.11000853755260068	0.3985113090713983	0.20275140087225987	0.18915673216162185
0.25368680328798715	0.08801755708827264	0.2278623507835888	0.18310857330702038	0.2473247155331308
0.39653513458054257	0.0599597566727636	0.30115660291167234	0.12009982807797925	0.12224867775704192
0.2546032837646673	0.05364398686754285	0.2175594184756945	0.16287925768495798	0.31131405320713706
0.09756429989629717	0.08311107244838546	0.436628857382273	0.17358697301743142	0.2091087972556128
0.1282750274592691	0.10708170901605941	0.43658694619370714	0.11447080675211742	0.21358551057884673
0.07005773191399034	0.04424507073655168	0.5638592267363001	0.12787132668562684	0.19396664392753096
0.17416695798632614	0.07302586080553233	0.3948540884853906	0.11436798998317203	0.24358510273957867
0.40141363324214113	0.0644083564504696	0.27005809248999485	0.07379369110113534	0.1903262267162587
0.21150975782042591	0.07283783467760163	0.2812596367985162	0.18742853800959422	0.2469642326938618
0.4102695651328714	0.095698333060748	0.16688713333381416	0.1970276689184545	0.13011729955411158
0.11917538549660121	0.0717502919664218	0.48451328732132787	0.07066328626678228	0.25389774894886663
0.28646025079531323	0.08186115977891029	0.3084523876581946	0.1875738131059379	0.13565238866164367
0.3919817644658045	0.10065950917974847	0.2961229364433535	0.08619027142098196	0.12504551849011117
0.18015446755854575	0.051884120670566414	0.33060885345672547	0.16805427498644873	0.26929828332771344
0.3466077056651917	0.06309381840190159	0.22892343162483308	0.09495596477260168	0.26641907953547156
0.11372424980201441	0.08705340896539993	0.36223141709111484	0.19001346177249762	0.2469774623689731
0.5503327779250311	0.05706933048000379	0.12469621536528547	0.09364803574149384	0.1742536404881853
0.12993942784063786	0.09148379179198698	0.46718044657352953	0.1820705869650085	0.1293257468288369
0.34636471300937344	0.07166025240806326	0.21305855560308234	0.07050683303055752	0.2984096459489231
0.2081228974535409	0.06382138873260032	0.32072515855970585	0.1786791908359124	0.2286513644182403
0.4106085220030409	0.05823981042323781	0.16221930507607782	0.13549219330303244	0.23344016919461066
0.44620995090490867	0.06458245717651212	0.18606960215819873	0.15048788965370863	0.15265010010667152
0.08444651853323737	0.06481002452299234	0.4495973346192567	0.10509864624121196	0.29604747608330145
0.08242420711053006	0.05047612879251043	0.5894461265781539	0.12273648415080259	0.15491705336800293
0.2804392042595823	0.03770883837147418	0.27922183355571284	0.1577793391307018	0.24485078468252863
0.06997613889003315	0.06408537081051369	0.6039631135008443	0.11111778529583112	0.15085759150277753
0.07475967704675346	0.0983295944200525	0.41781576183769853	0.13784137798644633	0.2712535887090491
0.47568042721218046	0.042235972126889676	0.1165918481427101	0.1276338376006556	0.23785791491756378
0.29447644768080306	0.09792780230829568	0.13626866551788533	0.1871099430719291	0.28421714142108656
0.2143122876749055	0.06878637463015641	0.3494683807834176	0.17621186364345837	0.19122109326806186
0.25723450331453934	0.09972813291228612	0.342926609172204	0.08886289876387886	0.21124785583709144
0.1157627035599615	0.09519633299991885	0.5274313336769434	0.10181305295514212	0.15979657680803394
0.2975149651891168	0.07808284301998741	0.18438540847099008	0.12497485673652349	0.3150419265833819
0.43312620485757036	0.10439688659546881	0.19764986788628525	0.10639869324924192	0.15842834741143333
0.06346939518782471	0.09346417956408343	0.6022737534314448	0.11364174535112638	0.1271509264655206
0.24201065682214457	0.07865362407001042	0.30874079506066054	0.1286084382530533	0.24198648579413096
0.5445147450269566	0.04025327429134748	0.15495883658813644	0.13622236182317915	0.1240507822703798
0.28711712432821274	0.08981835872245683	0.16973126547498973	0.1869666541060368	0.2663665973683036
0.4734640066659452	0.07464241291722731	0.15726694616527204	0.19513969741297063	0.09948693683858448
0.432390775509542	0.03657251808449852	0.14684315174721235	0.16064955356896776	0.22354400108977898
0.2786570156391921	0.10585030908195543	0.2685336420238605	0.07682034125083013	0.27013869200416163
0.3882878255618594	0.0694136695826989	0.18035269663371467	0.1791971177688293	0.18274869045289738
0.20602625805288502	0.04839589776911468	0.3979764176851311	0.09265125303034323	0.2549501734625258
0.22162805996259158	0.046115327412267315	0.4182798388249097	0.1370122216982863	0.17696455210194484
0.34003270520613776	0.055574034525179755	0.196124163465953	0.21387292931556895	0.1943961674871602
0.32730751939828756	0.07148814958114799	0.34097797642038	0.0992205322538984	0.16100582234628572
0.06842510995657314	0.06247521178946594	0.5800874094347539	0.13416409540687724	0.15484817341232965
0.4877988471104118	0.061326047446963766	0.13251152759485385	0.13939125349625814	0.178972324351512
0.2117741307115157	0.1020684772007018	0.46723521823289055	0.10910307867786316	0.10981909517702858
0.15858239213027958	0.058226571578871844	0.40514280004640435	0.09242632945311183	0.28562190679133215
0.32260450883332403	0.11368761990457214	0.14272130114023376	0.15369802772699315	0.26728854239487665
0.060611529720254576	0.06810247483695753	0.5263247251766539	0.19568192251391328	0.14927934775222068
0.4305637087753711	0.06932809787353039	0.24391071214601795	0.078314635439762	0.1778828457653182
0.5209992979867305	0.10147608799325476	0.10965846357744229	0.07973257553984113	0.18813357490273092
0.14941987700112278	0.07721961095510933	0.5623658401300755	0.08538358348046078	0.1256110884332314
0.12039349343149591	0.05972172632055123	0.5245763891644872	0.14162130868008752	0.1536870824033778
0.11904794667516118	0.06867218034408423	0.5644398522281993	0.07450134822285145	0.17333867252970386
0.40875009344925617	0.03485217002271729	0.2329703460729488	0.12177683475982767	0.20165055569524973
0.4757534547406488	0.04818885350193361	0.17363598344189096	0.09216589820070271	0.21025581011482355
0.17442414152142516	0.09619755578233272	0.39132068211664783	0.14682756021114002	0.19123006036845408
0.08916619414329789	0.09078671249864237	0.47468315277448825	0.20631920037114163	0.1390447402124297
0.4189699974400818	0.07248568466838762	0.18740648607336766	0.0956300698833513	0.2255077619348113
0.2331503276692783	0.0797963225034604	0.26290856995303685	0.19342725306229347	0.23071752681193075
0.2767279932988206	0.0522654156493626	0.3492618660525273	0.08271012509252008	0.23903459990676912
0.2695146298354396	0.11066194542815731	0.3552606374297201	0.14362633385355095	0.12093645345313175
0.28335048017945	0.04253912784169797	0.2752718834016098	0.1967907702932681	0.2020477382839738
0.44488442238442194	0.0705302514398421	0.21116788372498335	0.07725028305213966	0.19616715939861262
0.0542240470440179	0.03456112480133289	0.47300013351392545	0.13779950032874802	0.3004151943119756
0.3398086026778262	0.05936117028715582	0.24340347496593256	0.19153841371621963	0.16588833835286546
0.1846049302416267	0.04616943131306639	0.37870698406186865	0.20295054480171462	0.18756810958172343
0.11150481844120554	0.06701030207872138	0.3980933519294918	0.1630857257130652	0.26030580183751595
0.06462751157580177	0.06329705929815246	0.5715713433184306	0.19445973478379006	0.10604435102382487
0.46830938343442036	0.03548904254469476	0.19513637373850048	0.10482469285143843	0.1962405074309456
0.328347866416614	0.06789114527841233	0.15252377281065754	0.1621633875968017	0.2890738278975141
0.10920418162148322	0.07265028142287183	0.5182489061489148	0.17319371110509757	0.12670291970163228
0.26829704226517787	0.057767375100998386	0.1896617783973915	0.17358293840594274	0.3106908658304892
0.2675871156991134	0.041509217337285076	0.30128265840765506	0.12423480412493082	0.26538620443101535
0.27407096600024156	0.06884259624349862	0.3104703938505147	0.0880689950080796	0.2585470488976652
0.34970891140885635	0.07574290175581694	0.202255880230551	0.18687740108975537	0.18541490551502005
0.22585564953360146	0.04342435599755137	0.3329127397859879	0.16321876008313208	0.23458849459972692
0.29353082317922763	0.0939715012712485	0.2882904910574965	0.19573615000226802	0.12847103448975905
0.39176183025339395	0.04897623886579949	0.22753602973733794	0.18786139364286156	0.14386450750060675
0.2192864835909225	0.07863257391967218	0.36433715474817163	0.10054833880223493	0.23719544893899847
0.25677125620066843	0.11313993120554715	0.22458111958861401	0.1647640140665108	0.2407436789386593
0.2901947313476881	0.07255250666107582	0.3389217544812178	0.16086765488647575	0.1374633526235422
0.10969358176934238	0.04163169315355136	0.4481737545789536	0.15124440387281987	0.2492565666253326
0.12216488438587772	0.07076083578173906	0.47965510124631117	0.18733367878955243	0.14008549979651946
0.09513245247884897	0.10818658416173482	0.452193420435336	0.14620898402973745	0.19827855889434262
0.29381773501327463	0.07411848171696545	0.28477815089003383	0.10093454790110415	0.2463510844786217
0.34562985481624764	0.10509047955353765	0.20469983881736642	0.20152146611744218	0.14305836069540578
0.06814906455029224	0.052332124063507846	0.5724741738837437	0.17872467855981528	0.12831995894264087
0.2209072545141537	0.056524605678618195	0.4054897839769571	0.20228687022636346	0.11479148560390734
0.26960668432001544	0.10270637160688638	0.24656911447232235	0.1059920961704945	0.275125733430281
0.3676710343738994	0.06375918253742799	0.12579468863468032	0.16277825037607474	0.2799968440779172
0.132462710638437	0.05795993386679843	0.48118013921117814	0.11185841582874967	0.2165388004548366
0.12450618752301237	0.03728596178826338	0.531522836633256	0.17833603837353088	0.12834897568193723
0.24236287108978727	0.05173727181140067	0.35405465801534974	0.2036856939319895	0.14815950515147258
0.38949980899652403	0.0341799721594192	0.18327507583713543	0.10154002414433747	0.2915051188625835
0.3973672587706954	0.03383036678351875	0.21846466911362036	0.1897889918855311	0.16054871344663402
0.3688818308592289	0.10072143796812415	0.19166225117291735	0.17926995624428232	0.159464523755447
0.34849529062516377	0.05834162101168269	0.24378767398599313	0.18126689002421584	0.16810852435294427
0.3879603252744808	0.0678108985728989	0.28697659715275625	0.07388260335034944	0.18336957564951428
0.0880537671540066	0.08587764783755393	0.5602059031668478	0.12432815997250467	0.14153452186908677
0.13321634879525873	0.09646634760260947	0.39753670728207335	0.09117576932377604	0.2816048269962822
