0.21986697055956092	0.0847242563442685	0.2974323896409275	0.15563281790830924	0.24234356554693365
0.2415893048370203	0.07913351479562664	0.3174519433494831	0.1398771753350631	0.2219480616828066
0.21822619101863663	0.08872024536140431	0.2898400746305799	0.16556987363894682	0.23764361535043207
0.252642320043454	0.08381588322217633	0.29229936397941847	0.14045703651617297	0.23078539623877803
0.25308320213564284	0.07119054762802354	0.28725308020618057	0.14629310109552437	0.24218006893462846
0.23635785529696118	0.08065031808477692	0.30101837973029355	0.1518238513935719	0.23014959549439618
0.24790412032518014	0.08594641471134651	0.30552568669721325	0.13978324227667197	0.22084053598958783
0.2572364143344827	0.08608553589738865	0.2910701125633871	0.13947348123554845	0.22613445596919282
0.22863431467220763	0.08194143931279212	0.2989736841701768	0.14224445565955357	0.24820610618526967
0.22482750490340983	0.08312904319892861	0.30630924015518496	0.16077529804205717	0.22495891370041918
0.22205171644024246	0.07249230689094141	0.3232015411757315	0.15923320870351015	0.2230212267895742
0.23129906170287184	0.07648990385163212	0.31014441045945407	0.14915488254757298	0.23291174143846874
0.24313537738455862	0.06860753185520074	0.3037441043503606	0.13927373060803355	0.24523925580184625
0.22751849190379203	0.06920701504858098	0.2994567400132361	0.16007628960806045	0.2437414634263302
0.2359927867753133	0.06971120631632505	0.30492503448968644	0.16319633269296596	0.226174639725709
0.2384214915038257	0.07664755993567032	0.29487604954013924	0.15293103430107693	0.2371238647192876
0.2310344321839673	0.07414283656938256	0.3087608931159884	0.15965303696846053	0.226408801162201
0.22598945526512432	0.0871095230249458	0.3060363254064715	0.1448699275567478	0.23599476874671033
0.23349456540641025	0.0780867589932118	0.30607024692579593	0.15423896039284085	0.22810946828174092
0.24025280195690213	0.0779742440375535	0.2912900619084941	0.15205197713951815	0.23843091495753188
0.22867686246783814	0.07786142066402366	0.29903970758322923	0.16143633520746503	0.2329856740774437
0.23415007969946106	0.07231889795365251	0.28804573621551155	0.1598886567011118	0.2455966294302628
0.23725976004134178	0.07139506147566185	0.3179139601512587	0.14609712512249123	0.2273340932092462
0.23426634432750493	0.0712301427717654	0.29773434206835997	0.1584035043297986	0.23836566650257085
0.23468663263295947	0.07408956579856668	0.3065684093791873	0.15260462662345023	0.23205076556583612
0.2491688772939885	0.06975893704835512	0.3027802836065048	0.14956358802646655	0.22872831402468477
0.25363430940560605	0.07559921750134632	0.2853660615672172	0.15977896400695837	0.22562144751887175
0.22220749739496082	0.08838745654244619	0.30955736058717875	0.14252982078530294	0.23731786469011107
0.2186070590268675	0.08347090744387022	0.30454744621725904	0.15461929747912606	0.23875528983287686
0.24577818179218813	0.07449716956184524	0.3063453084630966	0.14890563773309892	0.22447370244977086
0.2454701885486681	0.08279453954228341	0.28449703092225187	0.145978487544622	0.24125975344217437
0.22831676938773468	0.0784091147352485	0.31644353382998786	0.14967262107950227	0.22715796096752647
0.24816753069351558	0.06878633066000064	0.2884820944082969	0.1486755990889148	0.2458884451492718
0.22942165080732396	0.0814828042768646	0.3081218713649082	0.14060683827114942	0.24036683527975355
0.22065017576764612	0.0740404591422143	0.2944540161828292	0.16564955231503573	0.24520579659227443
0.25484359099826737	0.07640751854705152	0.2818851893981539	0.1418319172471737	0.24503178380935323
0.23976324978964447	0.08365846276542763	0.30687540260689045	0.14387760234672628	0.22582528249131092
0.22079704271055411	0.0863207330998775	0.3101028780755411	0.14550472737781878	0.23727461873620825
0.22841412614213236	0.09000308165106533	0.28871370813830344	0.16111917918498128	0.23174990488351735
0.22075457548626318	0.08341197024323858	0.3114190353411613	0.1606386456925474	0.22377577323678932
0.21869844143275768	0.0851360025653813	0.3021526176964036	0.15331340563894738	0.2406995326665098
0.23429532997862823	0.07781314257823617	0.3140276184437867	0.1398334226421458	0.23403048635720286
0.2370374154193895	0.0789380390086646	0.30517989966689973	0.1469973744225594	0.23184727148248646
0.2221708448074654	0.0794739329705302	0.31625662607648847	0.15665194595690096	0.2254466501886147
0.2378550794042878	0.07216718622619983	0.2995799501194472	0.154080189720078	0.23631759452998696
0.21923560332279876	0.08916691098047569	0.3060928693482726	0.15521173426743795	0.23029288208101475
0.23058394275990557	0.08329454009473002	0.2977842603538474	0.16385444932362342	0.22448280746789337
0.24475439912555685	0.06943637348272674	0.2892828429867807	0.15197402054693857	0.2445523638579969
0.2333560637654802	0.07128906628987164	0.32008532893544916	0.14383654201151685	0.23143299899768185
0.2334865132224484	0.08216216052248149	0.3011980261866811	0.14588894976175823	0.2372643503066305
0.2347128213418838	0.08710466855946254	0.3022944457132296	0.13932707729637372	0.2365609870890501
0.23517672104590176	0.0698583961544027	0.3043486824987247	0.1622626182684793	0.22835358203249134
0.23888965662518538	0.0773868679968126	0.30355337594523235	0.15887896458623857	0.22129113484653085
0.2299779958490487	0.07525872613650028	0.282554210939841	0.16753404020911064	0.24467502686549913
0.23562774182334978	0.07351786110304795	0.2952471992711384	0.16541445849659492	0.23019273930586875
0.2360409215254775	0.07554601828095116	0.29727681858859034	0.1678023486036558	0.22333389300132495
0.2478311129961051	0.07848163061672649	0.2896736243736014	0.1486210215371128	0.23539261047645396
0.23044919913816386	0.0810356782881093	0.3016506583230013	0.15356888166261345	0.23329558258811187
0.2447919435070361	0.07260781409081907	0.3091031071310071	0.15070365008892458	0.22279348518221292
0.2439481537693891	0.08213557992272817	0.2863969892408367	0.16405790168624168	0.22346137538080413
0.24971807793896353	0.08340411224424664	0.28685401562047164	0.15547765146038403	0.2245461427359339
0.24191588750778065	0.08834970810902779	0.28760604787608746	0.14283365384436628	0.2392947026627376
0.23596261232415186	0.07764276815367874	0.2960053195919698	0.15908924686194362	0.23130005306825577
0.21890914360368394	0.07912799263299382	0.3043255795050376	0.16496618391125434	0.23267110034703006
0.23428853352107376	0.0832333808412011	0.28903906543980445	0.15910352145765652	0.2343354987402639
0.24525526995656222	0.07583181945809535	0.2967679920439965	0.16159467218059448	0.2205502463607512
0.2518848815819809	0.08469431792736794	0.289525984885388	0.1487265100582888	0.2251683055469741
0.24190067411497185	0.08992914501379821	0.29462115650444953	0.15135579729103577	0.22219322707574438
0.23379264341149755	0.07579552281629501	0.2975803444246932	0.15354589878865332	0.23928559055886067
0.22361447591348732	0.0822950536460042	0.3016690587274303	0.14602240976767805	0.2463990019453999
0.23053527296393195	0.0791753777131573	0.2947624379076319	0.1542605099726424	0.24126640144263622
0.25264877380014333	0.06857580371440539	0.29753914731493364	0.15423346074141847	0.22700281442909892
0.23865481319689666	0.07547502851618085	0.29226500387573123	0.15731273780214522	0.23629241660904574
0.2295198483368798	0.09000663839397839	0.28642632271813145	0.15568795456380982	0.23835923598720024
0.25657229544685994	0.07000534336397268	0.2977919777281376	0.14909854573260262	0.2265318377284269
0.2498041286485214	0.06915701026831128	0.2951435626763624	0.16206021053700817	0.22383508786979653
0.23532468745960344	0.07197213045624265	0.30062586953477344	0.1542245673247311	0.2378527452246491
0.24241121238942248	0.0769501572437557	0.28945587446353727	0.14280377881221898	0.24837897709106535
0.23248823835216134	0.07623136934057599	0.2968021393187237	0.14901688395225904	0.2454613690362797
0.2291103938348567	0.06889155500606475	0.3212885676261149	0.14953484923207955	0.23117463430088386
0.2368424207020524	0.06934280266276877	0.3170687462297107	0.1520509923720299	0.22469503803343796
0.2339250178769144	0.06906230075140016	0.29350822324879255	0.15598952308945274	0.24751493503343996
0.239313989575222	0.0733348279245819	0.2852007054969641	0.1586130954392331	0.24353738156399868
0.2256904215568929	0.09003194974251273	0.30485521338703275	0.14042891608799046	0.23899349922557095
0.23970430859395256	0.07590908353836144	0.2838469878036645	0.1602450064099171	0.2402946136541041
0.2431566354585087	0.08482526020887382	0.2920895846242284	0.15159592868077668	0.22833259102761214
0.21990703486319532	0.08280606404687986	0.31669975096717395	0.14588067190457693	0.23470647821817367
0.23915743079018767	0.07063433273432657	0.30817297013067696	0.1559319640720193	0.22610330227278921
0.23257256706344728	0.07113549056840845	0.3029923390900101	0.16609262506599562	0.22720697821213826
0.2278800403345934	0.07302245799002688	0.290662859811836	0.16037323343823406	0.24806140842530944
0.23383068336836962	0.068834498827953	0.2928578187270152	0.16334564276738553	0.24113135630927632
0.24969276334280466	0.07528232294542606	0.296774284525411	0.1473922170346658	0.23085841215169228
0.24882580706805435	0.07322219444848374	0.294813891258317	0.15453384238497114	0.22860426484017352
0.24223446488292952	0.073263589442678	0.2976948321202516	0.1428375949736724	0.2439695185804682
0.2439550521363675	0.07579192654521151	0.3201326768500148	0.13919981706897605	0.22092052739942986
0.2518918472118122	0.08123588851490193	0.28297734777556305	0.14761607789984427	0.23627883859787832
0.2281682356720538	0.0852901575294963	0.29778051984520126	0.15846999985732807	0.23029108709592028
0.22977632038264606	0.08773878515303223	0.29205346750877037	0.15742532318894423	0.23300610376660685
0.2556170812447961	0.07460562469529475	0.2819800494112051	0.15830634335233595	0.22949090129636787
0.23463001146982332	0.08689318481795993	0.30668582019107715	0.14223569943739495	0.2295552840837444
0.22680540092330928	0.08574594590867597	0.30239596509092653	0.14671310219784459	0.23833958587924337
0.2420963912601431	0.07506135169074789	0.28533421188584074	0.1544854415946963	0.24302260356857172
0.22803497765005812	0.07841738204120624	0.29559416255885607	0.15787516500715876	0.24007831274272057
0.21870296553585183	0.08814179026668326	0.31364510933271106	0.1449000591913212	0.2346100756734324
0.23622500728528606	0.07867179862937979	0.3137398822938258	0.14375955552946684	0.22760375626204124
0.2245629187679714	0.08890562107036476	0.3047627462214976	0.13907964951797347	0.24268906442219246
0.25176431887950346	0.08244063309944558	0.29431097392579375	0.15115900931491194	0.220325064780345
0.23416543278977725	0.07216463120342506	0.30202997516301283	0.15224383942590283	0.2393961214178818
0.22840913126319887	0.06890626940617725	0.32062827432494734	0.14596744710384335	0.23608887790183292
0.23546191103060732	0.08196485018052184	0.29207096114949316	0.1427216110050683	0.2477806666343091
0.2521366679361671	0.07037267672299843	0.2879235473566908	0.14165241803227657	0.24791468995186683
0.23965451643826766	0.07475504788131401	0.2997320472010195	0.1528191258730603	0.23303926260633828
0.22218607071978816	0.0717230846867073	0.3238707688557857	0.15253382861976145	0.22968624711795715
0.23452034508567474	0.07071246888392146	0.3107520341238525	0.1626138875477466	0.22140126435880444
0.23685945273790504	0.0777161474937924	0.29854540775045596	0.1581872196295451	0.2286917723883013
0.2509619985527308	0.07774579332174375	0.2857838110997859	0.14879039845442218	0.2367179985713171
0.24904507031178152	0.07077137009734669	0.29575118410861234	0.15036856298751372	0.2340638124947455
0.2367441262017515	0.08799476884599486	0.3035315582933741	0.14060340169360286	0.23112614496527648
0.2483608275613285	0.08376804586273356	0.28250274614332094	0.16134322055943384	0.22402515987318294
0.22953527508792326	0.08199919454931007	0.31888601530289734	0.1424225699550192	0.22715694510484988
0.2292373002096988	0.08072816597808566	0.2985261343542538	0.14642692829346962	0.24508147116449192
0.24412484934837023	0.0757874204386264	0.29274877882247363	0.16479812560761645	0.22254082578291307
0.24019112549261432	0.08058534625938231	0.2864979039901104	0.15141609832389757	0.24130952593399516
0.22311778294988044	0.07688661595519705	0.3089725372547783	0.15238959049839834	0.23863347334174564
0.23567634783857883	0.08215038525953837	0.2999150951672869	0.1444831983865654	0.23777497334803022
0.22720397258766187	0.08295721698272283	0.31298481728958705	0.1428992783576821	0.2339547147823459
0.2349731293322606	0.08519133618815994	0.28702410381344834	0.16509168430701096	0.22771974635911987
0.23572345939088019	0.0871717998281347	0.291180221115021	0.15472492871461951	0.2311995909513444
0.23046757291045541	0.0689117550544949	0.3144393186194972	0.15561266909542995	0.2305686843201223
0.22852126334612333	0.08633140098228204	0.28214686978594994	0.16347055401278068	0.2395299118728638
0.2363895806793413	0.08407978016168524	0.2854138202872165	0.15347078933938552	0.2406460295323712
0.22078157015668642	0.07294361624601686	0.3185780689976889	0.15121066336168995	0.23648608123791753
0.23230685335514667	0.0851001630027134	0.28614925803226127	0.1656944350077363	0.2307492906021421
0.23831304814221257	0.08666173167778411	0.28281349437943815	0.15627314510466128	0.23593858069590362
0.23081502108697163	0.08174536244076891	0.31825240696802204	0.14385571091751204	0.22533149858672516
0.22038853567930553	0.08236552694346255	0.29287801783283895	0.15998107766109126	0.24438684188330145
0.22516291711920555	0.0758608377941253	0.2967635566235375	0.1545835978383627	0.24762909062476873
0.23506637068987388	0.08270524076009765	0.3036318739471655	0.14944189762418025	0.22915461697868245
0.22084905626374549	0.07190964019804744	0.3210555080296713	0.14319476427609906	0.24299103123243648
0.22105013063498058	0.08690313362064514	0.30352858917266445	0.15370997529548583	0.23480817127622378
0.24033837383143886	0.07575457617682604	0.29383009302462937	0.14216545111097517	0.24791150585613037
0.22482916442430984	0.07012496568355778	0.32374390028223576	0.15059402024798046	0.230707949361916
0.24718854068972165	0.07669896079024863	0.2974129855429968	0.15118642231700402	0.22751309066002867
0.22550648775148802	0.0862434440179121	0.29999146471935184	0.14286385522508083	0.24539474828616697
0.2496651395548522	0.08106837686391559	0.29378554190328326	0.14420233473468094	0.23127860694326774
0.2335079814129471	0.08765914519904691	0.2986651641407787	0.1525786293236191	0.22758907992360797
0.21913960641390473	0.0731110193986293	0.29479378986660476	0.16692355440308684	0.24603202991777415
0.22986659703300535	0.0850913667636002	0.31728452614473407	0.1414229864110473	0.22633452364761286
0.25259559582306385	0.07257183029178157	0.28430284089059366	0.15724394301840064	0.23328578997615998
0.23696724507901443	0.08665200746023975	0.2905034896371952	0.16365262378028597	0.2222246340432644
0.22356490512774296	0.07242742021253423	0.31820821120051757	0.1618167619040408	0.2239827015551642
0.2476307895163961	0.06962740355940664	0.3043624387641347	0.15277928979037686	0.22560007836968546
0.23796752664253962	0.08917754732806682	0.2889347648276796	0.15809385867606007	0.22582630252565364
0.24383675477394268	0.08677598680376421	0.3056836421262273	0.1392116094532412	0.22449200684282433
0.23435439816990564	0.08862040057000173	0.28937312861720055	0.16439210819293243	0.22325996444995938
0.25092693292636287	0.07689975747355537	0.3004377210566931	0.15073422092650476	0.22100136761688366
0.22146242115466042	0.0827138858688188	0.3054671571018147	0.15794895392542155	0.2324075819492843
0.22865088515016138	0.07322950058923403	0.30940566272624725	0.14625537019941634	0.24245858133494075
0.25155791732817645	0.06997853314089506	0.29562991159384305	0.14972093957908522	0.23311269835799994
0.2485865803705814	0.08465106710617568	0.29140007499577647	0.14071420469915163	0.23464807282831457
0.24093278994581546	0.08109436207905071	0.3009043836310331	0.1475488716258097	0.22951959271829078
0.23206229596751465	0.08643469094561777	0.30047332087909917	0.13906385256838114	0.24196583963938706
0.22766747192405246	0.07490530183802296	0.29503123982857354	0.16768314346642532	0.2347128429429255
0.24051686453956359	0.07714465066837996	0.29309550221908653	0.1598980279420117	0.229344954630958
0.22683323920400958	0.08257143961519668	0.30601010216656116	0.16399945561559803	0.2205857633986343
0.2225190122746295	0.0725767094715089	0.3150718053331262	0.16612418822286368	0.22370828469787146
0.22983059344286697	0.07529647183169062	0.2873448543968677	0.16040110539979757	0.2471269749287769
0.2198249208373351	0.07303703485352706	0.32225644178562074	0.1437711849743908	0.24111041754912613
0.23182913680069256	0.07601844285535075	0.3058384966844643	0.15101218641105207	0.23530173724844006
0.2191000068528469	0.07886178037250836	0.3121054698535008	0.14780092968951317	0.24213181323163052
0.24872949000865807	0.08200477977357527	0.29777599027976714	0.14740970562995953	0.22408003430803974
0.23564972528757683	0.08737413383290434	0.2937116633318003	0.15913600990804683	0.22412846763967145
0.24035598052963508	0.08364170156548868	0.2959713925882653	0.14571253329071984	0.23431839202589083
0.24014100445584585	0.07846887836763859	0.30867341353155325	0.15157762890740606	0.22113907473755595
0.2549158036213431	0.07810638368504329	0.2865215220623929	0.1392409746778046	0.24121531595341586
0.22383456216454545	0.07337340039832901	0.3119256355977954	0.16548595412728667	0.22538044771204324
0.2430179739674901	0.08085733141554971	0.28681506286111025	0.14637718392295537	0.2429324478328943
0.24316743424302392	0.08354431249934344	0.2856725383879912	0.13995723864175535	0.2476584762278858
0.22289007588105614	0.08509206075286534	0.3070623432195228	0.15919869409640047	0.22575682605015504
0.25495660142818527	0.07653299023922029	0.30411555259031003	0.13980224543835024	0.224592610303934
0.23628955558573794	0.07280989778332964	0.2945863923558378	0.15002798122621067	0.24628617304888376
0.22240305972843388	0.0745755738466676	0.31054625008431574	0.15451501750555424	0.2379600988350283
0.2307813453738004	0.07753366191999049	0.29686830766045286	0.16080702097625618	0.23400966406949983
0.22934610841020295	0.08467593841697799	0.30840657163957813	0.14703318947379646	0.23053819205944423
0.2248482548942197	0.06978652929867596	0.31503664212659405	0.14343569446986482	0.24689287921064523
0.25513200479967313	0.07701254807155766	0.29012176437447823	0.14826544057784807	0.22946824217644265
0.22468231062364288	0.07212551883044407	0.31593204476494474	0.15955419684202843	0.22770592893893965
0.23109184640323385	0.0748706622710974	0.3147342173055969	0.14106560513524077	0.23823766888483078
0.24388945115859792	0.0799764644317654	0.30385031113226135	0.13908006517916413	0.23320370809821092
0.2391737328126109	0.08247460153506565	0.29696018710463407	0.14318855635302072	0.23820292219466846
0.21885168936319968	0.07491564455704003	0.3181275394778913	0.16636330830819626	0.22174181829367248
0.25313197872471693	0.08723609250098456	0.2916989974536732	0.1438991042466558	0.22403382707396918
0.23474264539342546	0.0686413001536772	0.32124285037985123	0.13940493772887652	0.23596826634416931
0.24034387625609044	0.07284902435776303	0.2820225425868442	0.15704547674673636	0.24773908005256567
0.242913458448774	0.07413395619669103	0.2910806055660292	0.1596058967694496	0.23226608301905594
0.24642768613431137	0.07321512664183288	0.30833711941867514	0.14122521761328644	0.23079485019189397
0.22485477201971762	0.0900656307655839	0.28815610037735473	0.15055322258588705	0.24637027425145644
0.22696101285228368	0.08751569694202557	0.3106059107068023	0.14948189507930523	0.22543548441958303
0.23176251372742077	0.07654487335477668	0.305336293152552	0.15818240655612337	0.22817391320912694
0.22190886095531606	0.07545850825994148	0.3169663378310823	0.13991990413266986	0.24574638882099
0.22812011945857943	0.08923151547989681	0.29680851625159477	0.15572284283511892	0.2301170059748098
0.22773468806899583	0.08929261530059691	0.299211349800636	0.15181652463772682	0.23194482219204415
0.24054659164268238	0.08043846005775672	0.2830458319867085	0.15973339890752442	0.23623571740532773
0.23529816537115938	0.087018073954594	0.2838955366145082	0.15798740457501848	0.23580081948471965
0.24693431309753724	0.07728907030441418	0.29317583065706276	0.14698370606964814	0.23561707987133745
0.23804095529118055	0.06955002546130928	0.2921408249744378	0.15437042360087405	0.24589777067219812
0.24409896226037783	0.07901259896010732	0.2925517485121564	0.14431721935047767	0.24001947091688058
0.22182573022293164	0.07885990626904081	0.317746743330353	0.1432023134363189	0.23836530674135537
0.22633165424038457	0.0753416883479809	0.3164302518725137	0.16168223985129446	0.2202141656878261
0.22773467009238205	0.08324329950197148	0.29314590490858183	0.15018200458833195	0.24569412090873244
0.24029860949926313	0.07402283147875588	0.30132334590696425	0.14252670592347388	0.24182850719154267
0.23933189034875774	0.08350297018420941	0.2948501338236984	0.14527160069881545	0.23704340494451875
0.23423318924105607	0.07118977230779788	0.30210059087967367	0.1630804582474361	0.22939598932403601
0.2395560703035487	0.0768720070879286	0.2979081098058586	0.16067337869590875	0.22499043410675515
0.22547708928939014	0.07624922292515232	0.2999695695866206	0.1632623233493386	0.2350417948494981
0.25417816363700085	0.0712102801505915	0.3037619253367662	0.14155289882925104	0.22929673204639012
0.24169796179434128	0.07738462447857286	0.30604925977757	0.15126784816023234	0.22360030578928325
0.24803965773355832	0.07822896557070379	0.3015608430086915	0.15000372202346396	0.22216681166358215
0.2440719703910077	0.08208255449461185	0.28328155845429365	0.15961907339989262	0.23094484326019393
0.24121814909975509	0.06981596663137515	0.29557785502420786	0.15343892397448836	0.23994910527017327
0.24538435109780155	0.08747923384474612	0.28613489798449954	0.15339280025034285	0.2276087168226097
0.22382735697489003	0.07924809675535056	0.30554032337997744	0.1628264340896372	0.2285577888001445
0.24110746593567273	0.07725708709436066	0.28644381661048635	0.16387667562399583	0.23131495473548425
0.23909312411010525	0.0811010345710246	0.30367741579788754	0.14359117195319546	0.2325372535677869
0.2274574837148814	0.07741657065876452	0.31909089821420145	0.14404959148789398	0.23198545592425845
0.23571614774216687	0.07762160978009981	0.30358925629201977	0.15915016331536777	0.22392282287034554
0.2401805916880286	0.07697382790972435	0.28569371227089746	0.16580985177288488	0.2313420163584645
0.23015251814698598	0.07248043674646132	0.2924356032224897	0.16538325043025304	0.23954819145380973
0.22715439628625697	0.07962770285904776	0.3036102545284062	0.16597222474044865	0.22363542158584024
0.2358042241206374	0.08115071331910823	0.3133437522336249	0.1448123278216159	0.22488898250501332
0.2353773307409806	0.07320507945758423	0.30508001647928423	0.1607677367523421	0.22556983656980858
0.2324080896358987	0.08479268989696984	0.30332779358379436	0.1490907690405357	0.23038065784280115
0.2232769324914492	0.07709660665692496	0.29880646306175185	0.16458119134093635	0.2362388064489374
0.23072771008651266	0.07162758446166229	0.32045689533820687	0.14567056750146326	0.23151724261215467
0.24286217715639322	0.08302319733240313	0.28742652174074823	0.15139427031280697	0.23529383345764818
0.2525051427282112	0.08796459163334888	0.2982663749042619	0.14050873830380664	0.22075515243037114
0.23248860295682763	0.08145750542099192	0.28424181887621314	0.16789659909178783	0.23391547365417922
0.2561133624791227	0.0772740463810481	0.28945185726335443	0.1547282684799055	0.22243246539656897
0.2526938067183376	0.07127614713510094	0.28993399712291656	0.15063477538302603	0.23546127364061864
0.23510964363186695	0.07655670760824376	0.28673913133708073	0.16009291835072548	0.24150159907208285
0.2458692504845143	0.07230565034014	0.29490078445536516	0.1523231489195222	0.2346011658004581
0.23991012861918573	0.07589928247354064	0.28596296018425144	0.15704156349751885	0.24118606522550307
0.21816008266085798	0.08698449947843838	0.3059971655008038	0.14562977366629304	0.2432284786936066
0.23447913042158763	0.07905460957128371	0.29274992919788856	0.1493749337207975	0.24434139708844235
0.23966255813464404	0.07914238999869977	0.2832804665492602	0.16577074003179612	0.23214384528559967
0.23669792884813168	0.07114756831296792	0.3110673414054709	0.15250887829495124	0.228578283138478
0.22688859156612823	0.08382330853874519	0.28686629485198045	0.16782604537052306	0.2345957596726228
0.24847831583063057	0.07000808936831554	0.3004827722822998	0.15764735150625217	0.22338347101250167
0.23424645261549631	0.07940904323458606	0.3190643381421482	0.14534996544170567	0.2219302005660635
0.2460036722527801	0.07133686921744503	0.2882560410121397	0.1656921493444207	0.22871126817321424
0.2372945553630656	0.06936518793732555	0.31447076839113397	0.15698879709429162	0.22188069121418297
0.2181666187573597	0.08849336121410162	0.30960338849011754	0.14939093899396141	0.23434569254445947
0.25019783542347995	0.0746178470445451	0.2865856331567152	0.14678262281887483	0.24181606155638463
0.21845436467724427	0.08847522252679736	0.3178768115633057	0.15079408224950805	0.2243995189831444
0.2383896555076487	0.0752278087298943	0.29114891304049434	0.16686496338124296	0.22836865934071945
0.24908897569299676	0.0756679779237457	0.2972623574914955	0.14054782998704507	0.23743285890471671
0.21908794034725737	0.07804475375695927	0.31890891439995805	0.14693161315893047	0.23702677833689462
0.23614567871418676	0.08619545933114238	0.2890750529674322	0.15596245756662458	0.23262135142061383
0.23770414439014298	0.07234825127346611	0.28504576687395505	0.1635252381311102	0.24137659933132544
0.22918149576197275	0.0705052122497303	0.30614851848177277	0.14601882399673735	0.24814594950978658
0.22088234848016905	0.08664936234585616	0.29133462575742186	0.1681818073701543	0.23295185604639837
0.23283764610521918	0.07511749481548366	0.29207469090971955	0.1555186318221532	0.24445153634742417
0.2215718491111246	0.088388326661012	0.2840454393345577	0.1592735261602665	0.24672085873303895
0.24805828245284461	0.07454389815357051	0.3039004457517829	0.1407461083401913	0.2327512653016104
0.24307041074608648	0.07475319965688618	0.2984068773600207	0.15384192855254986	0.22992758368445648
0.23335337550085095	0.08196490120724834	0.2998093456716723	0.14853181800519938	0.23634055961502884
0.2564850523753449	0.08224203417146048	0.2970534911719347	0.14393723910627892	0.2202821831749807
0.22527347795578223	0.07547084004923539	0.3099609215375638	0.16381728283539776	0.22547747762202053
0.22798770821572345	0.0868281049969245	0.2883679940437777	0.1559632544983885	0.24085293824518564
0.21875209133780188	0.08841306466772612	0.3159998622579059	0.14545720746512603	0.23137777427143985
0.22888295139609338	0.08743324962606136	0.307399684266153	0.1507794203895507	0.22550469432214132
0.2533582201899707	0.06906124279187043	0.2845401633114487	0.16298675834671267	0.23005361535999724
0.2307376879690887	0.08342162432341603	0.2926363470391052	0.149487847684673	0.2437164929837169
0.2397628993629299	0.0864418216478308	0.2977328798688321	0.15096808972043235	0.22509430939997463
0.2191069346540473	0.07063762204246951	0.3094931621112438	0.1682281636059634	0.23253411758627576
0.25505347506586323	0.06872143623179322	0.3103700136690381	0.13953863663426525	0.22631643839903992
0.22108779282865756	0.08993666298457559	0.3147642393440361	0.14566235730710064	0.22854894753562982
0.24641937680811496	0.07836197696033911	0.3070988697699911	0.14053054356825395	0.2275892328933006
0.23395311616693493	0.08421777306104596	0.2885495574792619	0.15214427889141025	0.24113527440134672
0.2522737846042082	0.07518896838377714	0.2835044373361	0.15757365105828253	0.2314591586176319
0.25288677280230226	0.08253141321202476	0.29751900128169795	0.14392083427363905	0.22314197843033579
0.22408961087069248	0.06959141642895009	0.32240509934263906	0.1413738120305882	0.24254006132712994
0.24610856757035648	0.07234298048872004	0.29472930772688144	0.14914049273905133	0.23767865147499045
0.23354778412437863	0.07218536700344791	0.29626986339193695	0.1534180324445581	0.24457895303567811
0.23168243306199954	0.07790461745449351	0.28421087286738467	0.1664371935294782	0.23976488308664384
0.23043061471469098	0.07199790530110581	0.30470850248740183	0.1456532823520995	0.24720969514470162
0.23101750252948405	0.08290178645521287	0.31239416938596076	0.1408734702375011	0.232813071391841
0.23464923764309686	0.07218845458689094	0.2919138660389848	0.16440825862510855	0.23684018310591862
0.23382291793366533	0.07337040901324995	0.29279963147721405	0.15421112589743496	0.24579591567843545
0.22797119303469496	0.0812918902273537	0.31059911035043253	0.1510432447187023	0.22909456166881623
0.23667225585219936	0.07072826627615639	0.2982650258741373	0.16324095586901172	0.23109349612849506
0.24451110061208425	0.07211341312139827	0.2887583883883628	0.1566313760432997	0.2379857218348547
0.226219516361935	0.0718242425113251	0.3049278588416288	0.1529954925985336	0.24403288968657727
0.2235491398675123	0.07253306286119413	0.3153260984562905	0.15610717142242914	0.2324845273925737
0.2491847187991565	0.07313960285520094	0.293289319958234	0.13934141889981974	0.2450449394875886
0.23436123491482116	0.08382753874834796	0.30146240333933294	0.1559169122116555	0.22443191078584224
0.2318176851945484	0.0713156338202312	0.30603972389381895	0.15037878014320083	0.24044817694820037
0.2263956165753253	0.08527503618315731	0.286355585921521	0.1589026253434488	0.24307113597654736
0.23330033629375319	0.08422961917103008	0.3017531133780057	0.15919964110977516	0.22151729004743562
0.23764579238741285	0.08176968576803817	0.2903195440477523	0.1595250045555544	0.23073997324124207
0.25616181382670894	0.07291723394316646	0.28853429330747893	0.1526932998905234	0.22969335903212199
0.25361462017623737	0.07384818902939311	0.302465201219563	0.14323827858706414	0.2268337109877421
0.23603265974328597	0.06956644106185828	0.3158769449235496	0.13918830823535594	0.23933564603594995
0.2188141660613554	0.08181324490725518	0.3085542025071513	0.14828798294541493	0.24253040357882294
0.22032828546640384	0.08173786148822645	0.30070778583861185	0.15818448383659317	0.23904158337016446
0.23936173620950968	0.06942928363904444	0.31511561946000494	0.1520807503266243	0.22401261036481643
0.23734838576775416	0.07390012497204787	0.3178515989514973	0.1454329094942149	0.22546698081448555
0.22509078029923485	0.07390993455889655	0.3135498341082994	0.1439075309002761	0.24354192013329284
0.23549862628956347	0.08882584264416675	0.2857007664616576	0.1682963369989584	0.22167842760565348
0.2298641248981916	0.08304670553726029	0.303347969105785	0.1579197792902583	0.22582142116850454
0.2512723921644018	0.07520299509244757	0.2822849375897068	0.14606375896852142	0.24517591618492218
0.2563931250447115	0.07055867223630136	0.3032770912518293	0.14660587080782322	0.22316524065933435
0.24241164844746732	0.07687316430173699	0.3026239112261509	0.15492892313171983	0.22316235289292474
0.23897458824185844	0.07470005547930356	0.30030401606636764	0.15768201425779257	0.2283393259546775
0.22963747616183866	0.07451430073704673	0.2955159763407763	0.16193302420269012	0.23839922255764792
0.23551438522673995	0.08358218220321016	0.2962702966104325	0.1552118732128527	0.22942126274676436
0.23083924611360526	0.07961230697427349	0.31718909730718603	0.1393142002426339	0.23304514936230103
0.22688671117320813	0.07416227174100723	0.3027079885328489	0.14832545458323626	0.2479175739696992
0.25513268846219866	0.07047976501342043	0.29676558385754226	0.15080128924591307	0.2268206734209253
0.23116654486682114	0.08743242908349977	0.3071920966120431	0.15395380321607408	0.22025512622156165
0.2327094368780817	0.07510832774932732	0.3224037174238223	0.1451480526219217	0.22463046532684672
0.24513702976355584	0.08476763335278341	0.29575774385967357	0.1526276770695599	0.22170991595442707
0.23699549143558585	0.08274059506194563	0.28800542952510355	0.15877096557411677	0.233487518403248
0.24429350635437003	0.07401036880651804	0.29775075786361227	0.14930198360391117	0.23464338337158824
0.24195056362248488	0.07825552832565931	0.29089289425485815	0.1501729639121711	0.23872804988482635
0.24556926154655212	0.08721512263559977	0.3038147324334913	0.14134455910486085	0.22205632427949573
0.2368332863650902	0.07156732722562056	0.32339149113396903	0.14119367914824202	0.2270142161270779
0.2421278618510097	0.07828144986640173	0.29514656339275236	0.15867057523626088	0.22577354965357507
0.21805816601382572	0.07932984324690504	0.31163851148532973	0.1505211038920231	0.24045237536191616
0.2232957905948483	0.08778689448410817	0.29291050235339594	0.14929936020199844	0.24670745236564895
0.2474558211546857	0.07013020496144778	0.3067957089025457	0.14538267045696662	0.23023559452435394
0.2328976724877228	0.08824986177279191	0.2999455226540606	0.15621135874507447	0.22269558434034997
0.25224279663297006	0.08468238441562323	0.29163647309562724	0.14372078853631334	0.22771755731946589
0.2503009050911928	0.06999715178128477	0.28697003491157014	0.16316165930868243	0.22957024890726963
0.22160517884523087	0.07557929833434118	0.2955991372101275	0.16199394722731955	0.24522243838298066
0.24078448695026822	0.0809668742122979	0.30097730598483863	0.1476638912890274	0.2296074415635676
0.24183845788452876	0.07534944789466297	0.2951704402836709	0.14164877411886234	0.24599287981827486
0.2275104115411226	0.08379649791220009	0.3009365068269274	0.14555229040094617	0.24220429331880355
0.23434302539141844	0.07889119139002333	0.3020749398195287	0.15172306123215187	0.23296778216687744
0.25225435846452465	0.07888613441284334	0.2829600249410744	0.1483847126638027	0.23751476951775458
0.2393062958788072	0.07699224703020822	0.2991480672291188	0.15808163821491494	0.22647175164695055
0.21909077809962624	0.08825320126212163	0.3004530478438597	0.16189945107885528	0.23030352171553692
0.21889218887095224	0.08427061199142308	0.2932103822700226	0.15715404648391176	0.24647277038369014
0.23391958853442393	0.08685923230019298	0.30365864710199775	0.15053469415723642	0.22502783790614866
0.24673407319521473	0.07016537406826803	0.2942049922111467	0.15462973805568847	0.2342658224696818
0.2556602455253909	0.08349332536706505	0.2926143709940299	0.14411369556215786	0.22411836255135598
0.2543084728393674	0.07179859370779992	0.2819426342069088	0.1663936881093217	0.22555661113660186
0.22827049944459715	0.07501757939496856	0.3192214135678223	0.1400244800235279	0.23746602756908386
0.23516320894585735	0.07520368001253835	0.3066581537766222	0.16227591343532652	0.22069904382965533
0.24495037145733994	0.08664916944001645	0.2911462780183979	0.1439215103391506	0.2333326707450949
0.23028784416274184	0.08419647074426137	0.2885814725000555	0.15529071349648466	0.24164349909645635
0.24875077422707342	0.0790844068095337	0.2837442847953514	0.15226138819743107	0.23615914597061022
0.23211902184837388	0.07566737798282822	0.2871575142791696	0.15774957331643027	0.24730651257319786
0.23362228149633765	0.08497083302847057	0.31076960356606054	0.14659747572243248	0.22403980618669855
0.23926388618564545	0.07938757214337394	0.30791763479622464	0.1508626349441736	0.2225682719305821
0.24388907102753515	0.07150073748580635	0.28375923839974476	0.16098709948737128	0.23986385359954215
0.24024278143447086	0.08462508300540714	0.28513273129920214	0.15674839654125564	0.233251007719664
0.24449407570373027	0.06934430507765549	0.3178278090473168	0.13930747518819045	0.22902633498310682
0.2555373523369236	0.07392671144146448	0.28235665399336435	0.15228748692135097	0.23589179530689636
0.2450374460033422	0.07827300600007382	0.2998254736201791	0.1556777283824325	0.22118634599397213
0.22003862662705082	0.0899964385657034	0.2923998175933016	0.15979014860220384	0.23777496861174016
0.22666048645870887	0.09011190400044346	0.3085445575384953	0.13942715288231866	0.23525589912003342
0.2542043322816479	0.07596708012224462	0.30474100185729064	0.14074770831916666	0.22433987741964995
0.21873021773755175	0.07137151522999285	0.31776223879307564	0.15997984509525598	0.23215618314412356
0.24438631450434334	0.08396844636255303	0.29301009278423795	0.1476952930981136	0.23093985325075184
0.23426859585082627	0.08927648529781525	0.2877937878066501	0.1580796016632661	0.23058152938144205
0.24116585937550847	0.08313079883149413	0.2987101391029174	0.14506819886916894	0.23192500382091083
0.24540048834764047	0.08082801493484214	0.30142454069471536	0.13980171901152313	0.2325452370112786
0.22385267972951223	0.07791078422378545	0.3089952347179381	0.1539074145235657	0.23533388680519832
0.22699069691271684	0.07164924113450927	0.3144868144094842	0.1641405574117858	0.2227326901315036
0.22498706428604376	0.07040369432411622	0.3215912857934882	0.14739136939355607	0.2356265862027955
0.23648326335628728	0.06868787755731776	0.312484195906343	0.1434042892661926	0.23894037391385906
0.24974286771224685	0.0795350386555604	0.30066172077806397	0.1418615590690806	0.2281988137850479
0.2212080234563033	0.06867771040191975	0.32147121101268794	0.1428871654805709	0.24575588964851788
0.22896681001125047	0.08644914570259152	0.31572566463195184	0.1448030312487032	0.22405534840550267
0.24209960425529242	0.0726299146795433	0.3095689728243038	0.1509059510153157	0.22479555722554456
0.24648207563029806	0.08665257826295812	0.2941480621843086	0.14657118223832108	0.22614610168411384
0.24767813196686303	0.07940251967020781	0.2949426947171817	0.15413072505461917	0.223845928591128
0.22615363000022282	0.08264090995253962	0.3036381125745795	0.16495485647127925	0.22261249100137856
0.2285457803062125	0.07821550197277082	0.31467074920448557	0.14503973046757468	0.23352823804895617
0.22189961989843562	0.08319995919810819	0.32314447243461863	0.14556097783079708	0.22619497063804028
0.2287426809463033	0.06994543043152393	0.30214441437651196	0.15506642921776548	0.2441010450278951
0.25371533742675245	0.07345236714650469	0.2866558262743082	0.15593179338684673	0.2302446757655877
0.22024603759038977	0.08575935840108628	0.314478365949022	0.1580958011239349	0.22142043693556684
0.23949104008292482	0.07089102443947137	0.28256883851291137	0.16273456590539373	0.24431453105929843
0.23401245643264337	0.08228534737028007	0.30967720640080804	0.14657123255656535	0.22745375723970296
0.23491465257984384	0.08201436591005858	0.2919792898715986	0.15266265772018087	0.23842903391831788
0.22754093590341468	0.08186969971010216	0.30435369047734795	0.14041748988451536	0.24581818402461958
0.24489795947853774	0.07437358739899988	0.31507621348905646	0.1432399469686551	0.22241229266475057
0.2339253169994835	0.07412052197581176	0.3185815496337537	0.1461461116167886	0.22722649977416218
0.2510711816205681	0.08187388444207994	0.29586902182112906	0.14556260242730928	0.22562330968891336
0.25570594409845804	0.07213643403521236	0.29156585502158844	0.15733525699646714	0.22325650984827375
0.2423729963069161	0.0890874480080517	0.2951363433028508	0.1525911381259725	0.2208120742562086
0.23051236353972632	0.08258495407715294	0.30256037875797803	0.15267993004925073	0.23166237357589176
0.23854774978233728	0.0766937500732895	0.30024562574417324	0.15519365456556766	0.22931921983463205
0.2366234889504082	0.07549953150982416	0.30865551269294095	0.1525218148655162	0.22669965198131023
0.2280249748541373	0.07133505379820687	0.30799529522805424	0.16058585564939054	0.23205882047021076
0.22602537477035667	0.06970372866579258	0.30912179200713646	0.16023459733974996	0.23491450721696405
0.22013940432826784	0.0713970043563186	0.3154113231798985	0.16517260157569144	0.22787966655982334
0.24737209234691052	0.08538202942631926	0.30214010872312896	0.14192998333480317	0.22317578616883785
0.25037859378164534	0.08428859235608724	0.29087588596244157	0.14031336168127545	0.2341435662185502
0.22456938994011735	0.08359967474794669	0.309446068625549	0.14956995930162714	0.23281490738475957
0.22342163504828716	0.0851237012090769	0.29167013139705	0.15236926543107066	0.24741526691451504
0.2522030959761324	0.07871077385588576	0.2872582666059477	0.14438358043116462	0.23744428313086927
0.22681450013296986	0.07260867776201979	0.3199822000450222	0.14128753559729634	0.23930708646269155
0.2393252403529169	0.08300525549713972	0.29093655422429676	0.14824299334041058	0.23848995658523575
