0.14980522262584195	0.04848809935437044	0.19483084542253248	0.13084975958438233	0.10772340600314093	0.058292872664731835	0.10391859851194388	0.2060911958330559
0.1344432587589657	0.06651715387128332	0.2729965665442149	0.15180064791717324	0.07417578912690131	0.0753572230594956	0.03483879082645533	0.18987056989551038
0.15876660385369323	0.052590078176036836	0.24836037079575726	0.1683551564189541	0.019442075314381746	0.07336527061268579	0.059970116582301225	0.21915032824618955
0.16127715693733702	0.051529020467545913	0.1770865384023247	0.1616637515281871	0.05840210069276511	0.10025842877224031	0.09792272274351746	0.19186028045608217
0.12008736837676903	0.05015772007331658	0.2569914685202812	0.02492212714121679	0.16166055387913691	0.07857490808131296	0.044860021977017356	0.2627458319509489
0.1386774115532067	0.06158050686293588	0.19777195766614966	0.0457098944395983	0.1501847334866456	0.06746849115646694	0.08467692529078574	0.253930079544211
0.16848094127077556	0.062402082012031804	0.19385019378813345	0.052513975626790346	0.11468218269498467	0.09098702415706263	0.0952156211361374	0.22186797931408386
0.12005004791926017	0.06276261964895442	0.15615591268382484	0.2543775919699393	0.12805218775910834	0.08676781726094457	0.03937285472067879	0.15246096803728934
0.1716099172978656	0.060465075639270116	0.17049942857976097	0.084716315113674	0.16231001642266413	0.07275725160305364	0.04946132353636529	0.22818067180734602
0.14432634288813576	0.04601691929103412	0.1650739803350446	0.2515493954477672	0.045871230906592605	0.07000345433545274	0.06101966017654174	0.21613901661943102
0.1477678437034188	0.0629344421498092	0.24001575687415894	0.16872393200512248	0.016888458336791187	0.060800613136539464	0.07130509810422735	0.23156385568993232
0.16900111459868206	0.04747780358994155	0.1661023616339212	0.1720935772919728	0.1523955242128913	0.1000051925890643	0.06792633581376571	0.12499809026976083
0.14354337606011083	0.050361475424321955	0.1672182192261943	0.22526014075612677	0.19519020691203118	0.0896802149774502	0.049777143936464804	0.07896922270729974
0.11738168421600342	0.049981905979526814	0.17311930280176455	0.023640271902166582	0.2542240396393868	0.07443109523198983	0.0646979402855759	0.2425237599435859
0.15984380155818406	0.05127704167847068	0.2643064405896577	0.16859605787052379	0.06058573367900669	0.06520511379429376	0.04866068974941305	0.18152512108045002
0.1590862230940473	0.06285425885475826	0.20825746927491334	0.1262915264761501	0.14555868256449345	0.08195934715095272	0.09342598971746233	0.12256650286722225
0.1349775628988482	0.05549138716365801	0.2448099787104014	0.012755957562311612	0.20291860789033436	0.0912975160114736	0.053250682433786556	0.20449830732918606
0.1912610190774499	0.057789737902115015	0.2753715408059487	0.04097145467161664	0.10548799225421465	0.07525251600446256	0.06229616436906946	0.19156957491512275
0.1542249902178845	0.052715481073826384	0.23371342525726058	0.08487399147301522	0.20597196746209034	0.08937153307777035	0.09283033635998839	0.08629827507816407
0.15314353742438683	0.047382617316307316	0.18842854865816452	0.03129726937259912	0.21883437679982543	0.09792485471881464	0.08755283399605313	0.1754359617138488
0.17920689375327176	0.058594947533575706	0.16380652997908404	0.16818940086919446	0.1317014395411204	0.06408343631789234	0.0555303148140201	0.178887037191841
0.19468117985127026	0.050248627580589816	0.269111034187108	0.09399125793016475	0.042223578965257594	0.06059180746757917	0.084540060422306	0.2046124535957242
0.16160247280283552	0.05175821340435703	0.2006901175111594	0.1805951669793106	0.015068234629019656	0.09190016721067545	0.09635828538031607	0.20202734208232598
0.153526401064607	0.06553337198357784	0.2039797673999168	0.09208263231817691	0.1442895043641649	0.07052996927552155	0.06850840235621414	0.20154995123782066
0.13943463726750852	0.06340751124637545	0.18654921000384522	0.18680809215218908	0.0743862179753841	0.0912900744748823	0.09162026833138442	0.16650398854843068
0.17706487680273542	0.0401790980200219	0.27256988059702314	0.18845028874418412	0.06736587693686835	0.0921089134357139	0.06877992801014027	0.09348113745331268
0.11790806338057991	0.04518055377141626	0.27126266090599593	0.20170338485176081	0.10006906605235394	0.09120898922659695	0.09581573249758125	0.07685154931371468
0.14827753491902013	0.04013797175645001	0.24970908701527145	0.07259143229935669	0.09003642657064005	0.09522418003263564	0.06601945761630992	0.23800390979031585
0.14510714343798944	0.059741854965594185	0.22336320702291773	0.28352278791071595	0.06092823899377288	0.06039203387826299	0.07418089827144739	0.09276383551929923
0.1648670093520785	0.055250882304814564	0.23865479753295948	0.04029839330775814	0.13364254466283632	0.08020927869951118	0.0788356863994291	0.2082414077406125
0.1750618523712803	0.055913381314040514	0.2442570899696413	0.1993824760672543	0.02030509188757848	0.061067536998837824	0.10131611273646621	0.14269645865490085
0.1875254594612316	0.05290874994539603	0.20897745393062384	0.04825051378067817	0.14094703641020953	0.07052211981305162	0.07821607765455438	0.2126525890042546
0.1802687156638702	0.0493178793852693	0.16350699476143374	0.08226131182101819	0.1502110518879996	0.09830380136168916	0.07316142781340176	0.2029688173053178
0.14056815036742137	0.0656896331468545	0.21938292779698587	0.14282624821048945	0.030212332146091564	0.07931082996936284	0.0501263800611451	0.27188349830164904
0.11971936497313979	0.06254206994813813	0.19445428975074355	0.08371946784833843	0.2796662787446109	0.07117449334620668	0.07854676841947195	0.1101772669693503
0.1333357454406072	0.0537711041650462	0.21689265146891118	0.13120221753948563	0.06638753966728747	0.09769445743406983	0.0715313489891686	0.2291849352954236
0.19423045464036232	0.05646388498220624	0.20314979850712994	0.04305174443020046	0.22370498006995215	0.07945370590125848	0.08984856157154723	0.11009686989734294
0.14406181863129217	0.04464835645521381	0.23981499607759582	0.24568476232025338	0.08995822000767456	0.06287338269216254	0.05374787821491707	0.11921058560089041
0.131232499815127	0.05262795905755514	0.1754972851129973	0.22485237354890308	0.16705314212167072	0.09359501152054284	0.036330685025353554	0.11881104379785014
0.13436444354499458	0.0607425982498474	0.15938831810172796	0.22304108637488448	0.10191816685543453	0.08702671698755488	0.04729289136626462	0.18622577851929134
0.16877322970398154	0.04551486774121259	0.1855351748859063	0.16363505678446996	0.11681282232913513	0.08511712815614669	0.046193668873951765	0.18841805152519578
0.14032403333921484	0.05009428018780772	0.2751360950909644	0.07767230050648907	0.16441360722710205	0.05888736882287947	0.04175722974597945	0.19171508507956275
0.14830423511610744	0.05485640126615182	0.176532874406915	0.1418157968426106	0.043961996687780155	0.09468113235622028	0.07696827435350781	0.26287928897070667
0.16257350516051874	0.06471906792506114	0.2057628839488059	0.19116244129568372	0.13127459400440286	0.08478772384158714	0.04075766016108574	0.11896212366285444
0.1291396398467214	0.06574144023066766	0.2521845004725545	0.1722406115435552	0.013935163280975618	0.07720516163051697	0.05786509479434852	0.23168838820065993
0.14599785859018946	0.05057739683238256	0.2013070227011912	0.17074963393763667	0.15588259912804228	0.0805339052477673	0.07904361252264355	0.11590797104014677
0.16728943524231574	0.048660672964378954	0.172597163197502	0.2698042188195912	0.05661640478048177	0.07981302074394958	0.07512811049097515	0.1300909737608053
0.19939244076960783	0.03920184627507761	0.2491200259922069	0.22917673157768537	0.049052874719733464	0.06555447862748115	0.058863373248311035	0.10963822878989643
0.15317847724041256	0.051989528395273474	0.24983906943156034	0.13807144347848901	0.12941213898108556	0.07896028127610161	0.06656233391774452	0.13198672727933275
0.1619340260065874	0.052412349192095004	0.18060748377893132	0.07615554235544003	0.1595347778363621	0.08491929387802308	0.05514225781817633	0.22929426913438453
0.2014417506704126	0.06288823950849762	0.1890906312413944	0.11883092949696411	0.1670836749156543	0.07288428993302279	0.08315358134679914	0.10462690288725485
0.20018053061553145	0.0437929065134168	0.24072651135036405	0.2500511220755496	0.012570973846098052	0.10006701055159906	0.05792997746229134	0.09468096758514945
0.17470196131671029	0.05076860186923843	0.16898510231617203	0.17789368390579852	0.16780434744436667	0.10033904440193792	0.04118270960478021	0.11832454914099567
0.1768494684474945	0.0539158141423238	0.20461746745783507	0.08115584391922728	0.18829512266036125	0.07354533475251976	0.0708863962403029	0.1507345523799352
0.16074444575115626	0.049688382369775824	0.17270122268702548	0.06311076984665326	0.28836111185246543	0.08422871939534236	0.05632677125901897	0.12483857683856216
0.1342202480082065	0.059296763009932446	0.17255559456228975	0.21942730519807024	0.06975169371027853	0.07487147289218403	0.09901063160182921	0.17086629101720904
0.13830925828446722	0.04752479637887226	0.2383358100893162	0.22497945855946344	0.09144890412030394	0.07804711371490465	0.04196011633487691	0.1393945425177951
0.14066276866024924	0.056907893134291385	0.15875794504230684	0.07453542014350803	0.27444402448146554	0.058758935291862074	0.07561388297406435	0.16031913027225234
0.16701174682088907	0.0647259100804766	0.1997062499486606	0.08852590848454475	0.2280461227893183	0.059920949777770294	0.045927304277177575	0.1461358078211626
0.13304232432753482	0.055170111141940384	0.20580384973773946	0.27650541709849763	0.03858127248175362	0.072796526283612	0.04596101173942245	0.17213948718949937
0.15764696979858678	0.047120044286860036	0.20467649499211896	0.02551972294881648	0.30119627438073193	0.09843274902771634	0.08329143585168153	0.08211630871348774
0.18233714598304152	0.05651029002735909	0.19541390698765293	0.07550123883481982	0.227070221395569	0.08347808656996948	0.03251550522577744	0.1471736049758105
0.1858694066139048	0.047818065959791156	0.16612348926938764	0.15607647547956657	0.01977713436011848	0.0914236327302769	0.07029343513232382	0.2626183604546304
0.17133913361161246	0.04781432508591327	0.2113687020560525	0.23909419161956047	0.028503906763832174	0.0644954366368653	0.09023731446644954	0.1471469897597141
0.19806265299797116	0.057422744436227885	0.2555028210077143	0.17790229392485418	0.03396241006789444	0.07952561231847965	0.0902475128948968	0.1073739523519613
0.1651571167769065	0.040753043866478766	0.1718147896673165	0.055858859249444864	0.2686777789044362	0.08356926675709248	0.06346050097254266	0.15070864380578178
0.13392604243434275	0.04201425430913694	0.22092352032734305	0.0484915863288258	0.14716696601143725	0.08346129169714428	0.06331691198931931	0.2606994269024504
0.13680177539912577	0.05726061448706618	0.226823817231473	0.09033115280454643	0.21113158847244584	0.07746012505659415	0.09136463385293644	0.10882629269581197
0.16276951469774376	0.044625738799152534	0.24194147100638763	0.15953236144140476	0.07941132804429256	0.06683830952653394	0.055070445921088895	0.18981083056339573
0.19508972486065118	0.04330011314720689	0.192276185577209	0.2442931960195835	0.01699914366724785	0.07537475151023515	0.06370964587409561	0.1689572393437706
0.14330512860128142	0.05121917594909295	0.27128425748523255	0.09548125353293269	0.07299028371786516	0.07053232039448923	0.059725911968015535	0.23546166835109025
0.16489394106001692	0.05672907167808705	0.20107570981163014	0.20898749326630325	0.03562929183746075	0.06215454397479932	0.08327952905327457	0.18725041931842776
0.15533885547340812	0.06530689097267933	0.215201401380798	0.14255619439650535	0.018497484084993326	0.06843677564113132	0.06964049062348115	0.26502190742700316
0.19624169454084378	0.04949206055516514	0.27402228328312933	0.01475199447530623	0.1760854527967807	0.0823054109244779	0.030533970971972024	0.1765671324523247
0.18464523753863565	0.0653433191441253	0.26767615094104646	0.09571317130080606	0.13218168616662138	0.06490041573976763	0.10008505907691904	0.08945496009207818
0.15129581321807856	0.04202994515608971	0.1603459823207996	0.0982456811282803	0.18076034909530306	0.09632957188979555	0.099940479283491	0.171052177908162
0.14564559599031313	0.05321283700493627	0.2094870201957728	0.1178603574933313	0.10860195894492392	0.08726562646892289	0.04482377833204031	0.23310282556975911
0.16197463398450285	0.03888700959164321	0.21062708727509827	0.054810020410514	0.26391227597494327	0.09446460020255687	0.054884135111881185	0.12044023744886007
0.18323645549069412	0.05278042752353537	0.21351559419872201	0.022361160851420148	0.28955015855672395	0.08851118041372946	0.07125763909578033	0.07878738386939435
0.17427045136807717	0.048186597332203554	0.17945444191284599	0.18389481762018528	0.12603400957543706	0.07904461768226365	0.06363232359234688	0.14548274091664018
0.12587632762376913	0.044609185018574235	0.2527144750131839	0.09430602484333213	0.2420432396331504	0.06217772806829007	0.07665299289319874	0.10162002690650121
0.1474525081364796	0.0538005280170126	0.21323639960461627	0.2026513596932592	0.16720630551480176	0.05960464302771867	0.07960921518441483	0.07643904082169685
0.17547425206556627	0.05072515095548967	0.15717165085055979	0.1263594593935269	0.1993774625304774	0.058904068824623984	0.0359927209444285	0.1959952344353273
0.11757164447546598	0.06371846462453695	0.26484804674060425	0.11189204784235177	0.030057345232254548	0.07033747403209781	0.0957234527526034	0.24585152430008503
0.14337446304525556	0.05529543632416595	0.2063869583555951	0.11363698483733248	0.1862924201865164	0.09475179915266048	0.031160479888544132	0.16910145820992972
0.11997229236704325	0.05512352045012389	0.22052751589866448	0.14768901198879955	0.16788006489394638	0.08467431758937966	0.09304291266154124	0.11109036415050129
0.13376805468073297	0.04037329309731533	0.18267252969960118	0.12141253426277987	0.2984757806492793	0.07672456323002681	0.04179263536957524	0.10478060901068909
0.18853079862049654	0.05714701542812617	0.16519120613108496	0.17070108422339136	0.14475007960071753	0.09667125944933452	0.10108458293706009	0.07592397360978857
0.12598725898233348	0.04293021926888012	0.17610971535997222	0.26362382103105353	0.17119306504268061	0.09431584135218424	0.05160669083232393	0.07423338813057162
0.17951701400597314	0.05197177610929554	0.21482503534656616	0.24150145366932999	0.01861140950769137	0.08833892665656418	0.07908753815512148	0.1261468465494579
0.1803924788064234	0.06499584684757338	0.23718801702476489	0.23506888465748496	0.05395830283218832	0.07832751428837254	0.03110851730685138	0.11896043823634089
0.18701570730817985	0.04543470886966444	0.19940728577087455	0.13885590377313153	0.1262542880683334	0.09248330878182005	0.09731925863952204	0.11322953878847393
0.17351910672319198	0.04864633804901457	0.249223046094948	0.15028471501079393	0.06666414523885711	0.07361068345393221	0.08574782680798201	0.1523041386212799
0.15044073529446708	0.059216529570454673	0.16562432095695123	0.16245409507886271	0.14724485537553228	0.08094945661101433	0.05896105620653025	0.1751089509061872
0.12731486117110424	0.04679322934538076	0.1663198384654334	0.08060473742132773	0.23238445899353133	0.06500184284673638	0.07887205707010482	0.20270897468638113
0.17445786705221641	0.04579950120367508	0.245720893471025	0.11856316847499525	0.1673678587839794	0.0714609851232273	0.07364313320011148	0.10298659269076985
0.16541499681817487	0.05612776449305956	0.25125542116024274	0.19803696732305875	0.0391364361182651	0.07458141951288744	0.08649566005827067	0.12895133451604063
0.1341042783981206	0.062108998306026425	0.17086336912802708	0.26818084265235465	0.15242722731417313	0.06604853102689104	0.0751354442777776	0.07113130889662933
0.1644168538672492	0.04839881335706492	0.17839966669016205	0.22474879966730443	0.1063684792230134	0.09573649763972937	0.06480807604187414	0.11712281351360226
0.1625111494578781	0.0528532886694176	0.19082502152392772	0.21364823089776136	0.1471606285950582	0.06078803255140619	0.03426837136492297	0.13794527693962763
0.20391633738961912	0.04352650240743389	0.26284667256362493	0.18035888118181712	0.04786305163624496	0.08102180270996792	0.09477248577395322	0.08569426633733856
0.19996745424619422	0.06559236198625407	0.21942200715647275	0.2418627609246456	0.08975255490901327	0.06445815901184535	0.030638509446130363	0.08830619231944417
0.1613863673335908	0.056456009850312336	0.23088959185528096	0.13545104153602275	0.049468764001212986	0.0811680597790308	0.09278145934594909	0.1923987062986
0.13165796176994057	0.05386213551479073	0.20685462173431363	0.01893496805636996	0.26522511585431685	0.06920998290487987	0.10428861061279777	0.1499666035525904
0.14729002247375253	0.048604762354126654	0.22150401831211786	0.09203772595580928	0.25115594484937676	0.07706432863916252	0.05753000589313216	0.10481319152252203
0.15069565304852336	0.04190029941364784	0.21288016783102837	0.1879482187083525	0.023987815872123827	0.07311685500027429	0.05168567274474724	0.2577853173813024
0.1539819599863751	0.057959388193607644	0.18501545790823684	0.20809378768538422	0.04997505401650103	0.07341967042976522	0.031180670396029814	0.24037401138409986
0.14256118292825254	0.062387163922409644	0.2034455592892522	0.1686972816105213	0.012309486608038323	0.06860050655432368	0.07135929392852701	0.27063952515867506
0.19045121629784073	0.0651350788769169	0.1678227453609651	0.08448247064181184	0.20135612188552593	0.0930500150541269	0.08381002434821355	0.11389232753459885
0.12174000617336149	0.03913182735429693	0.18790179244692728	0.2778306280576579	0.14590052090296438	0.06024876190829527	0.0948834264482175	0.07236303670827895
0.18184668093926898	0.05554714550462908	0.23296262592667188	0.0504427510831109	0.1996924246887209	0.07402432070781495	0.09923831471985009	0.10624573642993304
0.18438783738393058	0.05122744762161663	0.18397592384874026	0.06984459804420828	0.06907233423655137	0.09152164748068381	0.082808808756734	0.2671614026275348
0.13657842880019483	0.06392876214529446	0.17542179821767914	0.14420080873230678	0.21694893177305818	0.09708002292090559	0.04834783904402748	0.1174934083665333
0.18796984579861975	0.06566011345563183	0.17903402505494004	0.18860022994066072	0.16911171653589008	0.061898663136009446	0.03378028188511796	0.11394512419312995
0.13863303443694383	0.05803020634295551	0.27137402418859713	0.23180676717061072	0.014718443221983277	0.07083081790542112	0.058100828976824045	0.15650587775666416
0.12796179907639646	0.060851729509450364	0.2714045122782378	0.14555826542201183	0.009889767165936564	0.05975895174703409	0.0618829947953385	0.26269198000559413
0.16631263810076702	0.05514596817858758	0.24188473730162374	0.014846881141039645	0.28061435678266516	0.061980154031421916	0.06205025372068805	0.11716501074320666
0.13433809605983574	0.042243302229901775	0.24188391330277692	0.04774073730318182	0.2208390653241937	0.06266355831238823	0.10051243173931117	0.1497788957284104
0.16939063643247362	0.05592247418183041	0.24901433720152366	0.1699876062361619	0.06034183134328454	0.0734376844661489	0.04557487021034537	0.1763305599282313
0.13296812181322124	0.04246091176303586	0.24040518807496503	0.1439117132635774	0.06556551486616893	0.09521640605277683	0.06076391695160083	0.2187082272146536
0.14475602624799946	0.040116757131283445	0.21989959731756573	0.22612175954879232	0.14556947767592054	0.07748354039975625	0.031789661089301494	0.11426318058938051
0.18035084538196144	0.041611110072386534	0.19907771070297736	0.07399819232844942	0.2472615473236741	0.0752289595307309	0.055941384702260705	0.12653024995755932
0.2042215149978096	0.0503426729420927	0.2097591583674278	0.2134668814903588	0.07972409983059556	0.07636033076564275	0.058205844592436703	0.10791949701363576
0.13118743059103152	0.06512209155320645	0.16898230849008905	0.1047014299938174	0.20911225217318727	0.0749803039431843	0.0661043225955165	0.17980986065996726
0.13722174979642351	0.05464857866697402	0.24739189860312397	0.02418407981545144	0.2519065282273506	0.07530824352750687	0.09425506572259257	0.11508385564057681
0.1426540731821948	0.0516671184975403	0.22855305238716042	0.06703174303653453	0.2374439982576161	0.09416443319464263	0.09466561376921558	0.08381996767509539
0.17693171661697438	0.043990398090437116	0.20319286610164589	0.20380595324689924	0.05289626106697784	0.09900525896389455	0.0490122569302394	0.17116528898293135
0.1839855870494055	0.04017123951955834	0.2355914135971735	0.23933447740687558	0.02850098123247692	0.07189508160621702	0.041143550904916504	0.15937766868337638
0.19020691686356372	0.040367199491639305	0.15772958264971962	0.12756961670227682	0.1794631464365031	0.06557269383329181	0.05034347955720182	0.18874736446580348
0.1973319085209868	0.050260486341483404	0.22631244598182504	0.13617002474423862	0.06026762661182325	0.07624744260180082	0.06872304011933444	0.18468702507850737
0.17637982234795585	0.03994457888718228	0.19820838070440605	0.15573521986228733	0.023663676395746486	0.08112347976441474	0.052152037544477406	0.2727928044935296
0.1542854843254761	0.06054213099908985	0.23015320525296057	0.035249167719607385	0.13630483800801263	0.10071427557387366	0.08024739028392303	0.20250350783705656
0.17464260793121475	0.061652125600979366	0.19721003110943175	0.02240778662306843	0.2643751817833815	0.08687614194790484	0.04006605127543057	0.15277007372858864
0.17154544379653672	0.03880891278536534	0.26420743338022495	0.03448515365751789	0.19940647848830323	0.08140586592727306	0.08350972581474667	0.12663098615003193
0.18687080386610583	0.06256765139296303	0.204617727923372	0.09703630709895295	0.2488125029633604	0.07390262145633016	0.04068081729410762	0.0855115680048078
0.13408185255409225	0.06638999420013181	0.24777297060456796	0.2401079436784409	0.08749072116147855	0.06564367688165298	0.04425110074539079	0.11426174017424454
0.11697784827250837	0.059844573981850516	0.21212736581704572	0.1734566210079533	0.11032784632792783	0.058501889257114525	0.04263255240867127	0.22613130292692823
0.16321824612168676	0.053030870627968324	0.19481954642645105	0.1235207336330625	0.02431925179875208	0.07870902944708866	0.10510598954923284	0.25727633239575753
0.17712259452661167	0.04040366299936109	0.2632973023576475	0.11335163613773064	0.04733529149868035	0.05947949806669599	0.09112646852748627	0.20788354588578636
0.1862217012565587	0.04304913757971919	0.2485129143655453	0.09944020747331431	0.20873515044377883	0.058106980414177986	0.06853191512009418	0.08740199334681123
0.20559523972535731	0.049410672790342045	0.21906145693693863	0.12191169189132997	0.15914965763770572	0.09975686029333357	0.0475209287707721	0.09759349195422039
0.1388809411608494	0.058165148759720106	0.18325576349642003	0.02226630154858683	0.19349837228559644	0.07830261721428355	0.061799686803225146	0.2638311687313183
0.18996676753417518	0.04237947326581534	0.2512706619675953	0.02546288654580528	0.13713779646476357	0.07404265444327077	0.08167938669623576	0.1980603730823386
0.16190357770392286	0.050923077142561696	0.16294416097064074	0.029607352926577887	0.20026968770139042	0.08858656529374502	0.08789958294734834	0.2178659953138128
0.16282403525305453	0.056076190258430345	0.1828186464955681	0.11726135301522764	0.17765421655073474	0.06019063089749388	0.042263054037678216	0.20091187349181236
0.1193690055497614	0.06604313658487243	0.22243132382105935	0.05165508475895168	0.12168568852537587	0.09624350456633408	0.06994081405845533	0.2526314421351896
0.2013557285358391	0.06581894237476943	0.1822477089024699	0.03516732721482249	0.2806603465806758	0.09887006250359215	0.05391780332138647	0.08196208056644437
0.1474403382401302	0.04897475124758796	0.27577533525933506	0.020627724728393165	0.24384117472654587	0.0996802570865091	0.04418855562554806	0.11947186308595029
0.1386231410835403	0.04350244848955716	0.2444559371537811	0.02126843618927725	0.2918385711435643	0.09042382197268017	0.06562795823543459	0.10425968573216489
0.12841536329295133	0.04903253653755356	0.22204799874769393	0.1386572321851073	0.12158644319256909	0.08371400211207353	0.06741964357844592	0.1891267803536051
0.17358738712027827	0.05493553706372853	0.2538171011765308	0.09397962036060585	0.06963171036146981	0.08417153777034297	0.04726708762698996	0.22261001852005358
0.15326307979899728	0.04979770252510933	0.2130460378236788	0.17287793048160777	0.060652199554947536	0.06476633976158452	0.03992423748867978	0.24567247256539473
0.13342674368773708	0.06572527589719851	0.25133842052392125	0.1814524727293368	0.12755847811876336	0.08232534654388846	0.057325550951251816	0.10084771154790247
0.14916552636331734	0.04790301592523205	0.19434453198400634	0.27245770799388436	0.010995831136966755	0.0925241665511013	0.08538480070001694	0.14722441934547473
0.16498682307474813	0.05638124331820982	0.21567636350632316	0.14560193259883147	0.164170695199932	0.07974057246170102	0.04956884036456971	0.12387352947568446
0.162370508339519	0.06459082042142052	0.2582381939582514	0.17228060131555728	0.09361213225431628	0.08223106333470945	0.05661636102963036	0.11006031934659544
0.19548779964663415	0.04961464824607752	0.16545549035255339	0.2058310789362105	0.02809484926107564	0.0780602686919907	0.10132283208276942	0.1761330327826884
0.20488983684296544	0.06651572441552635	0.1902516303747489	0.1031251150420473	0.03950947450488411	0.07020172369447907	0.06860905285695539	0.25689744226839323
0.11748068733558267	0.05875485412547672	0.18474658571022584	0.15928175015399182	0.20265581838801272	0.08308737712577274	0.050056207073950074	0.1439367200869872
0.16315339127472742	0.03915541762719714	0.20731243826338708	0.17687125327826245	0.06152297736156062	0.05955912738038582	0.10179011244847003	0.19063528236600924
0.1555071538843521	0.06485354895863323	0.20160798644901853	0.16891793780843561	0.14152309830982396	0.07181611444773202	0.03961040190716743	0.1561637582348369
0.11675991618101393	0.04495219656122029	0.2502652818190574	0.02141863148995965	0.19248425629971874	0.09248612735601261	0.0855671156798167	0.19606647461320048
0.1351548134888943	0.06172480472941945	0.22534408559305066	0.0355380796489318	0.2055829537476606	0.09800059210353698	0.08776088897639545	0.15089378171211054
0.1610366981854484	0.048904182018486314	0.17532056451552133	0.07516768305027866	0.28576030952331516	0.08226098901843781	0.06037362486852678	0.11117594881998531
0.16662985149384385	0.04961007579703518	0.16741496134794792	0.26477915894007603	0.16622293108725328	0.05945509085167548	0.036213143109200194	0.08967478737296786
0.1936927975704547	0.058605598741044276	0.16945566896455	0.03198911153376753	0.2069315502234867	0.06261445533375395	0.09903954671148522	0.17767127092145737
0.13016045450242852	0.06464280478395701	0.1728806082616781	0.14872482510355334	0.23800741056451208	0.06317507231864758	0.06179587520529166	0.12061294925993155
0.17702262253615803	0.03943628075562003	0.25152548606042896	0.09628950369664249	0.15214535689289133	0.08418170977197117	0.07082544051994971	0.12857359976633803
0.1521311107544299	0.06540469036420177	0.2551734973326897	0.20097943410863886	0.07805669339134857	0.07772021800728052	0.04831010851703468	0.1222242475243758
0.14788371610194767	0.06350781701376926	0.20648089345053888	0.2119609387171947	0.10195728583804572	0.09961790425949293	0.08476391712259837	0.0838275274964122
0.20373030224087746	0.050336284596925865	0.20740742248350058	0.022972640783522805	0.2554748656214039	0.07501556174025838	0.0482199516518422	0.13684297088166855
0.1761190735122558	0.06401839662216854	0.1747449943053339	0.0805618645000313	0.1637220242443495	0.0718464953338801	0.08352076402621775	0.18546638745576288
0.2059104582428226	0.03919943604447364	0.19907992802268315	0.0401257636962586	0.24505764161295232	0.09703917595324493	0.061508352552901824	0.11207924387466262
0.1377946761383627	0.049770197631384155	0.2440054587221095	0.05654027608816656	0.19729001866465504	0.07969822031049781	0.08128599238617726	0.15361516005864678
0.1723942646397273	0.06269583362136534	0.16704896505607483	0.16420199760832777	0.07481718733563583	0.08893843034849318	0.0980629352010832	0.17184038618929234
0.18579494809374053	0.057253265345974275	0.1681185117433071	0.15582029847023326	0.1037753908447783	0.06375563382163729	0.05680615381626361	0.20867579786406543
0.11988125054528342	0.06600912901175109	0.21445024562591408	0.1873946676443194	0.16274158727482707	0.07867794409104711	0.09735240784523332	0.07349276796162428
0.20528000702720328	0.03888750166984076	0.20342949598902238	0.16701242286630708	0.10044537951151442	0.08933007964516185	0.10411201105205813	0.09150310223889188
0.1674868097285533	0.06386205346274448	0.1898876226587864	0.04111069243105374	0.28153090772144784	0.061957018138460385	0.03492158880282763	0.159243307056126
0.11949847488416207	0.056329934160570166	0.16959822187229873	0.13164535623041215	0.2486775379957422	0.0770215972206944	0.043564908057829976	0.15366396957829007
0.1775126656743053	0.054404346081893984	0.1836703330419091	0.06062419684239159	0.2514954381391834	0.09092249771730215	0.03380748537033139	0.14756303713268284
0.1329252077207387	0.05268621110611578	0.2005929116711308	0.03166078134533162	0.2816134079603958	0.08145475312366923	0.08845251508098317	0.13061421199163467
0.20506009355033702	0.04703918508505911	0.21098493010492791	0.16619888447450848	0.1430217513952167	0.09910024313781164	0.03651816413534628	0.09207674811679256
0.12615522844801919	0.04847180939355239	0.22445054026255273	0.16505422874711262	0.14473296111591216	0.07385899679014142	0.10291283201508501	0.11436340322762424
0.16114917556442104	0.04591870809056185	0.24701257954476336	0.14198605245498197	0.17946561642687683	0.05972842391455836	0.07653465583248521	0.08820478817135108
0.1564199691276434	0.061742596624133256	0.15512112117818921	0.22214490866886727	0.17357226563969105	0.08143717725842906	0.0709882540660335	0.07857370743701306
0.1858617205924894	0.03883526333555383	0.273398027310655	0.15116849246505604	0.1208635989836123	0.0992300785214632	0.03466298042397621	0.09597983836719376
0.18233339594160725	0.05329841450337425	0.20269261970145508	0.029595520659266142	0.28515647133782174	0.07397202564490776	0.06238101775360573	0.11057053445796186
0.13094208473150043	0.05051725171107216	0.2065079946677657	0.03621023884743661	0.13032173242946815	0.09020888711122331	0.08434245840775972	0.27094935209377363
0.14873887946491796	0.059969690052262395	0.18151934363855418	0.032672942029577004	0.17756467759435327	0.058679486797816	0.08150463765566697	0.259350342766852
0.18860348011589145	0.0585469351190359	0.19914193683029913	0.051443360767249036	0.07767897372039959	0.08316804590268612	0.0847345278640647	0.25668273968037386
0.1954451637321431	0.05076992714377021	0.2520551306686739	0.048290954221439086	0.17578397549485222	0.06802428372211303	0.10061069664025547	0.10901986837675268
0.14821325941442612	0.06122745855067256	0.1933157548458599	0.20909245923772232	0.09100947437520997	0.06235089905243091	0.09144909655964609	0.1433415979640319
0.16771789999759726	0.056922986822810065	0.21246028074221673	0.11834339772394514	0.016285064785275555	0.09077506198251739	0.08692218326091186	0.2505731246847258
0.12834422518743296	0.05111775831011607	0.19245858566518687	0.14407980444394627	0.23280444294588928	0.06848598873699682	0.07658207211527794	0.10612712259515353
0.15552638615497558	0.05543765761858575	0.16384361389352667	0.09005898079615494	0.1742405137171169	0.10045659013678708	0.08298740521370862	0.1774488524691442
0.17163407184648646	0.046291710453290696	0.25647720709473454	0.0996301666139079	0.011223083537954426	0.06044478455763877	0.09164739806572297	0.26265157783026405
0.16473921945517073	0.06588759800963123	0.16128951401887695	0.23710616486786543	0.06356018220090037	0.06693582154372178	0.10128307672058842	0.13919842318324485
0.16158984207041172	0.06038473428504522	0.21440038241932022	0.1391058583386877	0.1368749926463431	0.07655885728074317	0.054065557531309275	0.15701977542813936
0.19511514414594647	0.04092709826097635	0.17810000839974427	0.19214928801112457	0.06169671752449438	0.09838024175886663	0.049196995401478635	0.18443450649736842
0.19237613129534192	0.056607371553096836	0.15780252174646725	0.26106295833862436	0.04376327468142051	0.07242535328417513	0.04326084550065	0.17270154360022366
0.19771700756358415	0.06621903943814761	0.16399210709836726	0.21363672986029947	0.014403393051129781	0.06358926335406576	0.052266507493113804	0.22817595214129194
0.15153412503802466	0.04292307722539333	0.21364336775092696	0.26275225274422886	0.01977072781612567	0.08453849482364628	0.03990049778633373	0.1849374568153203
0.12901966697370945	0.04917655398261293	0.2656387577455398	0.16517237827951176	0.12363798845605595	0.07052994720713598	0.0836091353288221	0.11321557202661181
0.19655632808842002	0.06636697883471535	0.15597389188442756	0.13663208697304757	0.05696210500873908	0.06156369773033432	0.06137111868566514	0.2645737927946507
0.18818969529139196	0.04374944935479208	0.23723568104414502	0.013930512042915538	0.24768703709609355	0.08254181100038216	0.07051594270857332	0.11614987146170609
0.1801877647523188	0.06364081447843382	0.2672588341667014	0.19105519424348966	0.04525091379565006	0.09240847298833085	0.043581475555855245	0.11661653001922
0.17113336724395578	0.04123260779477787	0.2649848319854435	0.09994071896604964	0.15014011406163671	0.08762935243681066	0.0662235233198279	0.11871548419149769
0.14767547107657436	0.0615138648099654	0.26784046957110236	0.2089865765907954	0.030849782071881146	0.07821726097901022	0.10325616921221105	0.10166040568845988
0.19113622458619395	0.06615252493633543	0.19934297127371278	0.05023811276303154	0.20426801141547496	0.0662979792358615	0.0444595981138356	0.17810457767555402
0.18882173390453372	0.05785525963529911	0.16053529421170995	0.0636002421932012	0.20543678032201618	0.06609812620780307	0.09248196645098378	0.16517059707445275
0.18620366940944644	0.059004383047902065	0.21052790554534068	0.06250477653208181	0.08990487540253889	0.08815183111098537	0.09330957271169499	0.21039298624000957
0.13403801959563888	0.04889289463088352	0.21318068955095199	0.08386500526065681	0.20038834438301972	0.07849111604546632	0.06731464510486541	0.1738292854285171
0.13173920706770215	0.053401305109248384	0.16601394512562828	0.1816747663851367	0.08099127289805672	0.08258780344909894	0.07997539471292169	0.22361630525220688
0.2060170221067676	0.059724881514944206	0.16881438852906194	0.279407897951193	0.02042528107975955	0.07726318270286055	0.0966274258322051	0.09171992028320784
0.11856293385906842	0.06218656151062532	0.2193600671281479	0.10012257418968395	0.2447180982270913	0.08376702790145832	0.0405174338236564	0.13076530336026812
0.16548970393123813	0.05715384762244324	0.19704865735714747	0.213638134354094	0.0482321894614893	0.06365067191000737	0.07171721712473496	0.1830695782388453
0.16665671578892882	0.06098124508737683	0.2093348476548007	0.20794669874332705	0.03508330680574663	0.06925475888941035	0.06612864702270525	0.18461378000770412
0.11733729502117934	0.05753623195945724	0.2024630809915151	0.022190567546091083	0.2202346947986952	0.07912616387905322	0.06228008343709168	0.2388318823669169
0.16179172534083544	0.05583728292166645	0.2415078960584272	0.1637378484975136	0.09374038533688228	0.06928880061165599	0.08778803012596746	0.12630803110705127
0.12421168448443262	0.04666913548391463	0.16549373514464882	0.019987658894142515	0.20077629102205596	0.08406746891426892	0.08810085332283812	0.27069317273369814
0.14778152008811082	0.05167743164940501	0.24908148507307823	0.07945908518140543	0.2402400287047516	0.058110523289289714	0.0840843942867241	0.08956553172723483
0.1338575750001963	0.056395976312304516	0.1976051119329956	0.10043990226092045	0.279204935563331	0.06870920088712766	0.043378555327652876	0.12040874271547143
0.1295699869236273	0.05644891309026666	0.275650375977128	0.11859121630718839	0.08961853400115902	0.08520911614954883	0.046351880374701934	0.19855997717637963
0.12109911465522805	0.05824858536009153	0.27588698135646206	0.03138860067386537	0.30216259897400777	0.07285585322807736	0.047230760856661225	0.09112750489560642
0.18082622108622853	0.044623620574324896	0.2491381151101812	0.11711657753084034	0.1927867964821759	0.06792163410585174	0.041703233374487364	0.10588380173590978
0.12808709191705198	0.054007111589357976	0.19697627557411537	0.13064128176697745	0.17561529422837593	0.07971517233200412	0.030894108962899763	0.20406366362921718
0.12021424351334428	0.04881602465227772	0.24447544102040064	0.2231691879422872	0.08019680315922992	0.06855420715391888	0.04467900632454748	0.16989508623399366
0.11773939429316196	0.0406795363399724	0.22539515026313622	0.04808599794009118	0.17050991918416078	0.07261784988829063	0.08897480092864235	0.23599735116254422
0.1404213654270104	0.059432534168562534	0.2701031564093457	0.021019133394039533	0.16808891370461282	0.06055086518671832	0.036233309233813	0.2441507224758975
0.12546098835794772	0.05340770261804015	0.17368104618739394	0.19471142686820417	0.1580155414590852	0.05789284605639175	0.05201472647525526	0.18481572197768162
0.13159575854722114	0.06118951945757112	0.19796707042107936	0.18563460009915336	0.06560258212505349	0.0824383341288835	0.08741342351943629	0.18815871170160153
0.18045704757097747	0.0470866422981535	0.2407225204494993	0.15648135794838358	0.04024069441589043	0.10039962679327928	0.04115293610371626	0.19345917442009997
0.19686469680878094	0.0429549765724271	0.23729613355759438	0.18792617639813913	0.02897721966633561	0.08739082694163429	0.08524578874613134	0.13334418130895695
0.13587670471294588	0.0488618801998124	0.263047290085327	0.21604228043692913	0.020426033004288732	0.062315437791545136	0.04674751985267424	0.20668285391647723
0.12031530345751265	0.060462253759057005	0.20812886125691038	0.2814748889519705	0.06417942628531306	0.06687574195554363	0.10028389019146339	0.0982796341422291
0.1468503063014445	0.06475598332038571	0.21219755385238454	0.15285350219174154	0.05138899306820825	0.06243135125769038	0.06645651698125513	0.24306579302688974
0.1253512472679351	0.0433010404409213	0.18345228945081207	0.24193775654986593	0.16225210878848256	0.09108410459552996	0.07312033498791233	0.07950111791854053
0.13628661342562537	0.04598550180718694	0.2034417539111228	0.22378367462690288	0.0482469470920103	0.05995516096749583	0.0358937530080459	0.2464065951616098
0.15623825582142736	0.05620400847268092	0.18103790491506247	0.2358240048039679	0.10808710836797855	0.06913445580765322	0.06893784117773194	0.12453642063349737
0.13217799929366916	0.05061902314276942	0.18974136213540813	0.2832206652333045	0.028151471834181013	0.09409173136835294	0.05819397061188532	0.16380377638042923
0.12474187756311483	0.06387753651518807	0.23933845426520317	0.09969778766277393	0.11908069713348102	0.0726091871218964	0.09685898079798136	0.183795478940361
0.12839086611028488	0.05730040964957106	0.25766814357380585	0.275375830947584	0.04182963798650639	0.09617577221748184	0.053268300860300696	0.08999103865446503
0.13308886359216862	0.04769902312782949	0.16301842727189916	0.28270866418676366	0.038761957740322595	0.08597118560906364	0.08777837103685603	0.16097350743509656
0.17313800682705024	0.04988742424155117	0.1864439526905849	0.11122872004292125	0.15584695977862753	0.0629204538911628	0.04924718319492068	0.21128729933318113
0.19352600786810456	0.056035508760593	0.18338403482825194	0.16715802406411034	0.04614042905114894	0.06818193766019401	0.08866189692787	0.19691216083972696
0.12159656940414942	0.04590466597431672	0.22887600975594985	0.17818924169635045	0.08295990447331425	0.09541971435893554	0.07161966271368139	0.17543423162330213
0.1582858581930276	0.06370844621416645	0.18827340364912437	0.014831695153075655	0.12473737948005001	0.08906888295389348	0.09823101643746421	0.26286331791919804
0.19551703721693514	0.04640367478671044	0.15694509490596262	0.07975737229504343	0.25011371795864534	0.06503859983664417	0.04609047015590986	0.1601340328441488
0.1466929641909436	0.05759592993378172	0.19395682991677576	0.04864001498854838	0.2982720037260141	0.09573071633378719	0.05778541209065313	0.1013261288194959
0.18846780197283033	0.06166283484547294	0.2671840136404649	0.027601142968980863	0.08427980975359536	0.06851751260514462	0.05901850903158812	0.24326837518192262
