0.15968457082503443	0.053029883771805515	0.13059443407304022	2.825652401700074E-6	0.03781670845542327	0.30860428514917565	0.0019448621336914523	0.029768214869516668	0.044742408964729315	0.2338118061051816
0.15963100471761155	0.05304523371933256	0.13061663546788885	2.4487174484361107E-6	0.037788393406927856	0.3086199935230488	0.002020945257761239	0.029739418881392116	0.044795970151450856	0.2337399561571376
0.15967595004513058	0.05294701604941643	0.1307339910456811	2.745578753640676E-6	0.03780985030879554	0.30860124431309005	0.002012166556853795	0.029678922030476215	0.0447761220906768	0.23376199198112568
0.15959081793455376	0.05265749440402111	0.1309351293515605	3.002776762350834E-6	0.03810128103567548	0.3088764844537145	0.0020367051767083977	0.029584917281887682	0.044769205714860524	0.2334449618702556
0.15953352989742176	0.05255559251015695	0.13089415522916345	2.8213045835251416E-6	0.03817078940255456	0.30869864913891865	0.002221696292819972	0.029596162068466686	0.044809249064325034	0.23351735509158922
0.159413104992266	0.05258385000287495	0.13085532728709523	2.6458366674253497E-6	0.03811482372492021	0.3087848849471142	0.0024495460581001327	0.029085881957204365	0.04521154893677603	0.23349838625698138
0.15933440537515475	0.052560491478825994	0.13059129312640838	2.4429013643217923E-6	0.03822820468918099	0.30881480525963995	0.002801476046617582	0.028816897659370885	0.04531421723916643	0.23353576622427052
0.1593480859121416	0.05268697628955055	0.13079727772774236	2.320790742346701E-6	0.038039524057798674	0.30893958265455973	0.0025237579171405317	0.02850024077345402	0.045418080030633995	0.2337441538462361
0.15946141173401818	0.05253434905003857	0.13083077301156376	2.353545597119644E-6	0.03773616293737215	0.3090651150275737	0.002445580303253994	0.028701158715944572	0.0455445865047956	0.23367850916984223
0.15943016357475714	0.0525365090570412	0.13091499757042813	2.989334288869272E-6	0.03770031003972492	0.3091087035918136	0.002444131801668567	0.028744020597843922	0.04546030671892616	0.23365786771350744
0.15959894137027536	0.05287706005835127	0.13110245626098088	3.1863500957324264E-6	0.03749909015742295	0.30863182460740696	0.0023845667466161763	0.02857288999708575	0.04554971281297916	0.23378027163878556
0.1595222889031614	0.05297527968313963	0.1307293779830587	3.163552249094148E-6	0.03782936811636667	0.3087305257644431	0.002407807600974962	0.028667941221861865	0.04541793321005072	0.23371631396469372
0.1594192320031956	0.052785397535381674	0.1308301539537794	2.6227671383466378E-6	0.03810670748087607	0.3086605629831939	0.002497276898870776	0.02877148083765095	0.04529075102940977	0.23363581451050336
0.15957054593918793	0.05284202994268173	0.13085381227222254	3.1837272051055132E-6	0.03796680938033428	0.30877808984468813	0.00227549162825183	0.029018948514628815	0.04517234000874988	0.23351874874204964
0.1593350774720712	0.052852459535869256	0.13117697630919672	2.5082351047811535E-6	0.037938139406053256	0.30865252040216556	0.002188276098354064	0.029097427700731884	0.04512697821222074	0.23362963662823238
0.15943096666165324	0.05271395799583569	0.13128375670281417	2.664864303461578E-6	0.037932106729232015	0.3088327306913787	0.0019934576068754845	0.029229509266302356	0.045005550526950704	0.23357529895465406
0.15958454462642577	0.05289763510762577	0.1311244548092493	2.276271144741049E-6	0.03752068708568321	0.3090109854180816	0.002136560982217442	0.029126599777481346	0.04506968853976834	0.23352656738232241
0.15926194110824365	0.053073470080547074	0.13146702915019434	3.060166355040028E-6	0.03734649300397959	0.30911610587133304	0.0023395830297550935	0.028800545974166952	0.04511925893713414	0.233472512678291
0.15935197843642276	0.052963467777998346	0.1311551016555294	3.0770093140952692E-6	0.0370413224327682	0.30925685015446147	0.002454234582441761	0.028822231012726046	0.045351775371796105	0.23359996156654167
0.1596553705980144	0.05291134733701586	0.13129305535852642	2.269951287173222E-6	0.03691601410719057	0.3091441243840389	0.0025569650393842958	0.02870361530469881	0.04523247543647101	0.23358476248337245
0.1596753572253972	0.05267153575179613	0.13131600829585904	2.7288091109106682E-6	0.03688046355999669	0.3089111146953326	0.002617300846530779	0.028838584523525154	0.045424994025253	0.2336619122671984
0.15947272359794384	0.052963941301555656	0.13139775532455633	3.18543181777875E-6	0.036855398843558235	0.30867034031115653	0.0026847871399656165	0.02880765763054198	0.04536387326865668	0.23378033715024726
0.15940923269946322	0.05287741789350718	0.13149470361743665	2.8612880356299053E-6	0.03691184257615994	0.3087949425493008	0.002696604215552151	0.028585518874446533	0.04553439971632585	0.233692476569772
0.1595605587414372	0.05288556823214549	0.13154739549111744	2.8102710524641195E-6	0.036955448641466646	0.3087886313804675	0.0025693527199538158	0.028747194258178926	0.04538497136990857	0.23355806889427178
0.1593907857585537	0.05306061252695657	0.13157992537159027	2.3489830173611947E-6	0.037260244870871026	0.30892408572860913	0.002734203959550971	0.028534470315708146	0.04537970340000031	0.23313361908514235
0.15906874380669758	0.05294317148832276	0.13145350754211022	2.902393879719578E-6	0.03731299556740704	0.3086731312239352	0.0027649689574049396	0.02882525806166006	0.04558478712200209	0.2333705338365804
0.1596027566574651	0.052423381477406855	0.131572803304971	2.50926787125072E-6	0.03699625921437852	0.30869044033603793	0.002817453207984752	0.02830240841854441	0.04577770561802569	0.2338142824973144
0.15949107680658725	0.052486329191292334	0.13165879160340108	3.0532635441615774E-6	0.037137977082770585	0.30875842854643915	0.0027011621531133345	0.0281234418662034	0.04591058310172274	0.23372915638492586
0.15967902683081656	0.05237063869788026	0.131587601500346	3.159971216928903E-6	0.0369787943953722	0.308843141584269	0.00250893605596679	0.028532809013196964	0.045910530002915846	0.23358536194801938
0.1594711844840068	0.05227805805798586	0.13178437682079494	2.2577733438111647E-6	0.03703970263034602	0.3087900559468657	0.0023342392712103616	0.028518543994766665	0.04598227772823391	0.2337993032924458
0.1593835563181846	0.05238390784012625	0.13153943813930583	2.9018312334427865E-6	0.03714413336344087	0.30929575656156055	0.0028512069078782815	0.028872360345991097	0.04550849860780384	0.23301824008447514
0.15915395808151955	0.05256844388265602	0.13156308139263378	2.492667999884346E-6	0.03696453883341752	0.309496517567738	0.002916282360412692	0.028963478615295038	0.045318404831692506	0.23305280176663495
0.15863419310793214	0.05223720359722592	0.1325631573522302	2.954931862308996E-6	0.037464683933910836	0.3099618861073913	0.00370737556288131	0.02917772716929777	0.04511572513394727	0.2311350931033208
0.1588290942373471	0.05201746491943797	0.13282198267603362	2.829784017374659E-6	0.03776728771169571	0.31031731155622505	0.0040159433203443284	0.0286854970152126	0.04498775470114037	0.23055483407854566
0.15945944631226341	0.05144905329750374	0.13467563162127105	2.9602411829310338E-6	0.036875980743115225	0.3096710379427381	0.003299882550269584	0.02968400427573281	0.04522801430981245	0.22965398870611065
0.1593890848193856	0.05156018317185258	0.13460277167037293	2.4837816523515244E-6	0.036859450410968914	0.3096255763587803	0.003241628840457325	0.029792710670798347	0.04522601237713338	0.22970009789859813
0.15931283696921783	0.051189527150844155	0.1343186697937078	2.399650958467836E-6	0.037361162384977	0.30982165952301943	0.0040640258113021355	0.028236955837334946	0.044772313218203935	0.23092044966043412
0.15816976175092187	0.052643998823425305	0.13621599668058465	2.8551218436562165E-6	0.03744299185021764	0.31024968387789825	0.003494469159565264	0.02545333676758206	0.04559911956131035	0.23072778640665081
0.15834431151282163	0.052622236663161445	0.13621399011726593	3.085090247809119E-6	0.03745159104366513	0.3102298813773364	0.0034310854186534873	0.025514562568942314	0.04548910266228788	0.2307001535456178
0.1580915688660421	0.052535892901958404	0.13633776252124627	2.2482741023205355E-6	0.037271439256846686	0.31032788917833687	0.003168546280823456	0.025714709291768126	0.045845884289418715	0.2307040591394569
0.1580806205636317	0.05256342985528255	0.13646294144123972	2.8883784722877337E-6	0.0372765162135546	0.31029562295640767	0.0032637641091565195	0.025912791453186992	0.04568684909637384	0.23045457593269392
0.15821622805508162	0.05226776937061822	0.13651637966768987	3.071950626695741E-6	0.037474155284106456	0.31028273222082947	0.002246048417293811	0.02639352457482115	0.046227795071259764	0.23037229538767273
0.1584398413752262	0.052119971978592694	0.1365563963436378	2.39878848551367E-6	0.037389958289221745	0.3103178406273247	0.002127731573648317	0.026311412265712805	0.0463626210838796	0.2303718276742705
0.1581600383681546	0.05209038868511705	0.13639407508548412	2.266860066990617E-6	0.037318574521985864	0.31078389067373696	0.002186457216503901	0.02615306756550595	0.04646579470895787	0.2304454463144866
0.15826303935769917	0.052132399915554385	0.13605647606671137	2.4666957126467937E-6	0.03708556433042061	0.3106673434311888	0.0019419844894878746	0.026229370629385976	0.04677728996193362	0.23084406512190547
0.15801944924078715	0.0520624221957509	0.13582338738423805	2.9964102074842014E-6	0.03724731282588674	0.3105520157219141	0.0022425272141933517	0.026483702955420255	0.046597942541945034	0.23096824350965683
0.1580850047147226	0.05244307075074727	0.13546102540708477	2.4550726950844926E-6	0.0369078071296457	0.310636846270701	0.002314021116745668	0.0264622429736147	0.04654416268511523	0.23114336387892787
0.15834081735451794	0.05252969007019248	0.13543280627335444	2.473895502397294E-6	0.03707281043518161	0.3105222427460396	0.0021155794174540915	0.026268882914751795	0.04652063288994735	0.23119406400305814
0.15921492641985613	0.05241145895798024	0.13548872233322987	2.499692831794964E-6	0.037664219702062025	0.3108652910317184	0.0019629034624828734	0.026105013730602103	0.04616416884886694	0.23012079582036948
0.15897659941745915	0.05246169614706391	0.13512962716153776	2.5390677593634114E-6	0.03746860931738907	0.3114505967888689	0.0020475121668507013	0.02619666741875945	0.046284810481101606	0.22998134203320997
0.15898841399639183	0.052211156485124414	0.13508263661366185	3.0091836324963595E-6	0.03777594097723375	0.3115400229477001	0.002236290003233582	0.026259432719954137	0.04571021261828919	0.23019288445477848
0.15907113454650326	0.05207634128215984	0.13549595215554366	2.6496694462557757E-6	0.03798393800500827	0.3111093642773067	0.002231848670377762	0.02649494708038888	0.04526695720537563	0.23026686710788957
0.1590558157682446	0.052249269571417394	0.13563840456606682	2.8599979381982443E-6	0.037792758054623524	0.31114441197538445	0.001970352690801244	0.02659510103859189	0.04528396184290319	0.23026706449402856
0.1586252953314544	0.05306398660460006	0.1353146133280939	2.2314145981250366E-6	0.03750147627813297	0.31174250397467324	0.0021841954532891006	0.02591880476084564	0.045000964496965515	0.23064592835734699
0.1587099269546936	0.053057602815361905	0.1353259788877338	2.2504325482425314E-6	0.037472290975994096	0.3116229430528164	0.0020067225158986873	0.026014606008330318	0.0449521101393118	0.23083556821731105
0.15895909899517366	0.052811264748797035	0.13528085990519556	2.9162257422638005E-6	0.03754923713814698	0.31196982093359105	0.001948131393181049	0.026223568823341745	0.04483962067856539	0.23041548115826516
0.1586687864851894	0.05229952037681322	0.13484193292352717	2.8616319921875855E-6	0.03779727326676176	0.3112456917982402	0.002929943355808859	0.026053972044236734	0.045128650824709356	0.23103136729272106
0.15829575357439457	0.0523963601441334	0.13494467325937431	2.3637093766737394E-6	0.03778620212854296	0.31154581127664327	0.0029881815222670555	0.02595570691953991	0.04504111065452279	0.23104383681120483
0.15803173316251617	0.05247170519081128	0.1349321698208539	2.2302660788592332E-6	0.037874093134295815	0.3115831545351654	0.0030442905113975544	0.02603984584109173	0.0448954941630577	0.23112528337473148
0.15800547613574428	0.05293448682159317	0.13515894859858155	3.181726492676451E-6	0.0374779939054659	0.31108073493343913	0.0028302401873580157	0.025833858759884656	0.04539626784114072	0.2312788110902998
0.15816954227354652	0.05251454961725849	0.1351995556279269	2.3500773950746456E-6	0.03721384717441244	0.3116060329344573	0.0026099507447231163	0.025919717131540274	0.0455205103606733	0.23124394405806642
0.15820821515042557	0.052455523325961324	0.1351661929120104	3.0195299768331907E-6	0.037351710594016416	0.3114243961829638	0.00260894379820846	0.025878758181435715	0.04544297419042711	0.2314602661345742
0.15774456936460862	0.0521022484818662	0.135438538609046	2.869681613670849E-6	0.03735065611304619	0.3116027669619371	0.002811589783846366	0.025929952085091634	0.04511154134668228	0.23190526757226176
0.1575588321889394	0.051852838600917196	0.13579493168793122	2.2898399226062294E-6	0.03696205506273596	0.3117082509994783	0.0030155964650330352	0.025833616323627226	0.045320344917335005	0.23195124391407995
0.1571958617140396	0.05177955726925177	0.13599959780953494	2.9569869671175475E-6	0.0369022774346994	0.31202989773086426	0.002837879458862519	0.02602125940947156	0.04550195008390884	0.2317287621023999
0.15712446739324967	0.05177272303079087	0.13638445426380177	2.7204326405183554E-6	0.03706396188429556	0.31202482602444814	0.002986971839583602	0.02555057976192955	0.04578225342884341	0.2313070419404168
0.15838348314306266	0.05107824768582454	0.13645113926172509	2.2652835218739398E-6	0.037829589859862456	0.3120519109280062	0.0029904430547726124	0.02540711101229079	0.04506958101986975	0.23073622875106387
0.15861012303382654	0.05115203992247703	0.13666840094158567	2.7066494711486255E-6	0.03696875534150154	0.3120545897903319	0.0020515077499621975	0.026210384381790228	0.04621155736452494	0.2300699348245287
0.1585047695907179	0.05054627749263742	0.1368322602620431	2.938177429259725E-6	0.03743128276390144	0.31175950704558186	0.0021464866555586104	0.026282293201855378	0.046468363575017754	0.23002582123525717
0.15867089107150487	0.050854838295593174	0.13692158651220382	2.7732900509946923E-6	0.037741765577741865	0.31157179928234996	0.002065030987710742	0.026208055639204628	0.04602307624931869	0.22994018309432118
0.15817238042586926	0.0507492603704753	0.13724656825860926	2.8846942640575746E-6	0.03789692558280655	0.31146129050965043	0.002182089536225826	0.02603934674071519	0.04619286008129203	0.23005639380009196
0.1578404764533237	0.04988473882659783	0.13785497017352846	3.0469809667033054E-6	0.03856366468305697	0.3109656154541462	0.003395676432505948	0.024902725756154404	0.04713736738927554	0.22945171785044416
0.15791416636234146	0.049754999748972045	0.13766548349614427	2.505092162333189E-6	0.03845485037965287	0.3109318683937301	0.0035409756005484877	0.02507134538502727	0.04702038517273895	0.22964342036868207
0.15829435228286043	0.04949790803582443	0.13742828660763884	2.946611421542067E-6	0.038717836222367595	0.3108822004019481	0.002975216678181694	0.025046537038880184	0.047545333139176756	0.2296093829817003
0.15812801495714957	0.04979837406093434	0.13764012237563972	2.9498109555825547E-6	0.03902218085924802	0.3105754564155221	0.003135289947294756	0.024846246671809416	0.047373596301790076	0.22947776859965635
0.15885186669700482	0.050516723795099354	0.13673707093064663	2.5357436897188723E-6	0.039961953316991004	0.31084020313435	0.0032304765897282067	0.02487051656106988	0.046354771232901416	0.22863388199851886
0.15872692746003889	0.05065447692401229	0.13696480929852678	2.4620592474350333E-6	0.039805079842684735	0.3108977619995808	0.003313139543238558	0.024790686964575245	0.046030255011545805	0.22881440089654936
0.15855862825035255	0.05024077273092232	0.13706641067941883	2.583182039606058E-6	0.0400212601326927	0.31018815394604954	0.003577140206424273	0.024515191084449856	0.04638087277058535	0.2294489870170649
0.15928054513874143	0.05010912659191056	0.1360258223336145	2.7097745288612307E-6	0.04091653229075413	0.31064908510543215	0.0030054983441908656	0.023849957605569322	0.04689513679862304	0.22926558601663505
0.15811338231986355	0.048905421338350866	0.13669714614892137	3.077108629762071E-6	0.040145577607598244	0.3119739821879281	0.0030209913890017065	0.02459819173972891	0.04653298485248567	0.23000924530749167
0.15817987362743685	0.04895145809572503	0.13676024328207517	3.092634796059146E-6	0.0399076848661214	0.3120591037777593	0.0032062344601646864	0.024695319759922785	0.04658208907004434	0.22965490042595427
0.15718465336050869	0.05064310181411789	0.13476526918685144	2.613941632062522E-6	0.039751958193883795	0.31466259078391096	0.0023376554043884334	0.022920392102869336	0.047220165976716355	0.23051159923512093
0.15712769542669924	0.05059713969233247	0.13471002270965587	2.8119362321804564E-6	0.03966380050748039	0.3143949551953308	0.0025302712660929955	0.02281950876858295	0.047352557676353324	0.2308012368212396
0.15720281134125338	0.0507283115874487	0.13455160294801072	2.414243210874245E-6	0.03977068208746712	0.31434976344232374	0.0026521485125619165	0.022766339454038692	0.04713202910865581	0.2308438972750289
0.15747022120693477	0.05075952060821226	0.13462999779630982	3.1344773008396E-6	0.039629626082454135	0.3141871433508105	0.0026204319448574626	0.022699063151100693	0.04714091894475151	0.23085994243726793
0.1571835452060956	0.05105125735278604	0.1347782203101639	2.2094476816031383E-6	0.039564896359018706	0.31433426840455303	0.00274428893835775	0.02245714684654354	0.046953297142693876	0.23093086999210577
0.157040283032519	0.05103490376237105	0.13480490626335168	3.1781482259379823E-6	0.03954243276290412	0.3143213878035165	0.0028803480242769047	0.022428200430223352	0.04681736717344236	0.23112699259916897
0.156249969646593	0.051388207115374424	0.13489701123616538	2.77614858622266E-6	0.039661845946710544	0.3149707546942277	0.0024176351852935457	0.022508035068186202	0.04705961326536436	0.23084415169349853
0.1562271351077963	0.05137418306287092	0.13512805818816265	2.6601207815946104E-6	0.03968553090371027	0.31503914481330997	0.002494957686960189	0.022151943013362208	0.0473756885122112	0.23052069859083463
0.15453380737456307	0.05179264335075334	0.13556103309000248	2.939001422383458E-6	0.04000241710340757	0.3148396635782856	0.0022862441148605583	0.022135933101034302	0.04842785056817355	0.23041746871749708
0.1544377022921165	0.05206430013452911	0.13569593891461618	2.719354726482548E-6	0.039741614169663854	0.3146985072024465	0.002265741651427955	0.021672381982443104	0.048231086030867384	0.23119000826716274
0.1544319415664313	0.05224914753791972	0.13551685488393758	2.4595377222519366E-6	0.039739488823629196	0.31504720427019667	0.0023014933074021193	0.021839002439080255	0.04786217246163964	0.23101023517204117
0.15410727298223648	0.05237366465469813	0.13567756615139884	2.792331806569792E-6	0.03983529250304835	0.31496321258518606	0.001962865779439868	0.022159183952055336	0.048134729140347415	0.2307834199197828
0.153991209359005	0.05261378227856376	0.13580288823803446	2.9806616419630894E-6	0.03981838408070285	0.3148642184740925	0.0019857563716144805	0.022131074310393448	0.04809021478405905	0.2306994914418924
0.15378591993831392	0.05234540348696046	0.13671349227545596	2.6808629285807184E-6	0.03932036526430357	0.3133217472040741	0.0019468691497910168	0.021872593359254774	0.049419946080572624	0.23127098237834492
0.15340206322859756	0.05235273127049083	0.1368541020963278	2.4761761995423237E-6	0.039843702258019184	0.31306840492802845	0.002199678304532174	0.02165629252508887	0.04947826675202089	0.23114228246069457
0.15385305976640978	0.051824734265900174	0.13683802324637923	2.7183539362263254E-6	0.04083740349351084	0.3123559197077523	0.0025824172201383833	0.021471083911465627	0.04861997799938737	0.23161466203512
0.15376491341668597	0.05160677134571714	0.13689306062808584	2.8457838347623055E-6	0.04115229832404383	0.31244884136243933	0.0025878894442811634	0.021557975276825833	0.04853191126457849	0.2314534931535075
0.1539363544849265	0.05145227297608623	0.13660799559317965	2.972637488649066E-6	0.041293006118471656	0.31246943644920866	0.002620207560635218	0.021643367900928148	0.048489105753548596	0.23148528052552658
0.15378860658068055	0.051108362797832846	0.13667731880877892	2.306257901554809E-6	0.04172864158966895	0.31276577525227833	0.002706764037638462	0.02121767442268703	0.048671874896344905	0.23133267535618834
0.1536542102649524	0.05010830367363755	0.13754026246258957	2.696893374343201E-6	0.04185614033183988	0.31265694979793646	0.0030807828351383792	0.02117656930236274	0.048840592148429236	0.23108349228973935
0.15396435572974018	0.05003057151058954	0.13750621795816093	2.3739270858108563E-6	0.041736212693640494	0.3127793645756032	0.0030520900645090027	0.021026179626330216	0.04899563313152841	0.23090700078281212
0.14959578037981508	0.04508555499225059	0.13893876297654867	2.578088181548477E-6	0.04419458244958799	0.3200251778221472	0.005157672314799799	0.023465978374402174	0.04730692595384896	0.22622698664841795
0.15012120662993048	0.04444793892405342	0.13211643090003677	2.3950863380500786E-6	0.042185375437532105	0.322134559257621	0.007498247758111934	0.022667737491463488	0.04607033362667495	0.23275577488823768
0.150107009168844	0.044529248425315804	0.13220690953185393	3.1624546899672312E-6	0.04233050136034232	0.32219608609997896	0.00739281799835291	0.022170150462241744	0.046392559674247755	0.2326715548241325
0.15018799729175009	0.04446723457238444	0.1318376269670844	2.8635479374372608E-6	0.04260279702217945	0.3223202346877245	0.007075751343763911	0.02204180059544869	0.04670741488875317	0.23275627908297375
0.15033940229747583	0.044214881997564126	0.1318942601859494	2.739556312011948E-6	0.042576473500861065	0.3223148236665424	0.00694961386835434	0.021910208783649188	0.04680386645078097	0.23299372969251048
0.15039186773618235	0.04439125535867712	0.13188739787199882	2.8817279394272033E-6	0.04266615516456655	0.32271560864502213	0.006693688778679194	0.021604308156162447	0.046808730103535076	0.23283810645723674
0.1503453377398008	0.04483138101700758	0.13192137193710962	2.863441417033652E-6	0.04327047080532556	0.32314427182929645	0.006359209737971827	0.02054657920004843	0.0463250819536853	0.23325343233833734
0.15056267263550882	0.0456235147433656	0.13132670965812943	2.582286709518211E-6	0.0445623834303397	0.3228389706681817	0.005996010625614667	0.021407924714578183	0.047271830874897836	0.23040740036267449
0.15053982635478397	0.046038244697198166	0.13123885323750853	3.0157184963824912E-6	0.04435627010493433	0.3234511828156837	0.005723510695694697	0.021623976175505225	0.04716906030528188	0.22985605989491303
0.1509922673490118	0.04643226411508141	0.1312845277578529	2.8666056907239446E-6	0.0442367101672809	0.32269864110315116	0.005718146516522873	0.021943285231507056	0.04702457302540539	0.22966671812849565
0.1512772551382811	0.046990036313595024	0.13107541683125648	2.3444405895384213E-6	0.04388193045791022	0.3237399433547784	0.005235211538556314	0.021503182258304873	0.046436676392202815	0.22985800327452505
0.1512496308593182	0.04710969159753599	0.13103279276717733	3.094958516233759E-6	0.04382461767412041	0.32367136690246917	0.005170519272504628	0.021583663910453854	0.046356062262506145	0.22999855979539796
0.15056041024977188	0.047654681986341804	0.13096617732654378	2.5735871916898745E-6	0.043524688216686355	0.3240428155843491	0.004686349592247174	0.021799136099601504	0.04614592450339672	0.23061724285386992
0.1509938696408954	0.04758783479996171	0.1309791476610354	2.8057893705496495E-6	0.043171678449567506	0.3241575942326533	0.00439847366264802	0.021800993872004806	0.04618744813932322	0.23072015375253996
0.15118376144597556	0.0474088948773215	0.13149271208249005	2.4802850110278163E-6	0.04301033320366453	0.32425958580355974	0.004482885128268166	0.021656478761255787	0.04601201480783354	0.23049085360461996
0.15073290310538645	0.0475509131495436	0.13210381438495833	2.2707366049284916E-6	0.04344224281278644	0.32463401976407935	0.004544175452131552	0.02106352295265561	0.04547069372422973	0.2304554439176239
0.14675236524843221	0.05177221456768105	0.13089768765741797	2.3124749445185833E-6	0.05203628855529978	0.3147402778462578	0.003372062412151794	0.01609857220607787	0.05175159016717448	0.23257662886456243
0.1462376081354005	0.05221668154060906	0.13092484459651926	2.4894417428450444E-6	0.05198516439431447	0.31472240788153033	0.003399047794950427	0.015964863882858588	0.05199529345223233	0.23255159887984217
0.14606631465592884	0.05211292756455896	0.13082426882434606	2.83045370737256E-6	0.05164729503974265	0.31480295407807746	0.004032076894676009	0.01550385438392729	0.052265534710397896	0.23274194339463739
0.1460000880259126	0.05237654688861597	0.1307673255896688	2.4627755958184228E-6	0.05169138113981752	0.3147492144216685	0.004002041215636271	0.015437025004820706	0.052387315636161294	0.23258659930210246
0.14573230027767967	0.05289304349296904	0.13182651997108719	2.2996327290469853E-6	0.0515353376721069	0.3148862205644886	0.004150089395054596	0.014343734595015076	0.051790574084894105	0.23283988031397562
0.14566851300338024	0.05307710466407742	0.13154919756120148	2.9485793641564895E-6	0.051226838699723824	0.3151607325270069	0.004321103898052195	0.014144886478344124	0.05206434994875871	0.23278432464009086
0.14590930785265283	0.05290504308307452	0.13164513684150647	2.646286162935607E-6	0.05088803407066636	0.31529112425702444	0.004469547670692353	0.014244943877053218	0.052209835707478655	0.23243438035368819
0.14626421164448292	0.052756689592439954	0.1314185942896596	2.836157638172465E-6	0.05074282706221814	0.3153664896065137	0.004473490035255004	0.014595503966569126	0.05219500318453895	0.23218435446068436
0.14649424827352156	0.052423284900636975	0.13157593634689546	2.635677771256617E-6	0.050806313929139015	0.31534707062416506	0.004473626233159611	0.014414447497652139	0.05233384146894457	0.23212859504811423
0.1466117903466339	0.05269728599376818	0.130987126487248	2.764303694668957E-6	0.050463127212491445	0.3156429304652193	0.00453356045755271	0.014179232355597912	0.05269863442837191	0.2321835479494218
0.14659395395145067	0.05254381071264132	0.13108157829949107	2.5583002994239434E-6	0.050640115580842915	0.3157567739072458	0.004632736977890087	0.014075156305887557	0.052752598815260725	0.23192071714899026
0.14651172646051125	0.05262842158552673	0.13092532903596207	2.4530822716334333E-6	0.05079809472491091	0.31581868487688924	0.004357803870913002	0.014138133623084997	0.05269957082565554	0.23211978191427446
0.14713912423914863	0.05282785088854812	0.1308898093025393	2.651528350397503E-6	0.05028527045200636	0.3161266356205547	0.004438485529136588	0.014577025417781886	0.0524073698278307	0.2313057771941031
0.14707099007780777	0.052697350669604404	0.13097515382142821	2.7290041804545195E-6	0.05042517917923597	0.3160841030153521	0.00449867061801508	0.014520189119303126	0.05242352833339126	0.2313021061616815
0.14701641695404313	0.05244699309450515	0.1320918924785582	2.261394986213805E-6	0.04933974570922253	0.3152763031830782	0.007148809982326393	0.012867498021670809	0.05357005502038076	0.23024002416122852
0.14701864462594832	0.05260671483857604	0.1320220680006025	2.8831185966138317E-6	0.049187670936556155	0.3153053120818749	0.00702617913193887	0.013018821937587105	0.05352316597968765	0.23028853934863175
0.14757850729091532	0.05224884856264824	0.1316713670210404	2.4137224477055463E-6	0.04896731242273823	0.3153383048471706	0.007202489187800656	0.013538257658790798	0.05317681907643212	0.23027568021001582
0.14726960890803864	0.04937534809531659	0.13201330391177996	3.0156982885470862E-6	0.047376595716440956	0.31710900242537055	0.006623621947152616	0.013359325619339515	0.054587758843208836	0.23228241883506373
0.14749431402962015	0.04935323387652755	0.132237053968955	2.8209369482973257E-6	0.04713814648132374	0.3170633122729765	0.006688331005113915	0.013327552752415373	0.05448073097536186	0.23221450370075747
0.14785570639578446	0.04899646880408082	0.13211461605462738	2.727189331683255E-6	0.04656727081249845	0.3174241785859376	0.006312977153846502	0.013491338040047207	0.05449786574705147	0.23273685121679438
0.1472275168162358	0.049455031755173726	0.1318107503442614	3.0400671106184385E-6	0.04605003511564215	0.31716823900833613	0.006289757043531588	0.013760618762780258	0.05501834077776492	0.23321667030916332
0.14687637899931702	0.04937803769729711	0.1323228862990855	3.105703623343392E-6	0.046028297956364914	0.31768347580877454	0.00629969072715196	0.013364609613489578	0.05524290445261403	0.23280061274228186
0.14661414247259902	0.04914991094844064	0.13205947113804384	2.559690899642253E-6	0.04656820413753893	0.31782543415494835	0.005359404762439693	0.013722159591428931	0.05498959715825367	0.23370911594540722
0.14664882286859265	0.04864765075152826	0.13242340437448352	2.4763110333947402E-6	0.046271030395688764	0.31852216030131375	0.004894156909340211	0.013278019162262775	0.05565955154002572	0.23365272738573079
0.14664586131285615	0.04850380827373713	0.13271525058116912	2.885805675215125E-6	0.04644055267394462	0.31858828034573927	0.004668633956134552	0.013347314699698506	0.0555319448068399	0.23355546754420542
0.1463073223537074	0.049191115160799964	0.1325673126261443	2.4875477412367175E-6	0.04717932307451847	0.3183517315138694	0.004719348151923181	0.012897895313460334	0.055398315048669516	0.2333851492091661
0.1422867063516008	0.05012960827295297	0.13105488082012945	2.4399830663018873E-6	0.04592235385682046	0.3160946150500581	0.006816036188208849	0.015974764303596137	0.058084670646940256	0.23363392452662662
0.14228679129760424	0.05038457053324111	0.13074324104935936	3.1876284943971323E-6	0.04567424413939622	0.3161572115898518	0.00688801328275053	0.016053322876852197	0.058180950390783	0.23362846721166702
0.14184775794874327	0.049053765035276746	0.1311062200919443	2.5262605641701574E-6	0.045154782027560895	0.31622318046538184	0.008141163358154416	0.016217674422205522	0.05896053983434723	0.23329239055582146
0.1427026925217379	0.04961883758263823	0.13091868828265193	2.630368511474801E-6	0.04528653215423331	0.3146275634158341	0.007932813160866858	0.017831448608193412	0.0580349670262242	0.23304382687910846
0.1431546180320916	0.050018037284691466	0.13090466786063776	2.6181434753108634E-6	0.045594775866861476	0.3139188152456332	0.008072468021849064	0.017173115152537458	0.05822901031796758	0.23293187407425503
0.14351966063189553	0.04993932051567107	0.13107960313426753	2.9249769428058014E-6	0.045750385213187764	0.3134402982330772	0.008169608384559782	0.01703757950319025	0.05823747135803711	0.23282314804917092
0.14335259459795566	0.049521132725232245	0.1313650228240983	3.1589608001370006E-6	0.04554011952063733	0.3137205918173035	0.008804537702129925	0.016916066255773424	0.05826082948039439	0.232515946115675
0.14285783717599676	0.04928363164718577	0.13169028250851	2.7575366916970934E-6	0.045674073509053156	0.31372183058826175	0.008140712221038834	0.017534622746819287	0.058344369545585306	0.23274988252085727
0.14425375931476073	0.048717894661293795	0.1309230666376961	2.3308230112928374E-6	0.04694413342266156	0.3130065116375583	0.008542979275881352	0.017834870183989854	0.05858449790563909	0.23118995613750776
0.14432061455884498	0.04881973643325526	0.1312104295518775	2.810878272613282E-6	0.04626351662450169	0.3120151159373859	0.00877102313237657	0.017147688057301255	0.05983408396902655	0.23161498085715754
0.14433700061935945	0.0489637750124111	0.131109859177077	2.7610835043878623E-6	0.04613467822035669	0.31200189102112186	0.008781573662167683	0.01710238492437624	0.059951378459211536	0.23161469782041394
0.14431399667305633	0.048866324083774705	0.13120191691689187	2.69519893288106E-6	0.045978097678860894	0.3118896064975499	0.00873728430690661	0.017280512300506132	0.05988504213512045	0.23184452420840013
0.14389551423804253	0.04887042119078898	0.13129101683564864	2.798107584731091E-6	0.04616171815637979	0.31196147645782385	0.009140894166345517	0.01703999286907608	0.05956938733261084	0.23206678064569902
0.1436555435605667	0.04837455695215038	0.13113107233017945	2.894895859154034E-6	0.0461690799468318	0.3122702807856377	0.010026390640726426	0.017026911340723247	0.059362462218984675	0.23198080732834037
0.1436396465490181	0.048646652116846226	0.13107550310054344	2.921726044186057E-6	0.04616273820569278	0.3121038856601757	0.010142735270918454	0.016849733271978723	0.05921133107821872	0.23216485302056356
0.14336340081156096	0.04866292490339062	0.13084623758039823	2.2375829940163294E-6	0.0455136914294092	0.31238950100555024	0.009845793103001294	0.01710832326141995	0.0591051206822539	0.23316276964002147
0.14349230649886527	0.04860566308769073	0.13080505082899008	2.7796660384132865E-6	0.04548080984542481	0.31253827251290717	0.009745183986006753	0.017032626673121415	0.059080842542175736	0.23321646435877946
0.14349481946924997	0.04843152245775699	0.1309480286921606	2.52098810356316E-6	0.04568037455583025	0.3127026428170845	0.009928985908981072	0.01691786058248035	0.058775565426224516	0.23311767910212805
0.1399424049434086	0.04553241110257618	0.13579897148997877	2.842462673957602E-6	0.04531401148546878	0.3137579463242569	0.009027167534351274	0.016836764803127444	0.06143905837061018	0.23234842148354778
0.140186924670534	0.04546297709933236	0.13574444934225618	2.321044409461792E-6	0.04523873786251556	0.3136910798011109	0.009102688551244742	0.016760580042193413	0.06140570985764209	0.23240453172876124
0.14176095375524012	0.043844788569528705	0.13289186247192858	2.865458084158612E-6	0.047928597418948594	0.31293510827235776	0.007510334971463639	0.016242718301962222	0.06388549010823065	0.23299728067225545
0.14169514533371846	0.04369046302134484	0.13297796183660762	2.5418902378782082E-6	0.04803127534968541	0.3130082641231763	0.007371645184768169	0.016348133576723947	0.06402059631053345	0.2328539733732038
0.14146270295997887	0.04339726021287838	0.13323026505545596	2.8191534416494024E-6	0.048012822146822204	0.3130667006876792	0.00716967162428965	0.016523177927089697	0.06385610440474619	0.23327847582761807
0.14115190076065082	0.04306919415086682	0.13347835101199407	2.3248732927416693E-6	0.04843063161544358	0.313295429999391	0.007037388596665917	0.016480772672290228	0.0638300870111176	0.23322391930828712
0.1431621139879305	0.04350726508380712	0.13378572907979924	2.728885369299161E-6	0.04745470728511979	0.31412348469450285	0.006231741675393199	0.015227112520380517	0.06389407166807176	0.2326110451196256
0.14508501627835438	0.043825566124517074	0.1341629676656553	2.427173291408291E-6	0.049886383007152396	0.3129368558362855	0.002403152900199143	0.016129454543957714	0.06419583061608997	0.23137234585449695
0.1443691949637587	0.04412499707467094	0.13391115068607445	2.211322487538636E-6	0.04964408995551633	0.3130850468626491	0.0025984700122017035	0.016366388402728083	0.06451260584891257	0.2313858448710005
0.1446304067397941	0.0442318150765019	0.13398670924521083	2.520679454443009E-6	0.0492660942210202	0.31292727372021345	0.003045567432819807	0.01638206547649218	0.06410818067361633	0.23141936673487662
0.14456425511058923	0.04461569367078225	0.13425839293585812	2.2635540770921114E-6	0.049381946670523855	0.31260052258514237	0.0032130481335802125	0.01607923460876634	0.06388560809291033	0.23139903463777006
0.14472912508555036	0.0445445307186022	0.13415131724246251	2.78721961863293E-6	0.04931204118731614	0.31289715813712166	0.0029031767131778297	0.016116126094845654	0.0638661604571383	0.2314775771441666
0.14529960388584717	0.044218427985148856	0.13410183293136607	2.9827739676246967E-6	0.0489917978974905	0.31309098044732286	0.002839346613887156	0.0161074608826208	0.06355202303703184	0.23179554354531695
0.14576320673620793	0.04428879222915715	0.13439382629177232	2.814923083335752E-6	0.04862814938959697	0.3130540445483134	0.0026885016479299556	0.016054435466044306	0.06327508776040597	0.23185114100748855
0.14596972863597255	0.044335280262385916	0.13451696030217158	2.8518087990675456E-6	0.048576729006801864	0.3129689492982118	0.0026406623620428143	0.015990462418456225	0.06307938780862793	0.23191898809653017
0.14572542584960888	0.04433685248505674	0.1344507174502616	2.6028085505086507E-6	0.04859642529412961	0.3132056757729291	0.0025578324949856873	0.01612224876605163	0.06326432750689981	0.23173789157152636
0.14505380950581245	0.044747239402137054	0.13450999065240624	2.4597827410904882E-6	0.048113909436401675	0.3142153824875247	0.0030371880672030727	0.016426217439845292	0.06254274226890924	0.23135106095701907
0.14516491683196495	0.04487134685743336	0.1343628113499767	2.95425510569991E-6	0.048128666477961615	0.3142656456037851	0.0030370563763157943	0.016326084727330187	0.06274909739307369	0.23109142012705275
0.14563174596509182	0.04443377614716351	0.13465424555581262	3.1015771765480205E-6	0.048242877749989976	0.31423846917353476	0.0031989660557509986	0.016443270217348663	0.06262056860061861	0.23053297895751235
0.1457291146126763	0.04461815740365978	0.13506934030898554	2.7362220689913785E-6	0.04793900863925339	0.3143315567961312	0.0029541901907234464	0.015659653279637073	0.06262385988596411	0.23107238266090013
0.14552871158271757	0.04443549793786675	0.13546041187241536	2.223291598490995E-6	0.04814517759020635	0.3141628174696639	0.002910250787010349	0.015550756157984236	0.06257927803453175	0.2312248752760051
0.14557276037416939	0.044662038272991166	0.13537713687755	2.715444225712127E-6	0.04829274070702393	0.3140543888381942	0.002848360226482091	0.015504591402382736	0.06235318226930298	0.23133208558767765
0.1455454350438356	0.045140280013711474	0.13542603552979338	2.3295523906979865E-6	0.048458362301638795	0.31384468418654193	0.002846739005601867	0.015499258766228943	0.06228336567788309	0.23095350992237407
0.14564480963172394	0.04526724487986404	0.13535230101498014	2.442341381400648E-6	0.04831679858089563	0.3138506872450688	0.002806222020176788	0.015380224426054467	0.06239126032541198	0.2309880095344427
0.1456853257929147	0.045441496059245697	0.1354645315217727	2.650151411098811E-6	0.04825902859972555	0.31361252330626965	0.0026812842208699394	0.015115328195054942	0.06258121817674386	0.23115661397599174
0.1463507315095899	0.04592372957207455	0.1349348479669809	2.4094309188094076E-6	0.04824187725064292	0.3141133593586773	0.0029067364548258784	0.014694197714884505	0.06154684196163586	0.2312852687797693
0.14539116018719284	0.04630921213106818	0.13558896844338547	2.82558460037996E-6	0.04899145129075579	0.313020057248527	0.002916350124250358	0.014994693110708321	0.060686136437630406	0.23209914544188115
0.1454208775954363	0.046507032221192214	0.1353110110634495	2.8409738058454703E-6	0.04872115257668661	0.31282464601441523	0.0029147682493828736	0.015138237775264185	0.06085281366725049	0.23230661986311668
0.145306378620524	0.046782221047212434	0.13528399706142696	2.584831920948716E-6	0.04849564880036748	0.3128748420684501	0.0031324694136499603	0.015454130353561163	0.06004544549914032	0.23262228230374649
0.1454291876812281	0.04674689163863093	0.1351485015822802	2.7351988702989383E-6	0.04888696409859774	0.3129471538040662	0.0034348648071273608	0.015377518733717052	0.05972140452016267	0.2323047779353194
0.1452161286488907	0.046828672922513546	0.1350866205393802	2.737527494980907E-6	0.04863769820498088	0.31270758400987164	0.003214882956376411	0.015687017407310447	0.060111286543995154	0.23250737123918597
0.14527190695165643	0.04697278803655755	0.13508204787967745	2.545887840946226E-6	0.048686709902721836	0.3123987942997838	0.0030155312001856477	0.01569343914266308	0.06006973162177275	0.2328065050771404
0.1452310657984625	0.04717171233618579	0.1350886873253614	2.5125547158250106E-6	0.04865726123641455	0.31244644826079004	0.0028684695476230704	0.01550378485574086	0.0602951035758656	0.2327349545088403
0.14533911591482043	0.046540827542882315	0.13492989423111257	3.1176454213521776E-6	0.04914964022855532	0.31223714877984465	0.002797104921015328	0.015583613087507955	0.06046369324391615	0.23295584440492378
0.14739108570420295	0.04759270166589997	0.1345603231046249	2.2301230805793493E-6	0.046045546510553544	0.3122369872711591	0.004495581547614105	0.017766558339408947	0.05834190691630133	0.2315670788171545
