0.21521591413110913	0.614531988946187	0.17025209692270404
0.2157551122529729	0.6165130961282548	0.16773179161877255
0.21493022407201315	0.6048012694866765	0.18026850644131048
0.2157629632698928	0.6136071621608903	0.1706298745692171
0.2262800189131673	0.593387228369118	0.18033275271771484
0.21899520007758644	0.5934688573778062	0.1875359425446075
0.21871599028646627	0.5997359679587455	0.1815480417547884
0.21986862091391482	0.5970236642241435	0.1831077148619417
0.21680088802436354	0.6104918008224187	0.17270731115321786
0.2276136849766222	0.5880941756363965	0.18429213938698133
0.22261414326875845	0.6081243079999021	0.16926154873133958
0.21737263624396214	0.6097977244659939	0.17282963929004408
0.22345766051679644	0.6030951547810983	0.1734471847021054
0.2235780813126351	0.6092462439192421	0.16717567476812292
0.22272824339260217	0.597544930325287	0.17972682628211095
0.22608870433454054	0.6053659000215279	0.16854539564393162
0.22402572116918218	0.5953362682164144	0.18063801061440354
0.21632786729513429	0.5964452605381769	0.18722687216668893
0.2153934139926625	0.5967546253924425	0.18785196061489512
0.2277230879797243	0.5866308063275096	0.18564610569276627
0.2224990742064142	0.6091997688881949	0.1683011569053909
0.22305997193752636	0.6018035791844208	0.17513644887805294
0.21516266833622738	0.5958872805439892	0.18895005111978352
0.2165061755480009	0.606735145223664	0.17675867922833527
0.21724319618122795	0.613434129251848	0.16932267456692407
0.2146037919710047	0.601585815445056	0.1838103925839395
0.22104680069150529	0.6049564634117617	0.17399673589673317
0.21697257064824083	0.5999036984190762	0.18312373093268303
0.2242197967173613	0.6054892920204966	0.17029091126214224
0.22314751142290573	0.6067335084749834	0.17011898010211096
0.21566267211012718	0.6096691895810002	0.17466813830887268
0.21651660171107087	0.6145484538009578	0.16893494448797136
0.21507573134842606	0.612084201441699	0.17284006720987502
0.2285623908207905	0.5993662620074378	0.17207134717177175
0.21479560795229208	0.6129779644070956	0.17222642764061247
0.2290152519742424	0.5948631283929107	0.17612161963284706
0.2242575887406389	0.5939320107156758	0.18181040054368536
0.21369842746301915	0.6110189184060149	0.17528265413096605
0.2176088065109716	0.5992739898944941	0.18311720359453454
0.2173173359236592	0.611869823439504	0.17081284063683685
0.22808711257346587	0.5872083065502012	0.18470458087633315
0.21854654973317508	0.5962007876171335	0.1852526626496916
0.21445294454780203	0.6122428071385475	0.1733042483136506
0.22418898438692464	0.6030002911815373	0.17281072443153817
0.21565946285903886	0.6142872376387252	0.17005329950223608
0.2191836929633802	0.59932337267756	0.18149293435905992
0.2201281689120127	0.6081491762764817	0.17172265481150567
0.21869132014313036	0.6100975276146228	0.17121115224224692
0.2228213172286666	0.5937813767090591	0.1833973060622745
0.23024365222645288	0.5867687583744486	0.1829875893990986
0.2204693948304491	0.601442811539435	0.17808779363011606
0.2165398234736747	0.6100942293327518	0.17336594719357368
0.21492318764550578	0.5994111748553576	0.18566563749913675
0.21807877838400536	0.6147853677776016	0.1671358538383932
0.22132523951533	0.6034915851581519	0.17518317532651811
0.21995795333716361	0.6061790989874414	0.17386294767539523
0.2193162321561902	0.5959610735217546	0.18472269432205518
0.22540790703059796	0.6062765414870387	0.1683155514823635
0.22815677136611995	0.5976093565895739	0.17423387204430624
0.21502266309167056	0.6115192215809269	0.17345811532740268
0.2184507071263851	0.6038981331595163	0.17765115971409873
0.22428358307925947	0.6001397674594977	0.1755766494612429
0.21466303585400232	0.6099077647900295	0.1754291993559683
0.22235687183923267	0.5943611994534777	0.18328192870728982
0.22050391378311335	0.5950064136034117	0.18448967261347507
0.22339065531516394	0.588511759747986	0.18809758493685017
0.21586488343243648	0.6026274233267105	0.18150769324085314
0.22281967974992828	0.5980034382192959	0.17917688203077592
0.22121464559664497	0.6023053442237267	0.1764800101796284
0.21360575811438903	0.6098107836698505	0.17658345821576055
0.2249869895524585	0.5892827229397213	0.18573028750782036
0.22676597297704343	0.5859120625765875	0.18732196444636928
0.22149873041078472	0.61058100139266	0.16792026819655542
0.23017252907096689	0.5867856526287918	0.18304181830024147
0.2273089451647084	0.5944419666710833	0.17824908816420845
0.22990117742174626	0.6025018822880358	0.1675969402902181
0.2198564146530745	0.5932144157350074	0.1869291696119182
0.22968762735850431	0.5870931644493178	0.18321920819217796
0.23008661247482984	0.5991292387205053	0.17078414880466503
0.2230699356126814	0.5935079770692605	0.18342208731805826
0.22993125665008954	0.6027290864299664	0.16733965691994424
0.2211976031421278	0.5975240151194579	0.18127838173841443
0.21703796848580842	0.6006569625805452	0.18230506893364645
0.22423358868178805	0.5957978125516272	0.17996859876658483
0.21566869910518	0.6046656725141004	0.1796656283807197
0.21867551186047882	0.5932185431969853	0.18810594494253602
0.2147706120415947	0.6064105932831394	0.178818794675266
0.21635326851079667	0.6139363171415123	0.16971041434769113
0.22497401656319643	0.6023563663755829	0.17266961706122091
0.21739455281401787	0.602960699082929	0.17964474810305325
0.22753868716778314	0.6049444647243071	0.1675168481079099
0.21457743947829325	0.6091368909108228	0.17628566961088415
0.21906655074118464	0.5993260183822701	0.18160743087654546
0.21955900927190392	0.6074298181841404	0.17301117254395582
0.22514838955643163	0.593582551360601	0.1812690590829675
0.22027844365961283	0.5936756088076195	0.18604594753276782
0.21604042128293693	0.6027928473244502	0.18116673139261308
0.21800384893798191	0.6142504762197671	0.16774567484225106
0.2140344097330642	0.5975086751426184	0.18845691512431753
0.2218270804971882	0.6058531774848355	0.17231974201797642
0.2265839716703623	0.598740536815942	0.17467549151369577
0.2214037815239656	0.6045190617739817	0.17407715670205282
0.21500302000691496	0.6149817925794925	0.17001518741359256
0.21774905952598836	0.5978742169884292	0.1843767234855826
0.22826224315979624	0.5909843306068283	0.1807534262333756
0.2282448091259247	0.5857548509297619	0.1860003399443136
0.219085643952933	0.5949163390786666	0.18599801696840051
0.22422123221599163	0.5916738778789051	0.18410488990510337
0.21986415647859534	0.6063716607985364	0.17376418272286837
0.22637449576464735	0.5929316549405748	0.180693849294778
0.22474261286464087	0.6030040878910456	0.17225329924431365
0.21640063280967753	0.6150238211921184	0.16857554599820412
0.21903130005307436	0.6085759057224763	0.17239279422444942
0.22291413707742755	0.5984951959964819	0.1785906669260907
0.22649033094842252	0.5851575131725579	0.18835215587901977
0.21593804062147837	0.6128736873839692	0.17118827199455255
0.2199237347062719	0.6052444359019714	0.17483182939175676
0.21684623297989788	0.6120364928902668	0.17111727412983535
0.22673754106742347	0.586485668873	0.18677679005957668
0.21423679647613303	0.6140898331351958	0.17167337038867114
0.21782336069522545	0.5954655502914205	0.18671108901335415
0.2184512147331902	0.6034943160703901	0.17805446919641985
0.22571768553441307	0.5922938293234392	0.1819884851421479
0.21744083199632677	0.600647290131642	0.18191187787203134
0.22401373311894693	0.6012200546082072	0.174766212272846
0.2164287880030133	0.605104136619511	0.17846707537747586
0.21995404881880337	0.6078187347826632	0.17222721639853347
0.22719210005161508	0.5884452576363898	0.18436264231199528
0.2260137222568948	0.5965313104849966	0.17745496725810864
0.22841050926550258	0.5927622667326606	0.17882722400183695
0.21619313171790186	0.607902413170599	0.1759044551114992
0.2225156051908464	0.595366622360578	0.1821177724485756
0.215395157860051	0.6009265314397393	0.18367831070020985
0.21851730686279125	0.6056828145466684	0.17579987859054055
0.2249170565649832	0.6030053699774438	0.17207757345757319
0.21521239474915088	0.6112194897149996	0.17356811553584958
0.21724746466483802	0.6101045325639478	0.17264800277121423
0.22859049636423046	0.5957085193463846	0.17570098428938513
0.21727469426221602	0.6037403547459884	0.17898495099179568
0.21745999574214625	0.6033181020797558	0.17922190217809814
0.22039024658945672	0.6101889772417504	0.16942077616879303
0.22298538079999386	0.6087060969802083	0.16830852221979803
0.21426333536251363	0.6083310809793747	0.1774055836581117
0.2208782700701829	0.6008889680732334	0.1782327618565837
0.21626236094203716	0.5965921964902186	0.1871454425677445
0.22629343719240969	0.6003356943778718	0.17337086842971866
0.21614498365223986	0.6012534350065502	0.18260158134121013
0.2231477232697061	0.5996540740075447	0.17719820272274928
0.22021437239610042	0.6119547576669413	0.16783086993695845
0.2162723024143705	0.6153134657102968	0.16841423187533278
0.22931356167835787	0.5961590308494551	0.17452740747218715
0.2164047487578603	0.5996847056530921	0.18391054558904768
0.22892990798885912	0.5889909315548191	0.18207916045632191
0.22906127991541914	0.5962577844394692	0.17468093564511183
0.22578592077213439	0.5981403707208909	0.17607370850697485
0.21815831979155786	0.6083316236678469	0.1735100565405954
0.22030612660715906	0.6048639202679351	0.17482995312490596
0.22098426917585606	0.60412783400787	0.1748878968162742
0.2170384314823985	0.604468571249123	0.17849299726847864
0.2200988836631289	0.597539655080369	0.18236146125650224
0.21451253028403222	0.6083363988125083	0.1771510709034597
0.22903605930805399	0.6013438096637674	0.1696201310281787
0.2194756111300416	0.6029506927357412	0.17757369613421736
0.21503671562588472	0.6082814525396403	0.1766818318344751
0.22875523073003345	0.6024485443050582	0.16879622496490843
0.21466031286950343	0.6121076868637246	0.17323200026677205
0.2172664096399975	0.61361814186449	0.16911544849551258
0.21738637531506194	0.6082536695222216	0.17435995516271657
0.2160225148062499	0.6130816281875744	0.17089585700617582
0.2187913084987457	0.6050239138098732	0.17618477769138113
0.22883302551976847	0.585907621377783	0.18525935310244862
0.21627297479158852	0.6058006524593238	0.1779263727490878
0.2264426095636416	0.5946777025384986	0.17887968789785996
0.21770517236816211	0.6076327035252249	0.17466212410661314
0.21667919213120707	0.6033935645762181	0.17992724329257492
0.22760412650177092	0.5901112801050721	0.18228459339315717
0.2195045810651771	0.6022774874895551	0.17821793144526799
0.22512156522113225	0.5925704250131936	0.1823080097656742
0.2303783034586721	0.5989391305226942	0.1706825660186338
0.2197800934656618	0.5954156746388076	0.18480423189553075
0.222000028211872	0.6003333434504778	0.1776666283376502
0.22643565878173014	0.6015452435467425	0.17201909767152734
0.2246468353434924	0.5888938854228066	0.1864592792337011
0.21599797655785835	0.5961506708828113	0.18785135255933044
0.22681107084330832	0.6028390509236823	0.1703498782330096
0.2239410076559614	0.592263488088817	0.18379550425522173
0.2242783442609031	0.5883453754256478	0.18737628031344922
0.22033877684781433	0.6088063394136345	0.17085488373855134
0.22856783883576234	0.6016949322903036	0.16973722887393428
0.22925842533277954	0.5968718537143072	0.17386972095291342
0.21558348586050874	0.6047968531655508	0.17961966097394055
0.21710097647288784	0.6118827457281872	0.1710162777989251
0.21415440641977634	0.61661079634622	0.16923479723400373
0.2278657112002907	0.6031582484182024	0.16897604038150704
0.22777448832910552	0.5997655817517821	0.17245992991911252
0.21369547445133086	0.5975307967137763	0.18877372883489296
0.21513959662553747	0.6036016587461778	0.18125874462828487
0.22708925971913171	0.5878768166815544	0.18503392359931387
0.22360602417512954	0.607799258555329	0.1685947172695416
0.22917299501078248	0.6003667810125276	0.17046022397669003
0.2193148138155598	0.5927524020124536	0.18793278417198675
0.21762666411198797	0.5988697126831768	0.18350362320483543
0.22581194191514703	0.5904338942655267	0.1837541638193264
0.219144231301848	0.5934234702992995	0.1874322983988525
0.21731350135072158	0.6035821864867177	0.17910431216256087
0.21542499670165388	0.6119956264747339	0.17257937682361232
0.21647413327533965	0.6073179879437001	0.1762078787809604
0.21630661994899897	0.6070636709964865	0.17662970905451464
0.22739416400859647	0.5848727432344963	0.1877330927569073
0.2290698784364133	0.5922840775008207	0.17864604406276613
0.22189522350772806	0.5922500609618226	0.18585471553044947
0.22319503910528266	0.6001564195387282	0.17664854135598929
0.2258052448273996	0.6029271414706673	0.17126761370193325
0.21789407111878184	0.5976524513819383	0.18445347749927987
0.22119570399774957	0.6015066945486799	0.1772976014535707
0.22508546054304993	0.5946436063501825	0.18027093310676773
0.21404248937291537	0.6150837713788455	0.17087373924823926
0.22163794345652693	0.591679394989941	0.18668266155353216
0.22417998806935602	0.6067876227387581	0.169032389191886
0.21846323638902934	0.6010566441572339	0.18048011945373688
0.22482704203520631	0.5992179902744817	0.17595496769031205
0.22961881326142025	0.5890427465238004	0.18133844021477952
0.22423495724211867	0.5970917365272614	0.17867330623062008
0.229926458506247	0.5918967067914109	0.17817683470234222
0.22590573815923498	0.5996308995562936	0.17446336228447157
0.21526821316245492	0.6010185323154076	0.18371325452213758
0.23032701129751587	0.5872561914200936	0.18241679728239074
0.2144243753396089	0.6125536964444778	0.17302192821591345
0.2211452444596918	0.6054845607497106	0.1733701947905978
0.22717460079772056	0.5909465117852227	0.18187888741705682
0.22460011143143366	0.5923030329965489	0.18309685557201752
0.22996590405721318	0.586668681785547	0.18336541415723995
0.2143446447580696	0.6000649756070204	0.18559037963491004
0.21593243527041728	0.5991310695768898	0.18493649515269306
0.22424376259772766	0.5944658390218894	0.18129039838038302
0.21725943367395434	0.6121597912431667	0.17058077508287905
0.2262622939675661	0.5948022335287135	0.1789354725037204
0.22648701969341817	0.5878886016179166	0.18562437868866538
0.2213579596680651	0.5955587963923885	0.18308324393954659
0.22786544485089938	0.6034724773626876	0.16866207778641312
0.22857212186297138	0.5972125858777493	0.17421529225927948
0.2254674581871955	0.6067876277206591	0.16774491409214554
0.2244170508894387	0.602953412945058	0.17262953616550333
0.21884187441409803	0.6096365534254324	0.17152157216046962
0.22420483016955473	0.6061972192439127	0.1695979505865327
0.22129478113011766	0.5898302069001538	0.1888750119697286
0.22380597778004335	0.6008505237600902	0.1753434984598666
0.21731044259611723	0.6128935657840782	0.1697959916198047
0.22628242933062304	0.6003078035229605	0.17340976714641648
0.21408561319672562	0.6095016763599568	0.1764127104433177
0.21889118302823096	0.6075600041323819	0.17354881283938733
0.21855097748868502	0.6067593472530721	0.17468967525824297
0.2161901932101143	0.5986021731713593	0.18520763361852643
0.22443134205061366	0.5881960670509228	0.18737259089846373
0.22040084742779456	0.5993224228031016	0.180276729769104
0.22235932967377114	0.5967287869523663	0.18091188337386271
0.22304291282062563	0.5936372677716932	0.18331981940768136
0.22772324527149962	0.5914115357264516	0.18086521900204894
0.2209059739227269	0.590937149179773	0.18815687689750016
0.2176634357218122	0.6063667511428752	0.1759698131353127
0.2192030607555332	0.6130935485967814	0.1677033906476855
0.2156442752354999	0.614035071046088	0.17032065371841226
0.22386459203469522	0.5890321119837973	0.1871032959815075
0.22375631491943496	0.5967833158744825	0.17946036920608266
0.22909407479314403	0.5898452588107512	0.18106066639610485
0.2204791455794593	0.6076570773072044	0.1718637771133364
0.21946210231679603	0.6039322486482822	0.1766056490349219
0.22272769100223921	0.6096593106943573	0.16761299830340354
0.22028807017870075	0.6107878613640523	0.16892406845724722
0.2279295886646796	0.5917493630155137	0.18032104831980683
0.21721076798857167	0.5946221838678551	0.1881670481435732
0.22133577343694666	0.5957732189602702	0.1828910076027833
0.22142348267544576	0.5945829644810838	0.18399355284347052
0.21484599474691168	0.6096572026311022	0.17549680262198622
0.21971780658160045	0.607390537347209	0.17289165607119053
0.2209378662298006	0.604539758616875	0.17452237515332453
0.2162183711541582	0.6038445423766872	0.17993708646915482
0.22187272427335325	0.5920610720977425	0.18606620362890436
0.2300705814317166	0.6017810514295696	0.16814836713871384
0.21552838084656406	0.5977765944513247	0.18669502470211136
0.2213087453861158	0.6047883923083213	0.17390286230556304
0.22850348381456226	0.5952177404492629	0.17627877573617495
0.21941261963842795	0.6106044332599264	0.16998294710164574
0.2207019660793479	0.5998552635231464	0.17944277039750575
0.22408191061188035	0.5893204230476046	0.1865976663405151
0.2159885568008874	0.6088882605370105	0.17512318266210214
0.21552344419320574	0.602623094647935	0.18185346115885948
0.22675013983622422	0.5974686805627174	0.17578117960105843
0.2253656818489382	0.5900290639286396	0.18460525422242224
0.22987623286943304	0.5850762077379454	0.18504755939262163
0.2292647468797382	0.5871201072176258	0.1836151459026361
0.22469465237882558	0.5885137692342162	0.1867915783869583
0.22639365417652613	0.6020494386040196	0.17155690721945438
0.21408076447200797	0.6078120748176656	0.17810716071032648
0.22094323735196716	0.5972838646320208	0.18177289801601215
0.2243490025578792	0.5902638012807782	0.18538719616134275
0.22083781992471824	0.6029042069277047	0.1762579731475771
0.21691664711179448	0.6139672817035124	0.1691160711846932
0.22293112525252431	0.6073379577151123	0.16973091703236337
0.22352863674619744	0.5922710432552273	0.1842003199985754
0.2187142701974974	0.6050060945071649	0.17627963529533786
0.21859384751491379	0.6098980179575384	0.17150813452754793
0.22165516590480733	0.6003020492557032	0.17804278483948965
0.2215089630532256	0.5988291557421889	0.17966188120458565
0.22204801232079308	0.6030970044143957	0.17485498326481141
0.2154956443860524	0.6033016642350513	0.1812026913788965
0.220403018111492	0.5966326594197975	0.18296432246871058
0.21614952068997556	0.603596389916298	0.1802540893937265
0.22963831134262758	0.6020208754865426	0.16834081317083005
0.2136454952742846	0.6068795405417884	0.17947496418392708
0.2175510559120859	0.5951037934330367	0.18734515065487756
0.2294156576994157	0.6023366540834969	0.16824768821708747
0.22324983000169424	0.5879992234707991	0.18875094652750682
0.22498922289700324	0.591514083347404	0.18349669375559285
0.22087747111271566	0.5987832479716308	0.1803392809156536
0.22749187704282625	0.5901136202902021	0.1823945026669718
0.22946796596360958	0.6028883252860415	0.167643708750349
0.2240884928818757	0.5918067540576241	0.18410475306050028
0.22948044433694753	0.6008312780884819	0.16968827757457058
0.22996087755175051	0.5928009525776148	0.1772381698706349
0.23014734214088534	0.5835977654326249	0.1862548924264899
0.22971288500369902	0.5835621821935144	0.18672493280278663
0.22600385034772996	0.596467510674155	0.17752863897811508
0.21511198019514344	0.6072300336120406	0.1776579861928161
0.21847486503690838	0.6097425806369872	0.17178255432610448
0.2282963383380461	0.5990336288411208	0.17267003282083324
0.23032232964666863	0.589659567898091	0.18001810245524047
0.21437531862922568	0.6169193825696349	0.16870529880113963
0.22531353294380202	0.5930250941483046	0.18166137290789347
0.2221497459682721	0.6098377986940478	0.16801245533768028
0.22343605031226477	0.604316602865044	0.17224734682269138
0.22176078313050196	0.6092604206274016	0.16897879624209658
0.22101622039577767	0.6095383320791994	0.169445447525023
0.22393630864617092	0.5958886559055703	0.18017503544825894
0.2167596782783433	0.6135061487462319	0.16973417297542498
0.22755376003571354	0.5947326192393059	0.1777136207249807
0.22573094948790856	0.6059578555370541	0.16831119497503755
0.21562288932397838	0.6024712303870621	0.1819058802889596
0.2213969644231385	0.6045132080996954	0.17408982747716611
0.2207240633364925	0.5933166750858972	0.18595926157761034
0.2142421305436274	0.608646763868252	0.17711110558812077
0.2233129113865175	0.6068102865014241	0.16987680211205852
0.22171244531370474	0.6066079056887153	0.17167964899758015
0.221856300760015	0.6016919345936083	0.17645176464637688
0.2236232217167101	0.592242151086516	0.18413462719677398
0.22574410102312997	0.6053210293823807	0.16893486959448933
0.22668475240833316	0.5974440803001388	0.17587116729152813
0.21570233583603438	0.5961140006001189	0.18818366356384691
0.22807898340486515	0.5994808504104026	0.17244016618473232
0.2214794583233814	0.6078588568520429	0.1706616848245759
0.225567573550511	0.5895073355082376	0.18492509094125142
0.22263066922440916	0.6095126610324673	0.16785666974312374
0.21667262650775365	0.6080564999614505	0.17527087353079596
0.22281729979374837	0.5905986732246742	0.1865840269815775
0.22649108517041505	0.5988973756660698	0.17461153916351518
0.2140803254000881	0.616294513502045	0.16962516109786704
0.21876653958120676	0.6089807244339136	0.17225273598487978
0.21479893154430355	0.5972211405900355	0.18797992786566106
0.2293350563107419	0.5925575033013112	0.178107440387947
0.22481093568626645	0.5959055151017721	0.17928354921196155
0.22198303632684546	0.590601868571538	0.18741509510161675
0.22758791407793116	0.5999739339216357	0.17243815200043328
0.21887821886587083	0.5972297113705483	0.18389206976358108
0.21609829396624505	0.6079683923965402	0.17593331363721487
0.21667964559064884	0.5950630750150347	0.1882572793943165
0.22639053062570172	0.6002318566336492	0.17337761274064917
0.22474186500887441	0.5881418936852756	0.1871162413058502
0.22529066480756976	0.5972834642453844	0.1774258709470461
0.21564854785520918	0.6071702872627942	0.17718116488199676
0.2140911954723701	0.6107699536572502	0.17513885087037978
0.2206169193553198	0.611755009327736	0.16762807131694443
0.22636835513574666	0.5883151130242441	0.18531653184000943
0.21404842801061774	0.6077246649140697	0.17822690707531258
0.21411786279480038	0.6019757791467188	0.18390635805848082
0.2200570505463131	0.5934491321279557	0.18649381732573128
0.21438912173903996	0.6059063863289293	0.17970449193203086
0.2149976752652069	0.6053740657307173	0.17962825900407592
0.22936231154062647	0.6026281355083569	0.16800955295101677
0.2149433325253847	0.5987113617252324	0.18634530574938304
0.22655365664589927	0.5884862402238095	0.1849601031302914
0.2231208283367317	0.5905690482046932	0.18631012345857528
0.21703774707689436	0.5973137174513273	0.18564853547177843
0.22809813977641408	0.602598680295139	0.16930317992844707
0.217167717291058	0.5956881995257841	0.18714408318315812
0.21915494629777896	0.5925362925194735	0.18830876118274764
0.22114639041947246	0.6055267704942905	0.1733268390862372
0.22609757418408527	0.5933831930801642	0.1805192327357507
0.22416444332564237	0.5938633707687047	0.18197218590565312
0.21996861954675687	0.6101596075221485	0.1698717729310948
0.22444006368990327	0.596763466770784	0.17879646953931289
0.22279749999948184	0.6028933970701731	0.17430910293034518
0.22186443524002608	0.5982348610094088	0.17990070375056516
0.22405408590213488	0.6042483548248072	0.17169755927305796
0.21819421725083055	0.6082586522391003	0.17354713051006943
0.22388866764300278	0.590826479328981	0.18528485302801634
0.22757016721830753	0.5885717765612924	0.1838580562204001
0.22990217546409944	0.5857279799952549	0.1843698445406457
0.2173929347897155	0.6090533197980113	0.17355374541227334
0.2183958813167242	0.5980483725026537	0.18355574618062215
0.22728209951490233	0.5987846125193022	0.17393328796579566
0.2266942302683067	0.599764341027218	0.17354142870447545
0.21634413700284716	0.602932764753726	0.18072309824342692
0.22379184995157264	0.5968059544625375	0.17940219558589002
0.2196068619216272	0.5939082773326376	0.18648486074573523
0.2271900889586559	0.5982915679029992	0.17451834313834508
0.22792984592557292	0.586709235453543	0.18536091862088414
0.214240078531869	0.6090025663101086	0.1767573551580225
0.22252823246386233	0.5927254829014232	0.18474628463471449
0.2217350104458593	0.5970069699977556	0.1812580195563852
0.2240536507298846	0.5937907230791584	0.18215562619095718
0.2288162969166808	0.6021805126063862	0.16900319047693318
0.21649009042902928	0.6109144619436915	0.17259544762727932
0.21570964922474334	0.5988581053529265	0.18543224542233022
0.22847159768877467	0.5977985616607462	0.17372984065047922
0.21589184365658237	0.6006695350869586	0.18343862125645913
0.2238108603110479	0.5994392409895601	0.17674989869939203
0.22455849592847626	0.5986075955514034	0.17683390852012046
0.2184111370216178	0.6071790990587699	0.17440976391961244
0.22536562754534742	0.5934696299492289	0.18116474250542375
0.2185946752406503	0.6103487827666731	0.17105654199267672
0.22234118513810391	0.5944674659018461	0.18319134896005015
0.2280272349714796	0.5957181163633823	0.17625464866513818
0.2164069562309313	0.6060039615341657	0.1775890822349031
0.22609514972788147	0.6039621226900065	0.16994272758211215
0.22275231015817215	0.6085153977625006	0.16873229207932733
0.21545913556504837	0.6165467174119061	0.16799414702304566
0.22221099244610318	0.5982226868894134	0.17956632066448347
0.22677157654464447	0.6014582221327467	0.1717702013226089
0.22244414819202005	0.5987606646293127	0.17879518717866744
0.21447678931721642	0.5986818536967711	0.18684135698601265
0.22614239838777775	0.5877285394370226	0.1861290621751998
0.22045671708245218	0.6018074365227802	0.17773584639476775
0.2221426748073309	0.5915638543082258	0.18629347088444348
0.21561087415702904	0.5965943376234675	0.18779478821950357
0.22094627670339456	0.6042956660206971	0.17475805727590843
0.22017709259435336	0.6033189316781158	0.17650397572753096
0.22757090976710787	0.5861627135368621	0.18626637669603013
0.22390540250296448	0.5872184266006575	0.18887617089637815
0.22510306071217936	0.5932713936815339	0.18162554560628688
0.21531583929007722	0.6068902060458228	0.17779395466410014
0.22650789114549896	0.5962653829178929	0.17722672593660826
0.21774078724111434	0.6008191434479093	0.1814400693109765
0.22893760734318308	0.5998153034838535	0.17124708917296355
0.22554207987136585	0.5936720844742605	0.18078583565437387
0.21400807950459746	0.601367867059225	0.18462405343617774
0.22146154768356624	0.5944470535422863	0.1840913987741476
0.21621491576791485	0.605081151534865	0.1787039326972203
0.21726377675423636	0.5980474223296581	0.18468880091610568
0.22153730637097152	0.6107368288915316	0.167725864737497
0.2288841553068036	0.592343420704464	0.17877242398873247
0.22725260592685995	0.5852548366102606	0.18749255746287957
0.22130420515153165	0.5951588135094265	0.18353698133904206
0.2182964606520347	0.6125783933995324	0.16912514594843303
0.21421794086545162	0.6062304499724632	0.17955160916208524
0.22225153034025336	0.5970405094658552	0.1807079601938916
0.22004238919023272	0.599875484963901	0.18008212584586647
0.2201406649788853	0.5992633486288278	0.18059598639228705
0.22599786430113444	0.5899353167974014	0.18406681890146423
0.21762056777643146	0.6073707381501998	0.1750086940733689
0.22410237490428597	0.5896760711635608	0.18622155393215334
0.22225877558723947	0.5913487394954171	0.1863924849173435
0.22124185546500819	0.596243876387065	0.18251426814792693
0.21764493632663504	0.6122274522856398	0.1701276113877253
0.22190023488167387	0.594850100141173	0.1832496649771532
0.21954466461562297	0.6050969318052438	0.1753584035791333
0.22593369755912668	0.5874741939734842	0.18659210846738913
0.23039560600231496	0.6021417587969333	0.16746263520075194
0.2204739914145627	0.6101566330567705	0.16936937552866693
0.22155417511255748	0.6028307475983063	0.17561507728913622
0.2205271103478578	0.5965733845907033	0.18289950506143898
0.220680150010953	0.5948043254094695	0.18451552457957757
0.22478715232918883	0.60400665428416	0.17120619338665122
0.21557353761050155	0.6091843774888802	0.17524208490061832
0.22567682926338373	0.6043506213025236	0.1699725494340928
0.22151513142093227	0.6031272027351308	0.17535766584393708
0.21672696111576734	0.5973001267270406	0.18597291215719214
0.2212715602199739	0.6028091276035181	0.17591931217650808
0.2294696052862624	0.5966889083567986	0.17384148635693908
0.2238666538855941	0.5991970969181386	0.17693624919626738
0.22399823923027268	0.6050565677344353	0.17094519303529213
0.21622630418527378	0.6033260291075442	0.18044766670718226
0.22119984778772733	0.6008091463559977	0.1779910058562751
0.2235089024573202	0.6080644509779058	0.16842664656477413
0.21833628695025653	0.6076918385878265	0.17397187446191714
0.22040026725162937	0.5995199289822264	0.18007980376614433
0.22231472926856355	0.6036446162068704	0.17404065452456624
0.21747993931037377	0.5997662059416902	0.1827538547479362
0.23027809263532145	0.5924266085566001	0.17729529880807848
0.2154143841945849	0.6100349881382896	0.1745506276671256
0.21694415472513146	0.6081857977513918	0.1748700475234768
0.21635438314740701	0.5946773684778853	0.1889682483747078
0.21390212602318212	0.6093442969446778	0.17675357703214023
0.21909382005268271	0.6017308932382057	0.1791752867091117
0.21713004427988258	0.6037526494964527	0.1791173062236649
0.21528041629283406	0.6037409360129826	0.18097864769418334
0.21648851294032523	0.6120292646398748	0.17148222241980005
0.22395568187638254	0.5910917770154025	0.18495254110821505
0.2205502548557879	0.6055908978065883	0.17385884733762394
0.21839253430297595	0.5998447211517985	0.18176274454522562
0.2165066711161819	0.5944604072795515	0.18903292160426674
0.217773616822448	0.6006386053103332	0.1815877778672189
0.21844498637081966	0.6119502658303954	0.1696047477987851
0.22199092638718734	0.5919194854151995	0.18608958819761337
0.21861219894568995	0.611270691286586	0.1701171097677242
0.22467812622710387	0.5940035316944876	0.18131834207840858
0.22460028765841686	0.5927721924517083	0.18262751988987497
0.22707137104164443	0.5928939451010232	0.18003468385733248
0.22156385770227022	0.5968099146049957	0.18162622769273418
0.22643539422078188	0.5958042305362721	0.17776037524294624
0.21904699041369008	0.5982986653207873	0.18265434426552268
0.2271368088437858	0.58993155644698	0.1829316347092344
0.22107437160226065	0.5903256017758949	0.1886000266218446
0.2214972455834088	0.6061787110565382	0.17232404336005314
0.2240629199244663	0.5965605717947592	0.1793765082807746
0.22239138714612983	0.5984051434965818	0.17920346935728848
0.2285784159802683	0.5875403532777684	0.1838812307419634
0.2206215622362006	0.6082863426172787	0.17109209514652088
0.2264055153685579	0.5918601026781354	0.18173438195330682
0.22870757777126358	0.5836299762570518	0.1876624459716848
0.2207794177812805	0.5930952789901345	0.1861253032285852
0.22394532490497235	0.6038173819371984	0.17223729315782949
0.2214640727459828	0.601955926172744	0.17658000108127336
0.2207255484608044	0.597375571052655	0.18189888048654063
0.2254479139475662	0.586223575628781	0.1883285104236529
0.2180164742082431	0.6104081296626384	0.17157539612911865
0.21710532784958408	0.6033900977704381	0.1795045743799779
0.2167739834279767	0.5957034628818056	0.18752255369021775
0.2263276693795458	0.6015578545810791	0.17211447603937519
0.22507445873916865	0.6029933487965663	0.17193219246426517
0.2299839065486734	0.6010334003217246	0.16898269312960218
0.215015022305647	0.5986273857916438	0.18635759190270929
0.22363319293777428	0.5973623909420189	0.1790044161202069
0.2269688193325753	0.6044349238956319	0.16859625677179296
0.21630104450150855	0.6093040097486223	0.17439494574986925
0.21711163947881362	0.5961622184118902	0.1867261421092963
0.22400237830187716	0.6064899426747918	0.1695076790233312
0.22035870141714514	0.5907985958605502	0.18884270272230486
0.21857109220393797	0.5938893319564014	0.1875395758396607
0.22167447155678396	0.6062818251154592	0.1720437033277569
0.2267569712974294	0.5928316389113114	0.18041138979125937
0.221933046852339	0.6049233852324507	0.17314356791521035
0.21369744499851367	0.6005005047693409	0.18580205023214558
0.21599343482660027	0.5997623260442766	0.18424423912912324
0.22754523145963224	0.586948895784273	0.1855058727560948
0.2243936896207144	0.5896111057462866	0.1859952046329991
0.21605726273584674	0.5952352071347105	0.1887075301294429
0.22259824473225076	0.5959401241058582	0.18146163116189126
0.21931091023034432	0.6002899574679381	0.18039913230171772
0.22049620805089845	0.5978251231606222	0.18167866878847944
0.22078798241988662	0.6000510493653857	0.17916096821472774
0.21736435667818316	0.6064495709931733	0.17618607232864364
0.22737356312879492	0.5940101717757149	0.17861626509549022
0.2261675505339703	0.6039792551900719	0.1698531942759579
0.2301499994233118	0.5879280500143802	0.18192195056230806
0.21648384534698278	0.6127232535690769	0.17079290108394046
0.21459696832724676	0.6038492519227456	0.18155377975000772
0.22528345779406306	0.5960673848765387	0.17864915732939834
0.21435763715726078	0.599818545067576	0.1858238177751633
0.21437966135972436	0.6071961878695225	0.17842415077075333
0.21675789224241826	0.6087357142732782	0.17450639348430363
0.2274705297871226	0.590806868427552	0.1817226017853254
0.22681397716448093	0.5843660034926814	0.18882001934283776
0.22560217637972219	0.587891864982686	0.18650595863759195
0.21606203070721008	0.6092230180458691	0.17471495124692088
0.21854562214178874	0.6135560853119484	0.16789829254626296
0.22756036511294925	0.6032360746886949	0.16920356019835592
0.22070089004419247	0.6017648401695257	0.1775342697862819
0.2283966376238763	0.5960363812722661	0.1755669811038577
0.22687505823633286	0.5869896267569338	0.1861353150067335
0.2199799799252537	0.5931031296726318	0.18691689040211457
0.22634296925926733	0.5883637573431585	0.18529327339757432
0.22253128781718887	0.5977008918872823	0.17976782029552896
0.22112004209556133	0.6075481148217956	0.17133184308264326
0.2235770332447598	0.5920596598331456	0.18436330692209468
0.21993901548883116	0.5936922349962285	0.18636874951494053
0.22751906122542997	0.5953073042375485	0.17717363453702162
0.21526966204781245	0.6141041689434121	0.17062616900877553
0.21683590492837468	0.6038351444817971	0.1793289505898284
0.21584522982943227	0.6083543237608321	0.17580044640973574
0.22819072508906263	0.5959072835458217	0.17590199136511575
0.23022834371584655	0.5883717948448939	0.18139986143925965
0.21919110474153392	0.605242412404668	0.1755664828537981
0.2164518448997074	0.6002201362086494	0.1833280188916433
0.22725736398739202	0.5926042185335555	0.18013841747905257
0.23017901596487622	0.6023785952905835	0.16744238874454045
0.22328177702125987	0.6000962013151714	0.17662202166356877
0.224689408141364	0.587802738774163	0.1875078530844731
0.21783356750161692	0.6100850471207587	0.17208138537762452
0.22652285266561828	0.5972932183059405	0.17618392902844138
0.21984921415199477	0.6094108599224144	0.17073992592559095
0.22385715656668853	0.6020022795131792	0.17414056392013244
0.22280287578005198	0.5895792909884505	0.18761783323149764
0.22935874934309777	0.5903399334989643	0.18030131715793796
0.2223646138485128	0.5917557337226556	0.18587965242883175
0.22351988402158868	0.602793908493519	0.1736862074848924
0.2239717879148527	0.5937565969446971	0.18227161514045034
0.21872538846975725	0.6126647343719642	0.16860987715827858
0.21487366217751677	0.6000404894080001	0.18508584841448322
0.21534693711859637	0.6131579003523666	0.1714951625290371
0.22190821670891925	0.5977136210756946	0.18037816221538627
0.2212450574873786	0.6066737791723946	0.17208116334022694
0.22368003127658034	0.5978422004117201	0.1784777683116997
0.21677418529612705	0.5966730881099327	0.18655272659394032
0.22742719407010462	0.5926827766825469	0.17989002924734868
0.21732091123709235	0.5996123439494391	0.18306674481346868
0.22316169050666163	0.6021919431637883	0.17464636632955016
0.23033774036018817	0.5985695588439208	0.17109270079589106
0.2294369704478001	0.5869382291771295	0.1836248003750705
0.2182256040327271	0.5986771301494702	0.18309726581780278
0.21738585912004374	0.5948530569217843	0.1877610839581722
0.21641529344695962	0.6114493134794097	0.1721353930736309
0.22801976313933925	0.5876876132907416	0.1842926235699192
0.22709330986380258	0.598028425186627	0.17487826494957054
0.21685027632110015	0.5997281197630869	0.18342160391581308
0.22626844531223522	0.5938633798568725	0.17986817483089237
0.222774323174091	0.6055479090926377	0.17167776773327142
0.22716157883329696	0.6017623914594475	0.17107602970725563
0.22407351175828477	0.5877002269678953	0.1882262612738201
0.21563182880552115	0.603993510377377	0.18037466081710196
0.2222258870443803	0.5928833088413906	0.1848908041142292
0.22386654390085556	0.5962307581776132	0.17990269792153138
0.21858887085651607	0.6098957150035629	0.17151541413992122
0.21706238773060305	0.6118495721688517	0.17108804010054537
0.2281872889157942	0.5839280817692062	0.18788462931499966
0.2186947752890166	0.593855367139269	0.1874498575717145
0.2181525447186368	0.6145342409137559	0.1673132143676075
0.22700847169019672	0.5895929819504084	0.18339854635939498
0.22456551254179163	0.5875796013827299	0.18785488607547865
0.22669446604691812	0.5960818966061524	0.17722363734692956
0.21817970237780548	0.6132546157364698	0.1685656818857249
0.21896251102106248	0.607922915360071	0.17311457361886656
0.21941338164818963	0.6094244783870053	0.1711621399648052
0.2210709679938127	0.6068329063107636	0.17209612569542387
0.2253721568933694	0.5916965341626879	0.18293130894394294
0.21503933886502907	0.6116624297865797	0.17329823134839134
0.2229197570547448	0.5943396351679597	0.18274060777729556
0.21707111313451827	0.6100219827608393	0.17290690410464252
0.22653338452830052	0.5851501376496676	0.188316477822032
0.21425633357329232	0.6010273522561481	0.1847163141705597
0.22748071369935705	0.5856917546536633	0.1868275316469798
0.22089702366955793	0.6017967747776126	0.17730620155282958
0.21907741809892406	0.5973966892592926	0.18352589264178343
0.21465783123863535	0.617021719467412	0.16832044929395273
0.2210075127611638	0.5957166754656709	0.1832758117731655
0.21545772391434925	0.6029572774983813	0.18158499858726945
0.22895251385236332	0.592889537680936	0.1781579484667008
0.2246938456542023	0.607136940358113	0.16816921398768475
0.21426590871231949	0.6046182309970956	0.18111586029058513
0.21439722309318346	0.5972168086724653	0.1883859682343514
0.2192467981369935	0.6119287843785336	0.16882441748447302
0.21731727110216087	0.5989005264111875	0.18378220248665172
0.21557262555427656	0.6098814062632317	0.17454596818249185
0.2255681317684152	0.6023836536557868	0.17204821457579808
0.22018868828975607	0.6061277992264873	0.17368351248375677
0.2289935679511256	0.6011048210900587	0.1699016109588159
0.22807240489979835	0.5844348453378494	0.18749274976235233
0.21800158581056592	0.6003411824389884	0.18165723175044585
0.2255820561991145	0.5991430486585727	0.17527489514231281
0.22829907023546933	0.5916182897840722	0.18008263998045862
0.21844473561599176	0.6144352406977258	0.1671200236862826
0.22585354731740348	0.5995905034539586	0.17455594922863804
0.22996631613739965	0.6012835907468577	0.16875009311574277
0.22573265821526797	0.5899840598576485	0.18428328192708363
0.22229313344737495	0.6064883218431985	0.17121854470942677
0.21425618516540504	0.6026838040581697	0.18306001077642547
0.22012739384050184	0.5996064387350307	0.18026616742446755
0.21740334851295842	0.6128274166168317	0.16976923487021
0.22432251620588994	0.6049839258849851	0.17069355790912508
0.22767170084404192	0.5940807346515248	0.17824756450443344
0.2239243033329458	0.5921449350858475	0.18393076158120678
0.219137025131083	0.6006689905678131	0.18019398430110412
0.2241019002003055	0.5963756145075103	0.1795224852921844
0.2247977132789991	0.589860635842728	0.18534165087827303
0.224741362803027	0.5984511179211687	0.1768075192758044
0.21790047598428153	0.611508880563848	0.17059064345187053
0.21972708988594145	0.6118887403558447	0.16838416975821394
0.21611094204422	0.6002784083829167	0.18361064957286352
0.21785420324616284	0.6130035069488198	0.16914228980501742
0.21898427622048394	0.596761200878998	0.18425452290051822
0.21590231995066722	0.5973149387905411	0.18678274125879185
0.22996265471670507	0.597500770882583	0.17253657440071202
0.2259881281334179	0.5956531639441216	0.17835870792246067
0.21595331733200718	0.6037501410216083	0.18029654164638464
0.21423502188570842	0.5974845082632034	0.18828046985108823
0.22028629982571019	0.6030083596695124	0.1767053405047776
0.21489750898064977	0.6002900910065923	0.184812400012758
