0.1407558559833527	0.39414136634213254	0.4651027776745149
0.1456485308358615	0.3910633956289825	0.4632880735351561
0.14795790138062903	0.385200817057389	0.46684128156198207
0.145694921870465	0.38372256781060915	0.47058251031892595
0.14607623944551423	0.3868953709226214	0.46702838963186455
0.1601484688859695	0.3825290688279221	0.45732246228610857
0.13546129973792898	0.39100699140726475	0.47353170885480633
0.12918633722444767	0.3963578110065914	0.4744558517689611
0.1398803505195015	0.39663387627404945	0.4634857732064491
0.1482533287383731	0.39345779962634664	0.4582888716352803
0.12845314254367493	0.39494073339369545	0.47660612406262975
0.15355987160918222	0.3875646554999326	0.45887547289088537
0.148027984607689	0.3945186405541419	0.4574533748381692
0.15715267205706032	0.38470755532874257	0.45813977261419725
0.13966895845067306	0.3870319323042738	0.47329910924505325
0.14974238843232035	0.38586841768044955	0.46438919388723027
0.13028703350351656	0.398062576543222	0.47165038995326153
0.14311370256292036	0.3926779341498513	0.4642083632872285
0.1572544765097861	0.38202442446484464	0.4607210990253694
0.14319076703233685	0.3941599171897169	0.4626493157779463
0.1464447893620497	0.3829122594161927	0.4706429512217577
0.1456907706920218	0.38557650496075424	0.4687327243472241
0.14078980288164328	0.3921581777860813	0.4670520193322755
0.14174226664634776	0.39464346653625104	0.4636142668174013
0.1313956990884501	0.3936150964696693	0.47498920444188075
0.14642150181610553	0.38067863528245793	0.4728998629014366
0.1598137791915551	0.38153028884423423	0.45865593196421084
0.1427706141869584	0.3812259580410234	0.4760034277720183
0.1418933461420896	0.39134852953634097	0.4667581243215696
0.14578041498045932	0.39136226714502653	0.46285731787451423
0.1316290744674375	0.3905920770822588	0.47777884845030383
0.1469115013143495	0.3954649892415435	0.4576235094441071
0.1272213606350282	0.39621712848550106	0.4765615108794709
0.14361093788835	0.3986774743767185	0.4577115877349316
0.1400311564990092	0.3892913397116141	0.4706775037893768
0.14872771203458457	0.3924251160658275	0.4588471718995881
0.14265110478671997	0.39188438684293514	0.46546450837034503
0.12918935923740882	0.3946693242958423	0.47614131646674906
0.14154746595170026	0.38792738884264905	0.4705251452056508
0.13935426658552963	0.39451559381258305	0.4661301396018874
0.1369415104100263	0.39789539766621973	0.4651630919237541
0.14052248906321071	0.3954146062865134	0.464062904650276
0.13417439996257874	0.39863186247929283	0.46719373755812854
0.13474886323035437	0.38938261593735946	0.4758685208322863
0.13888050409521366	0.39614185109532607	0.46497764480946036
0.13092622708699342	0.3901642566314487	0.478909516281558
0.1403120916041509	0.3873661725324063	0.47232173586344295
0.15445481327005797	0.3883083464002849	0.4572368403296573
0.1399092374551973	0.3931753965585575	0.46691536598624533
0.14661691917693648	0.3825202045981656	0.47086287622489803
0.1410300065990399	0.3876882049806646	0.47128178842029567
0.13324232226012503	0.38938645259676663	0.4773712251431085
0.1367086605629395	0.3861181244593043	0.47717321497775633
0.1400385337252593	0.38519843525299663	0.4747630310217442
0.15209870398754233	0.39088492192397917	0.45701637408847867
0.14095841312236973	0.3922399068913774	0.466801679986253
0.14816360124161093	0.38560520698620293	0.46623119177218625
0.14086762864339009	0.39785478160951837	0.46127758974709165
0.15057920839763317	0.39050091017959193	0.458919881422775
0.15999992677628233	0.38164886540453635	0.4583512078191815
0.14518936939386323	0.383574919311233	0.4712357112949039
0.13885183303821458	0.38928738898082127	0.47186077798096426
0.14339114499547756	0.3939305203521396	0.46267833465238295
0.14451031216962482	0.39120981848001074	0.4642798693503646
0.14216674877121876	0.3923462384612434	0.465487012767538
0.14980142793936174	0.38859762125134034	0.4616009508092981
0.15101494929177092	0.38329484691738236	0.46569020379084686
0.1530234885529066	0.3891680011037647	0.4578085103433288
0.12338590736255806	0.39895305967029726	0.4776610329671448
0.14361363089956997	0.38193182528427017	0.47445454381616003
0.1445219551715192	0.3972196607002688	0.45825838412821207
0.13312879626432955	0.39516426122448467	0.4717069425111859
0.15350455505345684	0.3820206984858366	0.46447474646070674
0.13674422099110184	0.388540957584986	0.4747148214239123
0.14004306164214542	0.38719897019232574	0.47275796816552895
0.14685376603980216	0.38573451961231164	0.4674117143478863
0.13686136278266217	0.39095290368282326	0.47218573353451465
0.13363957636311966	0.39137296229176216	0.47498746134511827
0.13503662776379613	0.3930785551647509	0.47188481707145313
0.14582058470635145	0.3819245742890503	0.47225484100459836
0.13370176434149086	0.3910979299518855	0.47520030570662375
0.14570387284313022	0.39598554206229936	0.45831058509457057
0.15487619445514894	0.3819531242329228	0.46317068131192835
0.14454992948094056	0.38646436790318217	0.46898570261587735
0.14413330911404315	0.39588754256512027	0.45997914832083675
0.1394771550202014	0.394526163115687	0.4659966818641117
0.13467549659739786	0.38931323963935843	0.4760112637632439
0.14297591397955606	0.39242640491810465	0.4645976811023394
0.12597039118124254	0.39703141500268535	0.4769981938160722
0.1511737528488605	0.3869859999307763	0.46184024722036326
0.1468075670317899	0.39302649221234026	0.4601659407558699
0.129511974744024	0.39213869670060375	0.4783493285553723
0.13374990520528457	0.397209346673828	0.4690407481208875
0.15291418494688314	0.38209476833393924	0.46499104671917774
0.1508072013193792	0.3899714192980423	0.4592213793825787
0.12366350615879221	0.39885328280923094	0.477483211031977
0.13115756194713513	0.3898715887413629	0.4789708493115021
0.1424640746508166	0.3859478584481836	0.47158806690099997
0.13175639145467827	0.3914644682158305	0.4767791403294913
0.15069226657674553	0.38908869723645106	0.4602190361868035
0.1416342665709372	0.3976813854256474	0.4606843480034155
0.13788029039110744	0.3922176949901812	0.46990201461871145
0.13500875535430482	0.396575857347385	0.46841538729831034
0.1457585948693043	0.38930594458507445	0.4649354605456214
0.15213901025372623	0.39065595588244006	0.4572050338638338
0.14234091572243754	0.393699735010609	0.4639593492669536
0.14805593932181743	0.39146674279500704	0.46047731788317564
0.1296850087264654	0.3965041125383578	0.4738108787351769
0.1459718254725705	0.3879374669717694	0.4660907075556602
0.1467667667781351	0.39310139872221794	0.4601318344996471
0.1480232782152463	0.39279840546833533	0.4591783163164185
0.15728176151128703	0.3821026704437026	0.46061556804501047
0.1421265764686812	0.3820552550139804	0.4758181685173385
0.15904749569984505	0.38411160072309003	0.4568409035770651
0.1489719275209832	0.3839708139674504	0.46705725851156643
0.1346290722680382	0.3896711666266877	0.4756997611052742
0.1434967068244331	0.3822051683245673	0.4742981248509997
0.12367306081617505	0.3980388121282166	0.47828812705560847
0.14057438422453322	0.39198504332632494	0.46744057244914194
0.14557037491210173	0.39249399258352247	0.4619356325043759
0.12436794503002474	0.39753900073347287	0.4780930542365025
0.12602376681098304	0.39796924123320976	0.4760069919558073
0.15497106444912095	0.3833960921236271	0.4616328434272521
0.14073961354630624	0.3860836539463131	0.4731767325073808
0.1470805122279057	0.3922710931946868	0.4606483945774077
0.14828496857447954	0.3932131946643579	0.45850183676116263
0.14408697489557165	0.3909411174108734	0.46497190769355506
0.15839932655029523	0.38178082813052544	0.4598198453191794
0.13787953940787662	0.38317552484029105	0.47894493575183245
0.14236738987041034	0.3855970003192381	0.47203560981035164
0.1383649856222361	0.38928239164573186	0.47235262273203216
0.14073719212387498	0.39194799105847455	0.46731481681765064
0.14611251086213478	0.38886727221506245	0.46502021692280293
0.15511157864107036	0.3863948000814497	0.45849362127748006
0.13975658483439526	0.38185991786740253	0.4783834972982023
0.13305101038325934	0.38924399538844795	0.4777049942282928
0.13703911886020936	0.3870057549390708	0.47595512620072
0.1397290062725584	0.3951155514238663	0.4651554423035754
0.12574038673840607	0.397375082119115	0.4768845311424791
0.13917111505341068	0.3975035575834126	0.4633253273631769
0.1538094703590449	0.38720528100382745	0.45898524863712775
0.1379665167004578	0.39869207130626033	0.46334141199328205
0.13915560802658508	0.39892526236014947	0.46191912961326553
0.1574005275831138	0.3857208338907668	0.45687863852611954
0.14150959667230506	0.39346176884045114	0.4650286344872439
0.15478404337815588	0.38372092232591093	0.4614950342959333
0.1412990691478303	0.3973030604066282	0.46139787044554165
0.15681318655850826	0.38419328140823494	0.4589935320332569
0.1473580410675668	0.39464785264884134	0.457994106283592
0.1324227491206112	0.39478366170514523	0.47279358917424374
0.142575271474791	0.3872983796468998	0.47012634887830934
0.13776632965078311	0.3958151008107191	0.4664185695384979
0.1453774387374946	0.38956810333973513	0.4650544579227704
0.1347918602195448	0.3863941529211854	0.4788139868592699
0.13933464891715483	0.39871969108446803	0.4619456599983772
0.14531049475550945	0.388557072180753	0.46613243306373764
0.14496338864874075	0.38747935061109207	0.46755726074016735
0.12658521413460594	0.3973451457391137	0.4760696401262804
0.14710974963021678	0.3871362718896268	0.46575397848015654
0.153576082519444	0.385498867822212	0.46092504965834413
0.13870295630018287	0.3894886531166751	0.47180839058314217
0.12968777111270943	0.3951535565265881	0.4751586723607025
0.1373003415638986	0.38575595582066247	0.47694370261543906
0.12832800812963974	0.39428620152409527	0.47738579034626505
0.145407782614066	0.3933192727386199	0.4612729446473143
0.13204853354756418	0.39512199586249896	0.47282947058993696
0.15819699078223137	0.38317905490552223	0.4586239543122465
0.13944062860849415	0.3815718849869219	0.4789874864045841
0.13555098234097884	0.3983215095223779	0.4661275081366434
0.13874343227186456	0.38842994832062633	0.47282661940750925
0.140713570296767	0.38887367067590073	0.47041275902733237
0.14334049289768702	0.39632040319938877	0.4603391039029244
0.1488897340366183	0.38135548038723227	0.4697547855761495
0.14389129565194142	0.3909594957544753	0.46514920859358344
0.139695484327288	0.3962009713685849	0.46410354430412726
0.148383503921873	0.3825095969199148	0.46910689915821235
0.1330636129284703	0.3934294515537383	0.4735069355177915
0.1393899920933985	0.3844281456074614	0.47618186229914017
0.13680851312758738	0.3847770168836574	0.47841446998875536
0.14291187202344338	0.3981997138113323	0.45888841416522447
0.15343400979193272	0.38380469333955985	0.46276129686850753
0.1522184208005046	0.3835413775188006	0.46424020168069496
0.1429250950278395	0.382080444709887	0.47499446026227365
0.1423666279740648	0.39388453351474456	0.46374883851119075
0.14269011080604743	0.3951243690376913	0.46218552015626135
0.15834447711349278	0.38241244093582283	0.45924308195068453
0.14676104869182324	0.39195765202136656	0.46128129928681033
0.1504589711593904	0.38573121464417215	0.4638098141964376
0.131843024446198	0.3938537856123494	0.4743031899414527
0.14655113845506695	0.38590025747790735	0.46754860406702586
0.14522330954631466	0.38998407227180165	0.46479261818188383
0.13912416603429534	0.3951139176787259	0.4657619162869788
0.14035497010819648	0.38497703949191875	0.47466799039988494
0.12383431266822681	0.3976194424994964	0.4785462448322769
0.15575307399630375	0.3870802436594078	0.4571666823442886
0.12620227197167988	0.3984759355910784	0.4753217924372419
0.14661916672524994	0.3956452791094764	0.4577355541652738
0.1416803044914217	0.3990097421954716	0.45930995331310687
0.13708831504257196	0.3910389438354131	0.47187274112201505
0.15008062711387782	0.38769036317103955	0.46222900971508274
0.13474512593933458	0.39411981783687217	0.47113505622379337
0.13427292867986257	0.3889450673127544	0.47678200400738313
0.1393896820761104	0.38693414360569867	0.473676174318191
0.1458135589759186	0.3910738065844114	0.4631126344396701
0.15407544712585874	0.380648047181482	0.4652765056926593
0.14214054233540382	0.3916701575791299	0.46618930008546644
0.13903802978542856	0.3841966392444733	0.4767653309700983
0.134101422788116	0.3957322736186161	0.470166303593268
0.15998223207872078	0.3816190679363944	0.4583986999848849
0.1400614409081617	0.3856964358292436	0.47424212326259485
0.15001688453803802	0.3845204559531131	0.4654626595088489
0.1367781142038172	0.3877996927086032	0.4754221930875797
0.15763213042081275	0.3842813849106216	0.4580864846685658
0.13682281373586003	0.3943621932859086	0.4688149929782315
0.13508520036676108	0.38687619786426214	0.47803860176897695
0.1551935802540119	0.38675045004060504	0.4580559697053832
0.1419323459071739	0.39471125024789	0.46335640384493615
0.1426218609735756	0.3945741861585508	0.46280395286787374
0.1476429004348362	0.38797560832405037	0.4643814912411136
0.13418961322375872	0.3958963835951901	0.4699140031810513
0.13944125136739077	0.38293577374661625	0.47762297488599315
0.14051099098760755	0.3848315390809885	0.474657469931404
0.1457881111378817	0.3866544277539998	0.4675574611081186
0.14053531909852418	0.39199449590160595	0.46747018499987
0.1258186519974916	0.3983850704406978	0.4757962775618107
0.13787515262775624	0.39612551682221125	0.4659993305500326
0.1525961255199293	0.39041194995445366	0.45699192452561715
0.13413314452468375	0.3967442449418182	0.4691226105334982
0.13875202667675365	0.3953112954038753	0.4659366779193712
0.12582259536047355	0.39618326569399853	0.47799413894552806
0.14429403072134706	0.3817477660729865	0.47395820320566656
0.13361810113647554	0.3976573566136146	0.46872454224991
0.1342066547141454	0.3932682057036207	0.472525139582234
0.13273854572138327	0.3987894420375633	0.4684720122410536
0.12877971020403461	0.39691748322260856	0.4743028065733569
0.1522801596389484	0.3862853252733926	0.4614345150876591
0.13827316132329975	0.3980282657886719	0.46369857288802846
0.1311949579284345	0.3930942871063892	0.47571075496517645
0.1599729256601931	0.38209885832779655	0.4579282160120104
0.1438350457788798	0.3855691225763343	0.470595831644786
0.12508142412520382	0.3976792246254081	0.4772393512493882
0.14518919780475276	0.39041613399484915	0.4643946682003982
0.14444860295292583	0.3866966849835094	0.4688547120635649
0.13347261749648004	0.3974410380592099	0.4690863444443102
0.14424381696693137	0.3926452307125005	0.4631109523205682
0.13594113803901162	0.3858705819974517	0.4781882799635368
0.14188569912770205	0.39814462904804737	0.45996967182425075
0.14739829753430678	0.3874474847836803	0.46515421768201304
0.15318877115130458	0.38706067779011405	0.4597505510585815
0.1511406551577516	0.38290280089861684	0.4659565439436317
0.13771207680953312	0.3980717348477528	0.46421618834271416
0.14276118336066318	0.3961900454262288	0.4610487712131081
0.12826539597374642	0.3953425135779622	0.4763920904482915
0.1466792144088095	0.3901960871624148	0.46312469842877585
0.13835154259745083	0.38444857115858994	0.47719988624395937
0.1404858562058477	0.39087254695422374	0.4686415968399287
0.13009674985202335	0.3969112361963656	0.4729920139516111
0.1501923913535988	0.3860361839030809	0.4637714247433204
0.1571339834925532	0.38477141225503214	0.45809460425241477
0.12576137807163895	0.3968289523582834	0.4774096695700778
0.14870209283782404	0.3832677047443268	0.46803020241784926
0.13203947756560974	0.3986473440145454	0.469313178419845
0.13897099192315027	0.3917114481606135	0.46931755991623636
0.14912723276816425	0.38311249851175416	0.4677602687200817
0.14003531524367568	0.3905451788829031	0.4694195058734214
0.1417974761198364	0.3980201621515747	0.460182361728589
0.15202504055867042	0.38749847349776906	0.46047648594356066
0.15485150164566705	0.3845311667878726	0.4606173315664605
0.14322787048611058	0.39096320977570015	0.4658089197381894
0.1478590514544591	0.3824298956240659	0.46971105292147514
0.13711494059590607	0.3932744094218053	0.46961064998228874
0.13139740403510283	0.394339684955872	0.4742629110090253
0.1260576835608	0.398925832254852	0.47501648418434816
0.14947252437608827	0.3917507336407791	0.4587767419831328
0.1288077605989284	0.3954710280747177	0.47572121132635403
0.1449923421320075	0.393521934480732	0.46148572338726057
0.14120758724005272	0.3934393926991641	0.4653530200607833
0.13850068003828808	0.392581803540389	0.468917516421323
0.1406234634568556	0.3868434737754597	0.4725330627676848
0.12553472720550957	0.39703090924693757	0.477434363547553
0.13618728045440498	0.3881889862716894	0.4756237332739057
0.15234411165660314	0.3813496998611884	0.4663061884822086
0.13854281498985205	0.3925563448635491	0.46890084014659894
0.1361550180295093	0.3951988768774711	0.46864610509301974
0.15513118646178647	0.38631672618690904	0.4585520873513046
0.14846616446368277	0.38402837884249685	0.4675054566938205
0.15773306542917181	0.3852268079061043	0.45704012666472404
0.1475910369622722	0.3868351543828723	0.46557380865485565
0.151888789558992	0.3816828650081213	0.4664283454328868
0.14516730024668884	0.3925521502989889	0.4622805494543224
0.14053413884886834	0.38467402543856055	0.4747918357125712
0.12976316618843314	0.3955842818098179	0.47465255200174905
0.14094609729276641	0.3849653658943629	0.4740885368128708
0.14120783888166816	0.39778832039740153	0.46100384072093037
0.13651676002846003	0.38673206816048367	0.4767511718110564
0.15077767580247886	0.38828906901883664	0.46093325517868466
0.14227936909969158	0.39068590199252123	0.4670347289077873
0.1549113715009831	0.3812962377878369	0.46379239071118006
0.1363701722585385	0.3967968382764974	0.4668329894649642
0.15436756975461857	0.38732069178275536	0.4583117384626262
0.14462789294256995	0.38692088950379827	0.46845121755363195
0.13674226802848483	0.39700888291469827	0.46624884905681707
0.1458334907472022	0.38380142439672926	0.47036508485606865
0.15588506057731866	0.38430684040363483	0.4598080990190466
0.13046359687397918	0.39546863152036066	0.4740677716056603
0.14480657164404476	0.38250892103360346	0.4726845073223519
0.15632648917316372	0.3849034561355804	0.458770054691256
0.15018960882255994	0.3810202165483054	0.46879017462913475
0.1435609334175516	0.38799607587987567	0.4684429907025729
0.13605275290204444	0.38518692951279454	0.4787603175851612
0.1441093904762169	0.39025864680195294	0.4656319627218303
0.1227589183467036	0.3990637505298382	0.4781773311234583
0.15126905712176666	0.3862904356256796	0.4624405072525538
0.16099174208291064	0.3807001655007817	0.4583080924163078
0.14249269323092756	0.3977778704732029	0.4597294362958696
0.15165250544625647	0.38679863970130934	0.4615488548524343
0.14989579184395252	0.382633607778588	0.4674706003774596
0.1400892690833749	0.3977991155326466	0.46211161538397866
0.13554126660404758	0.3967003911774718	0.4677583422184807
0.1528142009876129	0.38295672229277145	0.4642290767196158
0.13233656656528445	0.3980499567563248	0.4696134766783909
0.13076150816379384	0.39531438701253857	0.47392410482366776
0.13042146242650537	0.3965655172548895	0.47301302031860526
0.13829458639054773	0.3925168153132614	0.469188598296191
0.14262699081574937	0.39446546453629644	0.46290754464795436
0.14681013500146306	0.38836531879603536	0.4648245462025017
0.1602894324833312	0.3823903036910273	0.45732026382564167
0.13401435771999304	0.39529535429119317	0.47069028798881385
0.15088945862012607	0.38986570501345585	0.4592448363664182
0.1373766516698393	0.39245048306009955	0.47017286527006125
0.13730937486523614	0.39268166043096225	0.4700089647038017
0.1265270793038501	0.3964020174292399	0.47707090326691015
0.14654812984727172	0.3864296566196659	0.4670222135330625
0.1444951340111279	0.3836645410353997	0.4718403249534725
0.14117852015972893	0.3843640981923134	0.4744573816479578
0.14769551320098856	0.38559352848762446	0.4667109583113871
0.15067496477104997	0.38735660949084105	0.4619684257381091
0.1488056073625204	0.3823044366410012	0.46888995599647854
0.138684134665349	0.385355088882659	0.4759607764519921
0.15319747153678073	0.3817248638385069	0.4650776646247125
0.13910874086542602	0.39305028538037273	0.4678409737542014
0.1424922608749069	0.3949289686236117	0.46257877050148155
0.12865307804420015	0.3940276312397984	0.47731929071600154
0.13378960950591473	0.3958094079853989	0.4704009825086865
0.1541973258586355	0.38427962181368697	0.46152305232767765
0.13944258659348244	0.38390819754176075	0.47664921586475695
0.12575629659386448	0.3984457763200404	0.47579792708609525
0.1474108905373622	0.39486753232823274	0.45772157713440514
0.15762002231391792	0.3835298164476654	0.4588501612384168
0.13959611588247006	0.38967857419803753	0.4707253099194925
0.15292300941642686	0.38536574332126244	0.46171124726231083
0.13735636884838626	0.39347614552806126	0.4691674856235526
0.14558667932101424	0.38178483810697567	0.47262848257201023
0.13815135102608378	0.3878656138466233	0.473983035127293
0.13872093672457378	0.3823487646544377	0.4789302986209887
0.1460433990980844	0.39614005886582426	0.45781654203609146
0.13990239473509422	0.3814080897085409	0.47868951555636496
0.15448806390497916	0.3874858237695421	0.45802611232547885
0.1613662054295876	0.38116077826691014	0.45747301630350234
0.15043678358906243	0.3913757160321601	0.45818750037877753
0.12848269500061296	0.3962521049994037	0.4752651999999834
0.15255337279543146	0.3807659627683977	0.466680664436171
0.13956142172690006	0.3906331207106542	0.46980545756244585
0.1344794034207189	0.3929875450990906	0.47253305148019065
0.13796664961637728	0.38356545433945965	0.4784678960441632
0.12910178921567944	0.3948067954631514	0.4760914153211693
0.1376267720025231	0.3990279990861918	0.4633452289112852
0.15804251670219427	0.38321977933896684	0.45873770395883906
0.1567636481530873	0.38542356789472043	0.4578127839521924
0.15280000576233504	0.38121504833897724	0.4659849458986879
0.14421284751248753	0.388417067368666	0.4673700851188466
0.15043713646733586	0.3884032802735763	0.4611595832590879
0.12985020957557952	0.39480261762050034	0.47534717280392025
0.140122591186067	0.3894072649867679	0.4704701438271652
0.14341081925800497	0.3933860698244265	0.4632031109175686
0.1388278942041326	0.3870983762677833	0.4740737295280842
0.12608135297387763	0.39577412309073606	0.4781445239353864
0.15117727683486065	0.38900992699225007	0.4598127961728894
0.14917176828041057	0.38463702888077567	0.4661912028388138
0.14511574978113417	0.3868148415204726	0.46806940869839336
0.15772836837051885	0.38360069573185346	0.45867093589762775
0.1585083350496934	0.382707047916522	0.4587846170337847
0.14580373556261217	0.38686074973491374	0.46733551470247425
0.13760640093670373	0.3912628447332549	0.47113075433004153
0.14456728263611354	0.39451730951271025	0.46091540785117635
0.14378528484279257	0.38452394799551676	0.4716907671616908
0.14504898079521233	0.39000556382157303	0.46494545538321475
0.1422934447319119	0.39709832257744915	0.46060823269063905
0.1462554488151928	0.38493256755575395	0.46881198362905335
0.14064267636048966	0.38071062919352106	0.4786466944459894
0.1603807209237409	0.3824075948776864	0.4572116841985728
0.15777147508856132	0.3842579206776133	0.4579706042338255
0.14697515137258824	0.39549028232409	0.45753456630332184
0.1571950668007292	0.3837292481920788	0.4590756850071921
0.14291734798835015	0.3834676372365711	0.47361501477507884
0.12660120541033676	0.3966305429503321	0.47676825163933123
0.1340061019939066	0.3975786498391928	0.4684152481669008
0.13731905280530537	0.39905127986772493	0.4636296673269698
0.14536094118736398	0.38307190476286646	0.4715671540497697
0.1395315406868981	0.3909214284565147	0.46954703085658733
0.13815407866510782	0.3954140014310789	0.4664319199038134
0.14601118242146705	0.3869393199877521	0.46704949759078096
0.1445518629391581	0.3950832568592345	0.46036488020160754
0.15467250925468892	0.38722824191488514	0.4580992488304261
0.14288604334940053	0.3825758595159105	0.4745380971346891
0.13937425622189498	0.3971990663883869	0.4634266773897182
0.13793611754280494	0.3844440335679187	0.47761984888927655
0.14656348420955723	0.38830209761612644	0.46513441817431644
0.13397783281637926	0.3927115684130206	0.47331059877060033
0.15695653770173423	0.38272768865347917	0.4603157736447867
0.1417242231705946	0.3864165839866659	0.4718591928427396
0.13997477590167562	0.38321759084228624	0.4768076332560382
0.1518667402931787	0.38313862906487733	0.46499463064194413
0.14788405482722145	0.39009084752477213	0.46202509764800653
0.14518478344830296	0.39335642324712505	0.4614587933045721
0.15739491455412086	0.3830729108907439	0.4595321745551354
0.15699532924365545	0.3840506239946933	0.45895404676165136
0.1542713608834998	0.3830773489729612	0.4626512901435391
0.13719202517543538	0.39416265324314187	0.4686453215814229
0.1445517757142258	0.3846698957508104	0.47077832853496393
0.13949682094392143	0.38817614884157625	0.47232703021450245
0.1374319317620537	0.39068304969214185	0.47188501854580456
0.13595851884518256	0.39852348763210016	0.4655179935227174
0.13079765142813893	0.3972776768665072	0.471924671705354
0.13288746883368288	0.39770294724204047	0.4694095839242768
0.14364019872757805	0.3895247071627683	0.4668350941096537
0.1466963322242274	0.3895136136027397	0.4637900541730331
0.13762976096596063	0.39776350783662473	0.4646067311974148
0.13508499008551955	0.39462603257242207	0.47028897734205855
0.14876009923812333	0.3904700421429501	0.4607698586189266
0.12407665122962463	0.3981265242356905	0.47779682453468497
0.13791527371384232	0.397516124263029	0.4645686020231288
0.14006739818251243	0.3933256753562755	0.46660692646121216
0.14955628482408903	0.38610568789583344	0.46433802728007767
0.1420892035970568	0.38287826661734503	0.4750325297855983
0.14325925105706228	0.39294326175094685	0.463797487191991
0.14104859178559043	0.38596690720012855	0.47298450101428113
0.155864420181285	0.3852961763022595	0.4588394035164556
0.14498478122209818	0.3932415107496588	0.46177370802824314
0.13376347917857934	0.39110754613381793	0.47512897468760285
0.12761194843856255	0.3949792060468057	0.4774088455146319
0.15883527661513236	0.38287568914143855	0.45828903424342915
0.14153297462506106	0.38919210229370194	0.4692749230812371
0.13310800270372342	0.3919357345968004	0.47495626269947633
0.14424924954317625	0.38940082604660353	0.4663499244102204
0.1290375577655639	0.39645061656605163	0.47451182566838457
0.14134211874825905	0.393244960630175	0.46541292062156603
0.13938562399265692	0.39529322073516765	0.46532115527217555
0.135394355580311	0.3943471453182552	0.4702584991014339
0.14465969194938977	0.39644373018318424	0.45889657786742605
0.13706863245534862	0.3867263748335686	0.47620499271108296
0.14096824872530606	0.39086420436339453	0.46816754691129947
0.14251508596817808	0.3963387705233412	0.4611461435084808
0.12367437657880681	0.39867683714726604	0.47764878627392726
0.14003182004212295	0.3832129392641843	0.47675524069369285
0.14364576075990104	0.38417255112687143	0.4721816881132276
0.14410827169619228	0.39288926811036023	0.4630024601934476
0.15292250381062383	0.38119243169194555	0.4658850644974307
0.1372413242283301	0.3894967742917352	0.47326190147993485
0.14069587170484937	0.382292468283084	0.47701166001206674
0.1445218353716479	0.38895120538919975	0.4665269592391525
0.14115806988222818	0.398944604994027	0.4598973251237449
0.1436425912150635	0.38456317540567514	0.47179423337926146
0.13533407812446266	0.3861670950685437	0.4784988268069938
0.144501263758137	0.391817297784624	0.4636814384572392
0.14772123391159486	0.392946171781401	0.45933259430700424
0.15198160488588666	0.3845428056970189	0.4634755894170946
0.1294065839113827	0.39776806431940176	0.4728253517692157
0.141937395796035	0.3863740773178299	0.47168852688613516
0.13542582334008588	0.39130024530052715	0.4732739313593871
0.14163800245329544	0.38436786995371897	0.47399412759298576
0.14335786460806288	0.398794964967945	0.45784717042399226
0.15119248821428166	0.3904227301518854	0.4583847816338331
0.14577459509755658	0.39492551730922604	0.4592998875932175
0.13955035363222698	0.3848961566572575	0.4755534897105156
0.15819531230806644	0.3825895861931895	0.4592151014987442
0.13351424861678612	0.39435361532381114	0.47213213605940285
0.13094075702992883	0.39758359585289804	0.47147564711717327
0.15115039827022136	0.3872155421475574	0.46163405958222137
0.157166598804434	0.3838257026173117	0.4590076985782544
0.1445897942353333	0.3890308143523264	0.4663793914123404
0.1492095641809138	0.38094470729015395	0.46984572852893236
0.1366727800651879	0.3883780578817538	0.4749491620530584
0.1475437331405458	0.3890323770301342	0.46342388982932015
0.1304547902013615	0.39652454893346245	0.4730206608651762
0.14417829723368203	0.397881060454543	0.45794064231177506
0.13157823121834472	0.3984852314416004	0.469936537340055
0.14461758268275457	0.3872518204648299	0.46813059685241565
0.13211766683995174	0.38934608399502224	0.47853624916502613
0.13968201518218407	0.39387025725048924	0.46644772756732683
0.1466835885441567	0.38479015770928104	0.4685262537465624
0.13932666361069035	0.3917888703844878	0.468884466004822
0.14320325323620114	0.3986456115820976	0.45815113518170136
0.15932121131300434	0.3820899114656208	0.458588877221375
0.1361698504499253	0.3925461830779656	0.47128396647210924
0.14026762389005476	0.3892772440453229	0.47045513206462247
0.1303402316231856	0.3936019467719458	0.47605782160486876
0.15061979161831796	0.38921452363528325	0.46016568474639896
0.15380352900165914	0.3853286876466696	0.4608677833516714
0.15022280480370337	0.3889706479072696	0.46080654728902715
0.1430961554987721	0.3873697437680639	0.46953410073316415
0.1464296974366353	0.3822447358307665	0.4713255667325983
0.15390335426758528	0.38318833350175596	0.46290831223065887
0.1399264442207646	0.3929574266316622	0.4671161291475733
0.147316244455413	0.3956280244458731	0.45705573109871406
0.12968183922312543	0.3989964976183964	0.47132166315847834
0.13767133907478152	0.39209830931970874	0.47023035160550986
0.1405873944052391	0.3899514461708181	0.4694611594239429
0.15182173970551532	0.38079807561212786	0.4673801846823569
0.1281724314155384	0.39843030450254924	0.4733972640819125
0.13134238993124064	0.39840203078399383	0.47025557928476563
0.13758677917849366	0.3961255160974514	0.466287704724055
0.15428776701023056	0.38613363666919565	0.45957859632057396
0.13297941855574125	0.388205566185972	0.47881501525828685
0.13391319703557442	0.3883035162298719	0.47778328673455384
0.14225638720610986	0.3883740493100251	0.4693695634838651
0.139498217540883	0.3940273219411014	0.4664744605180158
0.14434333358030982	0.3955415303108631	0.4601151361088272
0.15415826143231656	0.38096031562110866	0.4648814229465749
0.13212515860787935	0.38891275188568286	0.4789620895064379
0.13980608958781499	0.3908800334078195	0.46931387700436566
0.13413304204031706	0.398550439160876	0.46731651879880703
0.1532541285684848	0.38098306187318676	0.46576280955832855
0.14267562126202393	0.3934833219114352	0.46384105682654103
0.1423764385464263	0.39338088782087954	0.4642426736326943
0.14534498596720707	0.381910314898793	0.4727446991340001
0.1495428280428102	0.3889196783428931	0.46153749361429686
0.13585992704615826	0.39740748404926074	0.46673258890458114
0.15671909579669746	0.3851873067058011	0.45809359749750156
0.14089966698407297	0.3885200287709782	0.470580304244949
0.1469968276139307	0.3860049469517686	0.4669982254343008
0.14703552246851095	0.3938075762906248	0.4591569012408644
0.13731578377149248	0.3965703175848694	0.4661138986436383
0.1438755036883163	0.3861127684560294	0.4700117278556544
0.14958602543480212	0.3831106232427459	0.4673033513224521
0.14683306916901973	0.387538337924652	0.4656285929063284
0.1441003931162118	0.3904049185929673	0.4654946882908211
0.1279415635452073	0.39886405170672323	0.4731943847480696
0.13984457559191849	0.39618255439980177	0.4639728700082799
0.13262038780492336	0.39555061530385527	0.47182899689122154
0.13586047491779157	0.388714804304366	0.4754247207778426
0.14022361440845466	0.3835648464731041	0.47621153911844133
0.1353863993227276	0.38817607728958164	0.47643752338769085
0.12860793028590298	0.3975946292950273	0.4737974404190698
0.13364882304740858	0.3947184587716313	0.4716327181809602
0.14031077101552142	0.3854381584474025	0.47425107053707616
0.1504919606313874	0.3822785866949565	0.46722945267365623
0.13954910581817273	0.39853613222798084	0.4619147619538465
0.14060513725856932	0.38571618645758754	0.4736786762838433
0.14505964457800744	0.3932466099296393	0.4616937454923534
0.13788331319749447	0.38341495435088346	0.4787017324516222
0.15218771867783476	0.38873109581003523	0.4590811855121301
0.1441814153436045	0.38367268791242387	0.4721458967439717
0.13788474631228043	0.39388793368633834	0.46822732000138134
0.13455850999182045	0.38710408937565743	0.4783374006325223
0.13464210881120653	0.39469790158974666	0.4706599895990469
0.13098297274809179	0.3990522768991795	0.46996475035272883
0.14151435108123148	0.394160053141213	0.4643255957775556
0.14489520099552	0.39208574589104905	0.46301905311343106
0.14484562789290184	0.3923140439456848	0.46284032816141346
0.13888011060802455	0.3965074892570495	0.4646124001349261
0.1458056002911064	0.3881334303585464	0.46606096935034735
0.13756292789114405	0.38624630328506215	0.47619076882379385
0.1490295278794184	0.3857930858444944	0.4651773862760873
0.15840091987061433	0.38401308270698153	0.4575859974224043
0.12632478234939457	0.3980621732410638	0.4756130444095418
0.1423759878582198	0.39174651311744574	0.4658774990243346
0.13458422884535834	0.3925240998792697	0.4728916712753721
0.13457054852858746	0.3886511975002248	0.4767782539711879
0.14400579345357584	0.3831037370797568	0.47289046946666746
0.15009320575879337	0.386987711426388	0.46291908281481875
0.12943057869184418	0.3941547006099494	0.47641472069820656
0.14173273412853932	0.3878104150305804	0.4704568508408804
0.14814801173417416	0.3879049887833813	0.46394699948244467
0.13742955329697926	0.3903860851323691	0.4721843615706518
0.14878770672808944	0.38559617662388285	0.4656161166480278
0.150102389283309	0.3901555532740863	0.4597420574426048
0.12479380493231096	0.3982355294152453	0.47697066565244384
0.13734063166160138	0.3870223771810026	0.4756369911573962
0.13584470321762265	0.386720169458062	0.4774351273243155
0.13512578598503783	0.39339014402130584	0.47148406999365644
0.14787238438762534	0.38789067252561993	0.4642369430867548
0.14734095997178182	0.38557712946742645	0.46708191056079185
0.15939570728787314	0.38078250194292573	0.45982179076920127
0.13424766807242472	0.3927643388783898	0.4729879930491856
0.14352158660219405	0.38171467987655167	0.47476373352125445
0.14025567090856417	0.3940087582353519	0.4657355708560841
0.14798314468343793	0.3825518785687236	0.4694649767478386
0.13841242030272533	0.3830119334445523	0.47857564625272253
0.14717064799516155	0.3818898712116169	0.4709394807932217
0.15022283471027512	0.3837108452603013	0.46606632002942366
0.1549217988570717	0.3881862188132287	0.45689198232969974
0.15087664832724967	0.39059843407626554	0.4585249175964849
0.14664053412144373	0.390878669983326	0.4624807958952304
0.14144724112634738	0.3822391588878501	0.47631359998580264
0.13448642775243963	0.391038109501579	0.4744754627459814
0.15420697198835015	0.383663254483573	0.46212977352807694
0.14806759436316225	0.3890411021868057	0.46289130345003215
0.15100412268669205	0.38137982193246905	0.46761605538083906
0.12737232251279978	0.39765635979665487	0.47497131769054546
0.13478782382662047	0.3873703409329642	0.47784183524041546
0.14533667528882882	0.3922343331783217	0.46242899153284966
0.13211827972757437	0.390707518852052	0.4771742014203737
0.13079249188238606	0.39069540036423284	0.47851210775338127
0.1313899674743591	0.39619623030670914	0.4724138022189318
0.14576449885610612	0.38669362088071674	0.4675418802631773
0.13731408279919688	0.3928485908115493	0.4698373263892539
0.1338358830687026	0.3921658990668812	0.4739982178644163
0.14904252291939357	0.38344290770106354	0.46751456937954305
0.13290102035706916	0.3962300218698967	0.4708689577730343
0.1263619577628144	0.39782800508742	0.4758100371497658
0.1442956004551195	0.3911644809477624	0.4645399185971182
0.14810727494009185	0.39083856958213326	0.46105415547777495
0.14201422429642008	0.3913455171881828	0.46664025851539725
0.14075075648459984	0.398156239409298	0.4610930041061023
0.1572348594295798	0.38123258336920746	0.4615325572012129
0.13263343096243513	0.39310520483939726	0.4742613641981677
0.14579934716035234	0.39284535224450523	0.4613553005951425
0.14261362522898968	0.3901500509630306	0.4672363238079798
0.1377433093634923	0.3910435913449017	0.47121309929160615
0.14437143336267974	0.39692534248084776	0.4587032241564726
0.14593864350869454	0.38470673530927435	0.4693546211820312
0.14377749798089703	0.3920123901060029	0.46421011191310013
0.13158851079043563	0.39505346658320556	0.47335802262635895
0.143774374519621	0.3861679449557053	0.4700576805246739
0.12788776391623946	0.39432204322273295	0.47779019286102764
0.139163675384107	0.39697948763983787	0.4638568369760553
0.13908898053110796	0.3961650271666079	0.46474599230228425
0.15008423344845145	0.3841296755527947	0.465786090998754
0.1512199626806064	0.38395340144821827	0.46482663587117545
0.15292736461823275	0.38460298528969067	0.46246965009207663
0.14031814635085393	0.39565672778517735	0.4640251258639688
0.13483232587057503	0.39363018970831937	0.4715374844211057
0.1540368717904307	0.3809268203820539	0.4650363078275155
0.1506162180854339	0.3821132420464556	0.4672705398681107
0.1452366597673911	0.38536923394317096	0.46939410628943806
0.13706205256926393	0.3888381037500679	0.47409984368066826
0.14071414110299818	0.3891835177855973	0.47010234111140464
0.14304396983660725	0.38416459755688087	0.472791432606512
0.14391135741681776	0.3874044566090963	0.46868418597408606
0.13469077567852156	0.393901326356237	0.4714078979652416
0.15080545273749824	0.3896019783201755	0.45959256894232636
0.14228956366809245	0.38281641083519896	0.4748940254967087
0.13940933126987862	0.3919942228572898	0.46859644587283167
0.14620434881360234	0.3957430520327557	0.45805259915364205
0.1544370845207771	0.3877924228841343	0.45777049259508873
0.14093046117022273	0.38851469501498115	0.47055484381479623
0.134920685661191	0.39618444356799043	0.4688948707708187
0.1589703833890711	0.38144661340672087	0.4595830032042081
0.15026087378409925	0.38093209392568833	0.46880703229021253
0.13643001655067583	0.38459890607424924	0.47897107737507505
0.14247456908914546	0.391338110028823	0.46618732088203163
0.1510675309750847	0.3861736768800502	0.46275879214486526
0.13303055533655406	0.3959121656888842	0.47105727897456184
0.14175158044558928	0.3884385417408724	0.46980987781353845
0.141388243633145	0.3939488399488374	0.4646629164180177
0.14827475819411035	0.393169401462044	0.4585558403438458
0.12281534985329817	0.3983071998803991	0.47887745026630285
0.1340671124321131	0.3869716453273112	0.4789612422405758
0.15440345555435814	0.3872091288176177	0.45838741562802426
0.16164427653798863	0.38070845483550353	0.457647268626508
0.13601216439677571	0.39794465328127504	0.4660431823219494
0.1379636461370013	0.38875880534989915	0.47327754851309967
0.14870493240455696	0.3840665713601623	0.46722849623528084
0.13553779630389232	0.3872823933393408	0.47717981035676704
0.16030840829240675	0.38241789252487973	0.45727369918271366
0.14373970909186626	0.3824356371774981	0.47382465373063576
0.1359140774481514	0.3944090597935567	0.46967686275829196
0.1443117900724487	0.39453102824590247	0.4611571816816489
0.13181272184898635	0.3926460052996195	0.47554127285139425
0.13900062992004655	0.3877223773980422	0.47327699268191137
0.15035098254900403	0.38599516608087747	0.4636538513701186
0.1356909074913608	0.3884436375191758	0.4758654549894635
0.1354448397640633	0.3961402759062207	0.4684148843297161
0.12724482870460108	0.3975990856839756	0.4751560856114234
0.14732034863351479	0.3841490628546174	0.4685305885118679
0.14314312248674851	0.3949959862933682	0.46186089121988344
0.14687850237227063	0.38183396116331286	0.4712875364644167
0.14049375816038107	0.39718642588356445	0.46231981595605454
0.1348131265143639	0.39400475927417866	0.47118211421145756
0.14799455000525638	0.39407481754346413	0.45793063245127963
0.14454730749674777	0.39046414783708977	0.46498854466616263
0.1447249714880579	0.38183791477514845	0.47343711373679376
0.1520245545507097	0.3868596517936174	0.461115793655673
