0.2567889874835517	0.05930695458673613	0.46384449627722135	0.13502162771627715	0.08503793393621333
0.16998592713980243	0.08675759527177787	0.4207982532517097	0.16402447434330553	0.1584337499934043
0.1856482147803378	0.0834751664992266	0.3127633184536524	0.1570637069859782	0.2610495932808048
0.2676748135376787	0.07547988632866247	0.2762000589474644	0.13817637027684523	0.24246887090934893
0.18460594844656933	0.07354380646545924	0.43480745796019804	0.1447113615348496	0.16233142559292366
0.17685991709629456	0.057522520075622585	0.37046157744440383	0.15537644967470352	0.23977953570897534
0.27442639115513523	0.0652911268527927	0.4646806219427841	0.17148175991039402	0.02412010013889368
0.22880458960120137	0.07752656448768605	0.5451919120481697	0.11488049010993052	0.03359644375301202
0.17155622000084475	0.07720991470619576	0.40467485540681203	0.1836548035796805	0.16290420630646674
0.18089116746165965	0.0713380280995834	0.5254852631814277	0.1463694540875681	0.07591608716976089
0.2730853207405035	0.06900129245220879	0.45183587117222224	0.12884062051653575	0.07723689511852948
0.17856306928005505	0.07082448769865399	0.42090186201886215	0.15540032337983514	0.17431025762259347
0.255903784872225	0.06908482556214487	0.4192665161448193	0.13100462648892308	0.12474024693188746
0.17865563379712154	0.07441014674024438	0.3936988314217298	0.12404765370898758	0.2291877343319165
0.21174535953489532	0.09210687983726176	0.4221219971124025	0.14306445201691934	0.1309613114985208
0.2529544130982062	0.09115624295975455	0.27394958006093095	0.17659833870874292	0.20534142517236512
0.2323419052554955	0.05697541209564791	0.37883106992007154	0.12626638283214386	0.2055852298966409
0.1874859906606128	0.08146621185635192	0.39862408213193323	0.15890333274342855	0.17352038260767333
0.2356027875933862	0.0630592661393918	0.41217169491097433	0.14887408489448717	0.14029216646176024
0.17793453093953981	0.07706010619449224	0.48265756514899033	0.11486645510433488	0.1474813426126425
0.19529828811094738	0.06692456142817069	0.31471219056327393	0.16449075711689878	0.25857420278070903
0.18542869831554445	0.08260093630094893	0.3594151821159819	0.15016636260529528	0.22238882066222926
0.17198555835292295	0.060097807630992844	0.36290603612544603	0.14750603396694353	0.2575045639236945
0.20565816736204362	0.073198436024031	0.35362964987641216	0.11514177685805392	0.2523719698794591
0.1699183694098732	0.07289438925089825	0.5203435855215466	0.1689823418869094	0.06786131393077235
0.24026642835500947	0.06681579374152283	0.5128103491837079	0.11792854970802548	0.06217887901173405
0.20897347927204973	0.07504299671532465	0.47246993641134677	0.18557636453212084	0.057937223069157745
0.19369604423476453	0.055995471236411326	0.37635775670734667	0.12045234524314118	0.2534983825783361
0.2669036688731411	0.06005419644031146	0.29348638974096175	0.13797046198251625	0.24158528296306914
0.25103224787394296	0.07518949721496021	0.469530852859938	0.17019107906776526	0.03405632298339342
0.1790915576212464	0.06297982996113113	0.3715466417225046	0.14008278224608658	0.24629918844903104
0.2680417382581705	0.07995882292127594	0.4703245548189772	0.15238340674670584	0.02929147725487022
0.22347076716560493	0.06170105412242011	0.42416909043432777	0.1310816696669485	0.15957741861069843
0.22519494991804104	0.06989470256742106	0.3388135434471875	0.1434538035851215	0.22264300048222865
0.18521399701569272	0.08789645391280139	0.2918664883183153	0.12981216021390016	0.30521090053929023
0.20103161000324127	0.058192514298148645	0.49088858910472044	0.14087700917007268	0.10901027742381665
0.2365426199528265	0.09082730517446755	0.44539691201362697	0.12892062901540666	0.09831253384367213
0.2579165814240099	0.062481542312761484	0.4330584619441207	0.12030259335347675	0.12624082096563094
0.16874617995293859	0.0746564944194964	0.5508830133974891	0.1857819075144557	0.019932404715620133
0.19795771207373122	0.08392463463451227	0.41597449817093957	0.13820952373805886	0.1639336313827579
0.27466119017830537	0.07752566851963541	0.31945952367653585	0.15989551517709666	0.16845810244842643
0.2242874326454247	0.07081142710698118	0.3229219791400951	0.1719034343746773	0.21007572673282152
0.2732643918216118	0.08970124445046102	0.4307716733441692	0.14237870253569676	0.06388398784806104
0.21230461205136866	0.08648881882348736	0.4337883414339141	0.1266196056563031	0.1407986220349265
0.17246072366398985	0.0754284767864922	0.4866258112462641	0.13790833142338704	0.12757665687986666
0.22428306893828834	0.07106646131033625	0.38600602466257905	0.14510771412609563	0.1735367309627005
0.19602360519897272	0.08437194262077968	0.45328342818385364	0.18234504324282438	0.08397598075356932
0.22312139573611012	0.07452324431526852	0.48428450556022284	0.13865886682484746	0.07941198756355078
0.26032685520462706	0.06366895993522911	0.4004279970824882	0.17874446982717623	0.09683171795047914
0.2603575338140533	0.07161362703839674	0.3514138249734913	0.17156798945363164	0.14504702472042683
0.214969872222601	0.06496247608117714	0.3985254464868663	0.1793862915950414	0.14215591361431398
0.1930013883120502	0.07857283390851925	0.3777017490854683	0.14721164690773514	0.20351238178622696
0.2548917560058957	0.06084361106421424	0.3130114117199269	0.1673592824357053	0.2038939387742576
0.18153380532449098	0.08966830871453309	0.26142966203349227	0.1628869739572506	0.30448124997023285
0.18919850580716374	0.06424729822100272	0.2854230943510795	0.1220220027868233	0.33910909883393053
0.2753032517699524	0.06250800518155772	0.45097469638723914	0.16141875814103457	0.04979528852021589
0.17816948070817668	0.07166379922274368	0.5003657373064241	0.18215785161939194	0.06764313114326345
0.17321317794608354	0.06743637115723408	0.5295836146949031	0.16491974013495475	0.06484709606682423
0.16951798374518387	0.06989612498121192	0.3268185539557977	0.16102113744967156	0.2727461998681348
0.2037544151541476	0.07282884485185237	0.31054328068758635	0.1301888816499823	0.2826845776564311
0.18431474921806063	0.07640097476241306	0.2774341095221623	0.12248462562798508	0.33936554086937865
0.22433676704604347	0.07462813610471442	0.45133814695379215	0.1543209198722503	0.09537603002319942
0.18496476365159265	0.0887832609051665	0.4965845503456057	0.12112148962520894	0.10854593547242594
0.2127036663898323	0.07419493924880499	0.4972279668583188	0.14338297373713896	0.07249045376590466
0.18182674535742946	0.08577067224901332	0.38356920142516127	0.13790725850324548	0.21092612246515025
0.23674451940762853	0.08381023086828968	0.44626364696861587	0.18492714596646714	0.048254456788998534
0.175998911753056	0.07099309600541859	0.37809500136183566	0.135828104835006	0.23908488604468353
0.2713466488535013	0.06326597524084929	0.3947049009181592	0.1813291575640477	0.0893533174234423
0.2716026605959405	0.06844800373183751	0.37073562414574224	0.11713040948540576	0.17208330204107364
0.20657737466784148	0.07557877335717524	0.3907095194368707	0.12539714843841718	0.20173718409969515
0.2221533951837722	0.06162722466298126	0.536663898782771	0.1589362554811165	0.020619225889358772
0.18260901332379412	0.07485174126278546	0.49545389635912834	0.13012599412631837	0.1169593549279735
0.2613158160030949	0.07623995010465878	0.3422545814090636	0.13113299427639893	0.18905665820678347
0.16931104145786557	0.06676836128472904	0.42444228771688	0.1712994680795497	0.16817884146097556
0.236938418044514	0.07301809552270064	0.5371152558937676	0.12989968375522604	0.02302854678379146
0.170531094816412	0.08956683823735903	0.4996494566680961	0.17041642470253138	0.06983618557560123
0.19763818104560704	0.08641694546090269	0.30629363705845847	0.129567165255196	0.2800840711798356
0.23976631279903124	0.08900735035290751	0.34565243175906374	0.14224572712550942	0.18332817796348783
0.23643564499371145	0.06210060438259876	0.34336556453552786	0.18168717332158207	0.17641101276657958
0.20365209480955426	0.09092365143765707	0.3020218553807852	0.17387906689982252	0.2295233314721807
0.21805302358307546	0.07790251890350071	0.33989877708533933	0.15155709317324823	0.21258858725483604
0.17464152211148254	0.07290521111067955	0.3860127990995671	0.11521172724273428	0.25122874043553634
0.2763766081912569	0.08864914386696651	0.3530573685745687	0.15812265763633584	0.12379422173087175
0.18047427348407355	0.06551343805480511	0.476629831167415	0.12928792046378673	0.14809453682991938
0.25805681453048557	0.07112005918487393	0.2676349564053485	0.1371546133731102	0.2660335565061816
0.18707529528983982	0.06016938485494741	0.3112374915566324	0.16438589537388704	0.2771319329246932
0.2045584814981413	0.06892226632244203	0.5213131250013865	0.12234973644390615	0.0828563907341238
0.2558928125647058	0.07161007637946087	0.47821497776035066	0.16998883629388753	0.024293297001594855
0.2573725002503342	0.07746523220704377	0.5034854373491142	0.14772873648852966	0.013948093704977793
0.2254774100941438	0.08354474458341007	0.3633339359818787	0.1837313744525632	0.14391253488800396
0.19718085190664053	0.08471452708275545	0.49586090752645384	0.15186201026546942	0.07038170321868056
0.27161308424836933	0.06956832533835852	0.3753394443771606	0.18271557063101806	0.1007635754050932
0.27476609622190645	0.09093274218064655	0.48234800581699633	0.1197810499447449	0.03217210583570551
0.23679585198318198	0.06871496334089378	0.3842663571667091	0.16143269446414604	0.1487901330450689
0.2739801223332009	0.05814413828394133	0.4770181156342045	0.16871825123387876	0.022139372514774186
0.24016022420250818	0.06858821545536783	0.37197302361496276	0.11415100656761644	0.2051275301595446
0.18760493226689384	0.07202332557664878	0.3834979161092929	0.16821711953906324	0.188656706508101
0.18231125549865468	0.09194454899804597	0.5125752238934718	0.16372178217319566	0.049447189436631706
0.24763816077530015	0.061357908568349884	0.43561905234470766	0.14088156866199994	0.11450330964964206
0.20908242457822726	0.07284989399805203	0.4216894284325336	0.17753243694783521	0.11884581604335163
0.18513483850669563	0.0824725938499978	0.26895599222547484	0.1362416240969581	0.3271949513208734
0.27183046094892527	0.0691188335504789	0.42768115173199417	0.11587966067150154	0.11548989309709988
0.22047467502511184	0.09140271941354111	0.4174807386646606	0.14217435739369927	0.1284675095029869
0.22105251422332742	0.07641970042771956	0.32020646803771413	0.1535539791721495	0.22876733813908912
0.2739663273676636	0.06409904040086303	0.3311800777856053	0.15312230663108592	0.1776322478147819
0.24397034188680053	0.0742991753773879	0.3225552256959697	0.15067968089445688	0.20849557614538475
0.23795647113081556	0.05719000158898385	0.49683361149855243	0.17951391628565694	0.028505999495990947
0.2485445388817973	0.06476514139358899	0.4993669903750556	0.1417650265260468	0.04555830282351103
0.27333878128532046	0.05639782942936494	0.3906869026749468	0.13727116862603136	0.14230531798433613
0.24079967324579832	0.08058803199154002	0.3528717273185882	0.1600194261493884	0.1657211412946848
0.18649141949383785	0.06811527606639897	0.3450614278488169	0.16403044329996852	0.2363014332909776
0.19344786996462354	0.08659176189007348	0.4259495810014695	0.18372607117059797	0.1102847159732353
0.19221513348761568	0.06948631431494293	0.3154132503936811	0.13818540261321216	0.28469989919054783
0.22515268825771448	0.06108617373812594	0.3332344682264905	0.11173207368183305	0.2687945960958358
0.20451098729356595	0.0678576301772581	0.4101037454663589	0.1314167451523358	0.186110891910481
0.22737943037749697	0.08161037475177413	0.4697189915745717	0.1410780679943516	0.08021313530180538
0.23271029607807892	0.07405076622892773	0.46569640288933284	0.14425126699831523	0.08329126780534508
0.19457546521985425	0.05709504561382203	0.5060736264360511	0.18266030404057018	0.059595558689702205
0.18468622067892143	0.06443313173047449	0.5084163329668587	0.16654148792811316	0.07592282669563198
0.20972443050498865	0.08164495786108288	0.32676453112764114	0.13844520791997497	0.24342087258631212
0.2405941836237903	0.09195522183537563	0.3630236727062637	0.18511095187975984	0.11931596995481027
0.1976053544046164	0.060638897281343584	0.4357840158081694	0.13688205036947637	0.16908968213639403
0.271569654574473	0.08260823720806437	0.3948713848977163	0.122181101058636	0.12876962226111008
0.27125598473046425	0.09196994691622909	0.36965455131736147	0.1495616153673712	0.11755790166857374
0.17691613431701259	0.05599056831197208	0.29424678994369313	0.17470465306687086	0.29814185436045115
0.24008737173565486	0.06566422834920782	0.38648128069180976	0.1560276025036455	0.1517395167196818
0.22154413121705688	0.06251546191979562	0.3714241422565917	0.11518880541252019	0.22932745919403535
0.16827639436486774	0.07196239514415365	0.27286271053307465	0.1324804220427917	0.35441807791511204
0.20061111235335036	0.07801571974027949	0.4178363066108859	0.17958083659772556	0.12395602469775847
0.2573503086718092	0.06313014076127718	0.46821863233094635	0.13521171688734696	0.07608920134862004
0.2586088738768437	0.0898301243269935	0.36345383447484125	0.12779654477366822	0.16031062254765302
0.2005837990977292	0.058579385921103344	0.42165014909097787	0.125247385534616	0.19393928035557334
0.22165515008509434	0.09085358324587474	0.37637370787674795	0.12467537336592333	0.1864421854263594
0.22291350836797075	0.07318023336838533	0.5298033323910105	0.15561570997011026	0.018487215902522974
0.22342010114824576	0.08844110160499749	0.5076294810808816	0.11623906596471922	0.06427025020115565
0.20252265293878774	0.06798689636896879	0.28300878076632585	0.1768202929541917	0.2696613769717257
0.2436602112035924	0.07945356488545989	0.403551418800411	0.14251744843865144	0.13081735667188502
0.2504455565322934	0.07195304117527695	0.48331957747780957	0.16670416812318353	0.027577656691436303
0.198082780556105	0.0664035023699325	0.36800455669029786	0.16426405919653142	0.20324510118713296
0.2030604767244999	0.05599431604891045	0.5218442291245379	0.15601101909169618	0.06308995901035538
0.18857523756968472	0.06099794600146485	0.31447569316853985	0.1663306000993799	0.2696205231609305
0.2022639114952556	0.08838814842760233	0.36555798517931337	0.11564348231841207	0.22814647257941634
0.2583800588711339	0.08292708197379016	0.4546857324377566	0.17172670019827554	0.032280426519043504
0.18125411062491784	0.09209864915524947	0.2962167474588153	0.1359034181834694	0.2945270745775478
0.26985704381615105	0.08160304881557512	0.27581582908098745	0.14670464028409871	0.22601943800318736
0.18540693553323256	0.08290692459530659	0.43414176664734455	0.18263949618204126	0.11490487704207482
0.1989655628063274	0.06486104751909136	0.38871084651909704	0.16925596734658985	0.17820657580889415
0.26890354638875374	0.07688140333036435	0.30335148973130577	0.14433358347271263	0.20652997707686319
0.2456967046047577	0.07037363232540908	0.41541505525664857	0.17995757533539394	0.08855703247779041
0.21058739933103418	0.08864955548656674	0.31856288852315273	0.18740861354286475	0.19479154311638136
0.1868812305516924	0.05772697065834123	0.27922630458838593	0.1822150069545848	0.29395048724699546
0.1944134594700384	0.07481445231653933	0.28743600900028254	0.17470279384140405	0.2686332853717355
0.21097215193086857	0.08280443329322479	0.5379728916821707	0.13402069344750378	0.03422982964623206
0.2139837313666602	0.07045179323408926	0.4965124315657795	0.11224780017672183	0.10680424365674901
0.2324334287064339	0.0779432240465399	0.3213980837659809	0.18190656605451377	0.18631869742653132
0.18498431955225061	0.08048362873865218	0.3614691140591151	0.1504669137548032	0.2225960238951787
0.1800910612983363	0.060390361208040866	0.2787742942045417	0.1361145777050874	0.34462970558399353
0.2166014507747235	0.08632509013945341	0.322190136856745	0.1278380203450321	0.24704530188404566
0.19668036085031793	0.08420112008645993	0.32125736177248887	0.16339061122493673	0.23447054606579631
0.205152366642628	0.07929003284369394	0.48591571911663206	0.12070578929202329	0.10893609210502242
0.17078410685157172	0.06237563468864302	0.49018284001534485	0.15595715403800486	0.1207002644064354
0.1737424457786975	0.06504697729752784	0.4017851078965525	0.11687833768543898	0.24254713134178302
0.19910015793416014	0.08912680627709688	0.321782484131352	0.18173286218296034	0.20825768947443044
0.21457387234681968	0.06042869380352209	0.3550965480654038	0.14952479787737	0.22037608790688418
0.23820845359550738	0.06624454853060685	0.31614120095408194	0.18587752060945406	0.19352827631034952
0.23275637601315183	0.07385895662657394	0.3706536674140196	0.138039784169499	0.18469121577675532
0.19835646151311184	0.08031725348316182	0.3818281049746499	0.15984458057880027	0.17965359945027592
0.25154488132139324	0.09016181219327313	0.26835200295415995	0.15076559490106006	0.23917570863011334
0.17109799357742114	0.061102540734839866	0.29836726718414625	0.12061580769848039	0.3488163908051121
0.252129046239965	0.08131609918645476	0.3093963207456084	0.1449271406947445	0.21223139313322703
0.24155616186581025	0.0748304995219072	0.47593821140686726	0.15267965896261054	0.05499546824280452
0.17121202034184543	0.060143134667154374	0.5504083460979903	0.1156433732965626	0.10259312559644712
0.22014151898233786	0.09056854746573434	0.27472860647048264	0.1844655157021915	0.23009581137925347
0.17276216221703344	0.07116987830335136	0.37059404709739246	0.11648949657658056	0.268984415805642
0.2022544455016671	0.08439347649264545	0.42703896157462506	0.12662893497559313	0.15968418145546898
0.25423689439443475	0.058121282989774536	0.27380762984686063	0.183879848579573	0.2299543441893568
0.269655206546385	0.07305553308695178	0.444226443900042	0.16552827992307034	0.047534536543550554
0.20113998866541935	0.0815049729189605	0.48487023692054176	0.14190378981101473	0.09058101168406348
0.18801655911592474	0.07350083015477776	0.5118087614256279	0.16381379862774748	0.06286005067592199
0.20891477621694204	0.0677623080938502	0.26992960679057965	0.18631653273766285	0.26707677616096503
0.2450622696833662	0.08715533115535327	0.4276562467974362	0.1558143949309202	0.08431175743292389
0.18809870185694003	0.06733565128050087	0.44147132099746567	0.18521392362917544	0.11788040223591778
0.20567122331005383	0.06366200811433642	0.2796560346158031	0.12742110833096787	0.32358962562883864
0.21537711798745907	0.06734677232664618	0.511478292033534	0.13929922273949194	0.06649859491286852
0.26182702897847576	0.08691620261792074	0.44396207996110537	0.16213435940220497	0.04516032904029288
0.22360216918223566	0.062363409134798764	0.43494731484867266	0.12874489851271942	0.15034220832157327
0.1982356992464653	0.06783671308244762	0.52311973704697	0.12189038414620508	0.08891746647791185
0.17160222437216494	0.08200801834013646	0.4900295963241617	0.17254557673023543	0.08381458423330126
0.18940397971047707	0.07968675423888491	0.5251615033422938	0.16523383038977735	0.04051393231856673
0.248478576170899	0.08129910152318098	0.28799137001117975	0.148925005973466	0.233305946321274
0.27374362795044305	0.06975997817747473	0.42054946031958046	0.1852730398452605	0.05067389370724101
0.16841012160470997	0.08226717096887018	0.28397546616430913	0.15360179955771844	0.31174544170439206
0.19322392503394265	0.05924776691728589	0.3095206676912519	0.11886561524533022	0.3191420251121891
0.2389786341692896	0.07799083394954603	0.3023175908518431	0.17633849951936706	0.20437444150995393
0.1999436287662739	0.08378220073342603	0.4969324937382107	0.17191652335526436	0.04742515340682482
0.27047866078497595	0.056832023131651616	0.3452162515057466	0.1782880974736975	0.149184967103928
0.17963145573800407	0.07134088696349614	0.2890968936428996	0.11894326265812234	0.34098750099747765
0.1915016141165332	0.0669834876162908	0.2948132648449457	0.1414324865622041	0.30526914686002593
0.25811746687623743	0.06898809511343224	0.3002825623640002	0.1341275295952295	0.23848434605110033
0.22067692220243632	0.06522273741354637	0.3290011319704983	0.1207181927350106	0.26438101567850825
0.20966955186216407	0.07275334252242543	0.461981228619363	0.11449294640140663	0.14110293059464057
0.2745793633672818	0.06173801735555462	0.2964153111585982	0.16681820663704464	0.20044910148152048
0.2542658241732104	0.0865957140689284	0.29507519087598577	0.16459655544008964	0.19946671544178557
0.19323328824444944	0.08685112944783188	0.5181626353625167	0.12734882541268266	0.07440412153251902
0.19363042147127232	0.08350745480391895	0.49474574698969115	0.1353295820536185	0.09278679468149892
0.2595328390959511	0.06215462795465679	0.39077653084315467	0.13934719209052135	0.14818881001571582
0.2634134803846744	0.08009684784909869	0.29927816932864204	0.15116872758477276	0.2060427748528119
0.2583755235211573	0.09166386616663189	0.33781162684059607	0.12576553680775998	0.18638344666385456
0.22121730675406126	0.060560232243399015	0.5313136827732059	0.1564843677148402	0.03042441051449335
0.2325524591297406	0.08791021097308299	0.3604468694869722	0.1474725563288441	0.17161790408135988
0.19030710935067235	0.082679950359686	0.36450084591535364	0.14289202932192147	0.21962006505236636
0.23078038527234834	0.07318987574735106	0.3079826560478912	0.18055034918995813	0.20749673374245103
0.20572153309478555	0.07577427536424661	0.3624435477484793	0.13803984247270523	0.21802080131978308
0.235950439017947	0.061950190749341605	0.5514666528746162	0.11820940930655818	0.03242330805153679
0.24918049601895084	0.06377009947987183	0.4463613436350814	0.16182980341481323	0.07885825745128243
0.2242028126746397	0.05837332790496741	0.2888033459465495	0.15952026474376413	0.26910024873007904
0.17118832667035794	0.05919641259151359	0.4124793719719514	0.11709838147428907	0.2400375072918878
0.17714690278145642	0.07540243672003077	0.5501963886641434	0.1511193347492317	0.04613493708513752
0.2624279222403393	0.07975015693958375	0.27026721914095864	0.1499956720066575	0.23755902967246056
0.20025238422788422	0.06674489307344275	0.38238639777367733	0.13760883126854986	0.21300749365644558
0.24976307364900063	0.0818994159217598	0.49620529780103484	0.11479326715461306	0.05733894547359142
0.21226930091504378	0.06214257977925261	0.35968577260952345	0.1561978839905185	0.20970446270566143
0.26774725505802127	0.06185995887597748	0.26112442463523455	0.11251428650890133	0.2967540749218651
0.16944338243502138	0.05679527274346502	0.2910318178987933	0.15606196915301523	0.3266675577697049
0.26379493917106195	0.08690504891178809	0.28592573899893475	0.12252894750889443	0.24084532540932052
0.21271163636042728	0.07654194440838497	0.2915853752530473	0.1447315953695991	0.2744294486085411
0.1800523532935545	0.07021436026860836	0.34779268212576475	0.14823861613037398	0.2537019881816982
0.2144731087795938	0.07860522758028379	0.2979440283871359	0.16358131650502444	0.2453963187479618
0.1847206976478641	0.08599580178644958	0.33510427184772307	0.14744566353230615	0.24673356518565692
0.19948160763860298	0.08125176374983313	0.301477554084439	0.11205608246363062	0.305732992063494
0.19775936244078768	0.09163780505628775	0.3534829581546018	0.16422774513894556	0.19289212920937698
0.27532703059185626	0.07429412170472627	0.3918757580794209	0.18461165373082178	0.07389143589317448
0.17931998848434003	0.07995329329839973	0.5247670532265231	0.15710244316907768	0.058857221821659284
0.22253859302218798	0.05784141742999793	0.533640232243821	0.1220019382337325	0.06397781907026046
0.24327568451310538	0.0597905051913771	0.4761259626981072	0.18134272852146877	0.0394651190759413
0.212717413131015	0.07472251835415689	0.4976957746519146	0.18095672899083484	0.03390756487207844
0.2094410294525308	0.08554934071860322	0.5099305857879523	0.15196431153122858	0.04311473250968492
0.2326382112090325	0.07434136435847358	0.3230023915376553	0.11517224109353641	0.254845791801302
0.1744806935549689	0.07327947806449289	0.35662754578465494	0.17653736559246241	0.2190749170034207
0.21216809562589406	0.06078546498839782	0.46273426596483913	0.12374492935153701	0.14056724406933171
0.23222805204416863	0.09080521206030509	0.4931042381685411	0.11200987733507384	0.07185262039191109
0.19360292894458264	0.08867586180724334	0.4312038361114723	0.11439500397068787	0.17212236916601364
0.17180857488809725	0.08127980496203027	0.5030609317979595	0.11661111831842613	0.12723957003348665
0.1741918644835202	0.06892158490512093	0.334122830543817	0.18551514135863625	0.23724857870890542
0.1904318750865962	0.0906305060055984	0.3954006116941917	0.13431258614238112	0.18922442107123236
0.17223637909293382	0.07015427075436148	0.38592704772368247	0.16771313873818144	0.20396916369084053
0.16753418795573663	0.07812525663326782	0.5026131519314692	0.16245399088524462	0.08927341259428152
0.18231448891738675	0.08358543166108671	0.4812893268618417	0.17719277054705992	0.07561798201262473
0.18206467234683604	0.09236800338923742	0.41571818026959484	0.17428362173375242	0.13556552226057905
0.17116409790728476	0.05671426339243951	0.26854070594223156	0.14136539268184936	0.3622155400761946
0.21289393651664515	0.06907648528783228	0.46848455061871946	0.14932004814707073	0.10022497942973216
0.2526747859439878	0.06785315279387569	0.41839367357792967	0.13243453667387098	0.12864385101033568
0.1869965380916866	0.062142405731601236	0.36495513463141566	0.14466586389462724	0.24124005765066908
0.26092991053810766	0.06915106017143108	0.5350620565122792	0.1181845937298481	0.016672379048333796
0.26309345854001065	0.06640011536445461	0.5314797678390111	0.11208928990242925	0.02693736835409402
0.18507673212439696	0.06988707822042192	0.49938294490105023	0.17415245557457637	0.07150078917955432
0.2539835384704011	0.057489252128876844	0.3642380259086223	0.11309529463556511	0.21119388885653442
0.2411167637197968	0.061898852570242385	0.33417915961499667	0.13985803456253368	0.2229471895324302
0.18088831914090497	0.05686607812962932	0.31128243953248735	0.1712206072197603	0.27974255597721787
0.1785705065785455	0.09099759682832002	0.2733946911342491	0.1418471767612408	0.3151900286976444
0.17999347487095935	0.07585894192622857	0.2880159972051369	0.13747609775174288	0.31865548824593215
0.24020511703256048	0.061044063812045884	0.27809657168929824	0.11607728439016578	0.3045769630759294
0.26363928116628577	0.06393370367038029	0.3859579938140035	0.17330189809083454	0.11316712325849564
0.24007031237208623	0.06269177423414732	0.31814288731117185	0.1820582430844725	0.19703678299812186
0.22153167373608995	0.08875720524722083	0.29742600559574617	0.11489598694456396	0.27738912847637887
0.2683471138273559	0.08242764928634527	0.38535409343603566	0.16002924827391668	0.10384189517634623
0.21501854942829865	0.07127634446814504	0.3621081436354157	0.12434111482045314	0.22725584764768722
0.22917864719882358	0.08946221274997719	0.26614010529552423	0.17524771126851316	0.23997132348716163
0.18277327505165436	0.07350137269758694	0.4866344118155928	0.18357427770120666	0.07351666273395902
0.2016315126542784	0.08342207150359097	0.35044980207069426	0.17521718348847728	0.18927943028295885
0.17943765638848969	0.08761218089294034	0.42741353295063944	0.18344535982127363	0.12209126994665669
0.1771445081730318	0.07264314892869786	0.48745504564655945	0.14149794850338557	0.1212593487483251
0.21921875737704977	0.08178510651691163	0.36679937445106725	0.14772759541133285	0.1844691662436383
0.20793297712707404	0.08904137349803107	0.5421138309649004	0.13207777769226053	0.028834040717733767
0.23702082486497353	0.08726845620897233	0.4650192221914725	0.11879058177612059	0.09190091495846077
0.1961547126086049	0.07729796673585555	0.38813262979606145	0.15233530870485956	0.1860793821546183
0.22900803013023868	0.0840919682769217	0.3849818934600705	0.1659020287477333	0.1360160793850356
0.1948106341846978	0.05949797383326766	0.3827780516156016	0.1473833985031136	0.21552994186331914
0.26212248703870883	0.06652193125061581	0.28085154540070795	0.16834064424088746	0.2221633920690797
0.1715089799269304	0.07292680147568079	0.367289203918035	0.15005438134783733	0.2382206333315163
0.18067475776430222	0.05831607626564661	0.31305808889064185	0.1866714185991062	0.26127965848030293
0.22929790564411168	0.06193272105634559	0.33450090419188017	0.12682525673545297	0.24744321237220934
0.1800701293399872	0.06772968420407274	0.4388744938441179	0.15481218553719645	0.15851350707462544
0.24197553600750152	0.08324457584562875	0.4644798385774901	0.18566017281677005	0.02463987675260934
0.24214589635344513	0.08316298047059353	0.4380974452999155	0.1371367649203092	0.09945691295573636
0.24713796580189767	0.07342004879192707	0.5054562035943486	0.14298658265196762	0.030999199159858715
0.20630313803292782	0.05623753316512067	0.40705649373275143	0.17833209609834683	0.15207073897085294
0.21185203995783178	0.08608674478113328	0.34427627560351187	0.17485811175725213	0.18292682790027073
0.2683308421990985	0.06635514422011338	0.379114913716072	0.13208181093665688	0.15411728892805904
0.258277903287557	0.06290194190569562	0.4019987324700819	0.1495634814970215	0.12725794083964373
0.2239653608240062	0.08279042087549188	0.31673304417313264	0.17740810639358703	0.199103067733782
0.24617537191471203	0.06276110742822708	0.4490274753917166	0.1525228083812822	0.08951323688406178
0.2671756414323457	0.06574230518823734	0.3712275248147281	0.15647883587100989	0.13937569269367872
0.23640559834497046	0.06762534672716886	0.38302475231954114	0.1221229186374228	0.1908213839708965
0.22368847007508766	0.0856282068999281	0.31739034026024115	0.18256702129728367	0.19072596146745913
0.20453869411764897	0.06923472133051287	0.3659467491839776	0.11379721937099986	0.2464826159968604
0.2393353338712922	0.08320165390446743	0.331144191921014	0.15493652216368972	0.1913822981395364
0.22072578418197322	0.06651207475538767	0.36841646978893916	0.1422854138096945	0.20206025746400522
0.24015326907012546	0.07075569077930097	0.4723817829728407	0.13474915986029656	0.08196009731743603
0.24028863369384243	0.07554425671918148	0.30899930215652965	0.16335860869588084	0.21180919873456536
0.17381026641343508	0.06774256043690022	0.4852412170757871	0.1647231192528823	0.1084828368209951
0.2063420662309276	0.05637487954895909	0.3406894124581732	0.15066176247191937	0.24593187929002047
0.18169354303541646	0.08373370261257425	0.5340877505733661	0.1506390363967492	0.04984596738189373
0.2655535908260137	0.09229107962694658	0.44657519805006163	0.15157566537364792	0.04400446612332998
0.19128293549299308	0.0905686757463991	0.46008312270752005	0.18505918208354946	0.07300608396953806
0.24305099105408376	0.08309941373452588	0.3626061724687194	0.1734627002728388	0.13778072246983186
0.2593434150701245	0.07276191567685214	0.38542122298983844	0.15480862131984818	0.12766482494333642
0.2444809639328976	0.06778150976968406	0.2972657936510891	0.17846920748944556	0.21200252515688342
0.1997520137451827	0.06382485201073904	0.3978850350742517	0.13642953058646612	0.20210856858336024
0.20237340475624527	0.07066295946729892	0.5226564671982713	0.1772910150674498	0.027016153510734386
0.23300061092929736	0.05995602031382932	0.5127734221418068	0.15453623764103033	0.039733708974035914
0.20768806554441382	0.09153917660038757	0.37008103489686983	0.1304100595798764	0.20028166337845216
0.2017131978741657	0.0784320915135906	0.2793751761906108	0.12338564564501732	0.3170938887766154
0.1851843919010989	0.07430214609424052	0.46177822105866606	0.16471842727567756	0.11401681367031676
0.2239479032214903	0.09126393257438245	0.32244912512346596	0.17968924154952218	0.18264979753113889
0.1703853786754015	0.06258889719901822	0.43911556749307745	0.1652152430401327	0.16269491359236993
0.2744474065712796	0.06866922943617165	0.494163028535686	0.1254733178429581	0.037247017613904365
0.2078802283964642	0.06100334170775101	0.31684410038420807	0.12387766177203068	0.2903946677395458
0.18360520656312515	0.09082972854580065	0.35582431392838954	0.17222495122549517	0.1975157997371893
0.20708109145522827	0.08702886083314601	0.2991541346312828	0.18431370300271288	0.2224222100776298
0.23227567374892896	0.07751152575196364	0.38320362545005865	0.16548500332472085	0.14152417172432763
0.2508733556476107	0.06558691744408526	0.3951271925346606	0.1302153037630125	0.1581972306106307
0.24614194948395224	0.0605425938864092	0.4338023013913469	0.15695934764922811	0.10255380758906332
0.24931614926500395	0.07010347350999774	0.41919222069490214	0.16712697154205589	0.09426118498804008
0.18680388485049532	0.0625640893546045	0.2782148025390604	0.16199554410860156	0.310421679147238
0.25103630361620305	0.0868463926855785	0.37257542150958534	0.13555145547274455	0.15399042671588833
0.2362806802752322	0.0720945396473017	0.42566075612585585	0.18276131655965716	0.08320270739195283
0.2660157778279716	0.0782033145985141	0.3984376066714578	0.16958120858141199	0.08776209232064426
0.17886877052102396	0.058702338585663066	0.41479250767948606	0.13118830643287627	0.21644807678095043
0.2188289022921981	0.07017414015162676	0.2966589818935891	0.185347344367329	0.22899063129525687
0.22924958529544023	0.0764497951681303	0.35627186082795953	0.14265854153627094	0.19537021717219874
0.22538599148604624	0.0765666229667274	0.38120142277244784	0.16695400782350192	0.14989195495127636
0.2159739873244038	0.08623352689195349	0.4287050601365914	0.16821187408308885	0.10087555156396225
0.27259624700076024	0.06833904899379542	0.3392847131589878	0.11611314221715117	0.2036668486293051
0.2561798332972046	0.08993537895384573	0.2967596559443155	0.14257183997514325	0.2145532918294906
0.2684240352383723	0.07565407381325794	0.2805853353276632	0.17242720578694637	0.20290934983375986
0.19699223350752212	0.07677844334289212	0.41010453168652866	0.11641462313650576	0.19971016832655106
0.27298722941725045	0.08536453217775546	0.43743076633099903	0.15886384303434037	0.04535362903965437
0.21110342515234898	0.06361105758314844	0.43033843043998016	0.17554983166780314	0.11939725515671903
0.26295336185706925	0.08015686896572244	0.43735606007842465	0.18375387725197376	0.03577983184680972
0.1674660780640947	0.08665553604951506	0.3398579765389057	0.14096759533824643	0.2650528140092379
0.16748301005504568	0.07386325151140308	0.3101320940522418	0.17457133201552422	0.27395031236578504
0.21471159938710946	0.059692162033767565	0.31624489261489797	0.18356431672269072	0.22578702924153407
0.1877725114041044	0.07014851483508305	0.360947883864582	0.14308524869647365	0.23804584119975666
0.1952648353152039	0.08372855341129924	0.5187952848416089	0.14119303870431116	0.06101828772757656
0.18241040548960125	0.060336800387980366	0.542574512104197	0.1723485358479384	0.042329746170282706
0.2167331210296484	0.0831558449842164	0.2876995722077426	0.15243485510413773	0.25997660667425465
0.2507858042116528	0.0715675894567491	0.27439666639019206	0.11210685300865064	0.29114308693275515
0.21610450505132386	0.09179956244166514	0.26332793206950433	0.13066110156910818	0.29810689886839825
0.1958156170076877	0.06720652694784482	0.362517807883842	0.14357926074825605	0.23088078741236912
0.22478640114238768	0.0797964296381244	0.337162330413395	0.15157127016393887	0.20668356864215384
0.19975076148792387	0.06513073941831005	0.27042256490274524	0.126529489671606	0.33816644451941463
0.2347058273617319	0.0833014496582809	0.2832756759022097	0.1293279453134874	0.2693891017642899
0.2355203430484506	0.08159815178185338	0.5330751539762734	0.13281818601990925	0.016988165173513148
0.2518350769557659	0.08368129630598349	0.26242609892448043	0.17211489660367552	0.22994263121009437
0.2306477584848558	0.06794739838465816	0.34259615289583656	0.11472196432610689	0.2440867259085423
0.2694495323043753	0.08322136684414905	0.45703272938711287	0.1375986217321819	0.05269774973218064
0.1703236249889214	0.07498423866562681	0.5021785081543453	0.16893190965511948	0.08358171853598684
0.17982130732160473	0.06988844925608692	0.5005978929985109	0.1640872598506697	0.08560509057312767
0.2085847392940241	0.09192380468973639	0.3708984865661352	0.16708815387320086	0.16150481557690313
0.26792557577505793	0.06211572557857403	0.4339669059281825	0.1790029368310108	0.05698885588717445
0.18698493109838651	0.07093879167284556	0.5348170669206171	0.17082812270331982	0.03643108760483077
0.26246639602945937	0.0771308869410293	0.30091216554264544	0.11469339986782102	0.24479715161904458
0.17344724722417398	0.0751794185703213	0.536702470231265	0.13747408863537647	0.07719677533886302
0.1687946899078211	0.08381009871649833	0.5017946032847291	0.13395219405616687	0.11164841403478443
0.17317485302647223	0.05952026033902519	0.5572750842660172	0.12368010461780204	0.08634969775068302
0.2299442426375471	0.07301809167751194	0.4885302593282305	0.1496782594748025	0.058829146881907685
0.18801836348158796	0.06550650003949823	0.34056376645349506	0.14655560572581716	0.25935576429960133
0.2257907003108252	0.08586295080895016	0.3819545929385272	0.1239211456108692	0.18247061033082798
0.25285059356300343	0.07319136743689925	0.5174043117334652	0.12461392633359503	0.03193980093303675
0.17563353429226447	0.07886095908872569	0.44749754250330553	0.1517785824378865	0.14622938167781763
0.1968106142158253	0.08129830914394791	0.4185783928391096	0.1448126123031988	0.15850007149791823
0.22558419929608647	0.07820743680169415	0.4840321333471177	0.1291619061958401	0.08301432435926137
0.2136958649719268	0.08560850694323932	0.4016419204069228	0.1517558621538529	0.14729784552405795
0.2612906858843418	0.08124405750991749	0.34677720699210635	0.1471554849904807	0.16353256462315335
0.17377179590046973	0.059620325046911116	0.43594642756827745	0.1422081914753725	0.18845326000896898
0.1858295118337852	0.08583733361523356	0.5344813366339769	0.1267007611118368	0.06715105680516723
0.1734914647191588	0.05686733211308065	0.3052115751261515	0.16211676725117347	0.3023128607904354
0.1723952094325772	0.0757335650452145	0.3648839260192052	0.13868855628467724	0.24829874321832562
0.26275470533005074	0.07742377526789877	0.295140583644304	0.11303273076889485	0.2516482049888514
0.20297474159360956	0.08208341314154559	0.34976065213375085	0.13908060740346917	0.2261005857276246
0.2067905898245978	0.08765385128867009	0.5328901869716036	0.121133561732744	0.0515318101823842
0.2540606853336296	0.058573273474160775	0.4330897802221708	0.17541408305973177	0.07886217791030686
0.24724187812218282	0.08072502448580124	0.5150963773381743	0.1328336033788668	0.024103116674974667
0.27148386446142386	0.06937600200458044	0.4765214425798922	0.1195247746464505	0.06309391630765274
0.2003894642996366	0.0646855500539843	0.47815072363310257	0.11219902879273129	0.14457523322054502
0.2743605776820934	0.06475497411918132	0.2698589484080207	0.18064862434897372	0.21037687544173056
0.2200159934497086	0.07372556548419532	0.3136851290751985	0.1662940735024073	0.22627923848849
0.2712758688913395	0.08340265238303177	0.470910800420871	0.1548262058860145	0.019584472418742976
0.24543183028482596	0.06274825777866638	0.4187170149616276	0.18195994797685658	0.0911429489980232
0.22965986526761553	0.06877405452725188	0.39489205699898755	0.17038397934912394	0.13629004385702093
0.19203198050101955	0.07701043333720418	0.2778190832506977	0.16270856104775863	0.2904299418633197
0.20783449536724238	0.09047580062254487	0.35312104181814463	0.16040589318454945	0.1881627690075184
0.21574999798587405	0.07497369284595568	0.4618744628043782	0.17855795896281507	0.06884388740097674
0.2745440071624349	0.06903936400057348	0.4802144015218902	0.12093141071324996	0.055270816601851264
0.1990008351931036	0.06958573480829183	0.43418681930792513	0.12407568269059371	0.17315092800008555
0.2614567311495604	0.06658477207117683	0.46675501543848796	0.15078790622106986	0.054415575119704684
0.18162805698690326	0.07248393818471172	0.5382375289783103	0.18619803242863586	0.021452443421438705
0.2686907601239503	0.08223872356630571	0.4006929571378216	0.15521422850136507	0.09316333067055703
0.1972879629066672	0.059387850136331355	0.5367409160206892	0.16532279960699658	0.041260471329315485
0.19953289639942112	0.06210100767536397	0.45658827308372946	0.16505101518837045	0.11672680765311474
0.23779397185606022	0.08059423244188302	0.2636375102942565	0.12986858792721415	0.28810569748058584
0.17787399915624935	0.08775508874835332	0.2752193970883393	0.12212037564109231	0.3370311393659655
0.2199156888853284	0.06743609026989775	0.27004326675113727	0.16693994662540143	0.27566500746823497
0.24840419431632482	0.08560605897324279	0.28440628271579527	0.16939213579974544	0.21219132819489145
0.2300500190300107	0.07390989628618747	0.35851872722485884	0.18240878318506118	0.1551125742738816
