0.29070507757804953	0.38341497679008885	0.32587994563186173
0.2926933006790056	0.38214997479059426	0.32515672453040023
0.29331096671150336	0.38046710546927665	0.32622192781922016
0.2906278992809112	0.3841821840282561	0.3251899166908328
0.2919055635097264	0.37876897245279545	0.32932546403747825
0.29027304456834274	0.383444493864533	0.32628246156712437
0.291494345988958	0.38331719483704707	0.325188459173995
0.29175616547746097	0.3788911734268943	0.3293526610956448
0.2912616381928596	0.37948184969440935	0.32925651211273116
0.29306373913053496	0.37791146394254665	0.3290247969269185
0.2922769817995884	0.3808230706139618	0.32689994758644986
0.29147660932522756	0.3822327009181606	0.32629068975661196
0.2931021389993829	0.3799597082840283	0.32693815271658894
0.29312603702312917	0.3774828390791446	0.32939112389772635
0.290884249655658	0.38225781566753975	0.32685793467680235
0.29066981862249175	0.38219794815819375	0.3271322332193146
0.29250108211330783	0.380372386828096	0.3271265310585963
0.2929973216080135	0.3782859449991124	0.3287167333928742
0.2916916032670876	0.379761445279327	0.32854695145358553
0.2910619691972947	0.3813142486918758	0.32762378211082954
0.29178579087741013	0.38006692073028103	0.3281472883923089
0.2913520250785821	0.38351573655179083	0.3251322383696272
0.29345410567209684	0.38112371878650697	0.3254221755413963
0.2911909607500259	0.379786647158747	0.3290223920912272
0.29303734653374247	0.38191224046517314	0.3250504130010845
0.29150285745532784	0.3815834848289431	0.32691365771572917
0.2934459161225349	0.3778769817579363	0.3286771021195289
0.2908256341726594	0.38389111791512864	0.32528324791221214
0.29109020002077013	0.3825556506868739	0.326354149292356
0.29284150620579974	0.38015477648164514	0.32700371731255523
0.2914912001385108	0.3822311330181285	0.3262776668433608
0.29061243592485436	0.3831980916298859	0.32618947244525986
0.2929153681212883	0.38073418688901045	0.32635044498970134
0.29026658028719504	0.3832426420072629	0.3264907777055422
0.29185681106975647	0.3802296182245167	0.32791357070572696
0.2924162640109179	0.3821289141788637	0.32545482181021845
0.29047023050077564	0.381301481774481	0.3282282877247435
0.29093677887519503	0.3802568660382091	0.328806355086596
0.2909782086289265	0.3819298400500926	0.327091951320981
0.29038502929727505	0.3834045784715126	0.32621039223121245
0.29118706244452697	0.3803823708950584	0.3284305666604148
0.2915253216951774	0.37933012723980813	0.32914455106501456
0.29139888038085215	0.38230843837140116	0.32629268124774685
0.29049468691675984	0.3831109968426868	0.32639431624055354
0.2909116172046476	0.3821269584311462	0.32696142436420633
0.2928782645243057	0.37761277033925883	0.32950896513643557
0.290435217551885	0.38113461943692717	0.3284301630111879
0.2920873643364723	0.3817159291359633	0.3261967065275645
0.29145740639535017	0.37961422332731054	0.32892837027733934
0.29134194133540336	0.3794954290097281	0.32916262965486864
0.2925364703653309	0.38106032394616396	0.3264032056885052
0.29121554383992193	0.38184282267875586	0.3269416334813223
0.2922422596760229	0.38235824666664964	0.32539949365732757
0.29129131480329595	0.38356257702784935	0.32514610816885486
0.2901847079477574	0.3838969215164088	0.3259183705358339
0.29176620163813166	0.37881752008456193	0.32941627827730646
0.29082813706557126	0.38043755965227505	0.3287343032821538
0.2905722821624314	0.38260932650219065	0.32681839133537804
0.29278894251665094	0.3806439927352232	0.32656706474812597
0.29064184969552764	0.38364154350792323	0.32571660679654924
0.2930418109848164	0.3814658964379192	0.32549229257726453
0.29095679855079687	0.3822862744383323	0.32675692701087095
0.2934173345265584	0.3796989882258661	0.32688367724757567
0.29037799909012596	0.3822296157941646	0.32739238511570956
0.29136755198226616	0.37913427891188045	0.32949816910585356
0.2904934033206395	0.38404827216422915	0.32545832451513146
0.2909694719470549	0.38073291085324973	0.32829761719969547
0.291100831066875	0.3803987385603472	0.3285004303727779
0.2928744732149255	0.3797675508959835	0.3273579758890911
0.29267178436100955	0.3786842043071061	0.3286440113318845
0.2920742399260413	0.38136217052812815	0.32656358954583065
0.2912456084829495	0.38180501748045426	0.32694937403659635
0.2904026008121371	0.3816626329057945	0.3279347662820685
0.2930276860182196	0.38048250956981006	0.32648980441197045
0.29183811941691556	0.38059083778749103	0.3275710427955935
0.29114422231643194	0.3803579456382255	0.32849783204534266
0.29173331166288136	0.38211506676302875	0.32615162157408994
0.29232284748773985	0.3781255737117476	0.3295515788005127
0.29305844511963053	0.38110375557122034	0.32583779930914925
0.2917143166488043	0.38060760403467364	0.32767807931652215
0.29253076403586026	0.3789500055192885	0.3285192304448514
0.2905448049187787	0.38212086444307725	0.32733433063814416
0.29247223527855826	0.37903563053491407	0.3284921341865278
0.2910662142389031	0.3808033099555021	0.32813047580559485
0.2925904403057784	0.3781665783593567	0.32924298133486496
0.2916434691295038	0.38305944127042785	0.3252970896000685
0.290610747892781	0.3801974135160922	0.32919183859112683
0.2905900270820975	0.38153993145296305	0.3278700414649396
0.292713354162239	0.3822247694229284	0.32506187641483275
0.29295283434902186	0.3806520740034583	0.32639509164751995
0.29140415514540974	0.382515888654704	0.3260799561998864
0.2909226586006615	0.38362164495641593	0.32545569644292266
0.2916503467898055	0.37876435715593004	0.32958529605426456
0.29060640159756645	0.38022731492675094	0.3291662834756827
0.29084326411070605	0.38340335974869905	0.325753376140595
0.2909612818485261	0.3806838307929781	0.32835488735849594
0.2904781935086226	0.3826003877264933	0.32692141876488423
0.29104470500913376	0.3839327765784277	0.3250225184124386
0.29258850126130664	0.37925520245387445	0.32815629628481907
0.2930840678626683	0.37936905381257635	0.3275468783247555
0.2904516476034759	0.38142321487599007	0.3281251375205342
0.29282989733946396	0.38160482118379246	0.3255652814767437
0.2934833493151893	0.3793184592251609	0.3271981914596499
0.29318539183492737	0.3774461068389862	0.3293685013260865
0.2920831414920469	0.380360524711441	0.3275563337965122
0.29119757467282614	0.382502203457197	0.326300221869977
0.2917191345014049	0.3820281067413947	0.3262527587572005
0.29229500930297814	0.37901536991715984	0.32868962077986213
0.29167954239393795	0.38166175662107515	0.326658700984987
0.293412568946906	0.38076828261285134	0.32581914844024285
0.29226678472951934	0.37894700471305054	0.32878621055743024
0.29235238501054545	0.3791910436929203	0.3284565712965343
0.2934932353625451	0.37987261160836294	0.32663415302909204
0.2902942466357037	0.38139548968847425	0.3283102636758222
0.29182528083928316	0.38273270778951896	0.32544201137119794
0.2931071699289453	0.38066705869579825	0.32622577137525655
0.29208125059369233	0.37955998724639894	0.32835876215990883
0.29311514990830184	0.3795099344458615	0.32737491564583676
0.29225448214555144	0.38028753301907253	0.32745798483537614
0.2906623846467014	0.38348523035252946	0.3258523850007693
0.2928859857667257	0.38016277763215534	0.326951236601119
0.2925986922429095	0.38022287365385	0.3271784341032406
0.29294932263841766	0.37919849602407296	0.3278521813375095
0.2920666130936591	0.3786873709804694	0.32924601592587166
0.2911554390043384	0.3826071036386566	0.3262374573570052
0.29295624085953653	0.37953875228010253	0.32750500686036105
0.29243336799394765	0.3787178577321334	0.32884877427391906
0.2924474863920413	0.3823280427653468	0.32522447084261197
0.29298174239397334	0.3806817819560117	0.326336475650015
0.2933174507144391	0.378437078008822	0.3282454712767391
0.29074942032667417	0.3839481007786967	0.32530247889462927
0.2934818620845288	0.37879403387715005	0.3277241040383212
0.2904043839158131	0.38393954516630513	0.3256560709178819
0.2914932223083199	0.3790861230642323	0.3294206546274479
0.2921065491758464	0.3804433450564557	0.327450105767698
0.2911966198242536	0.3804182965489774	0.3283850836267691
0.2928346100793645	0.3792418156396277	0.3279235742810079
0.29063936692801884	0.38289005851242036	0.32647057455956097
0.2902278485851265	0.3827780845047033	0.32699406691017024
0.2930375122444795	0.3774835380046411	0.32947894975087955
0.29128153904784654	0.3818388836606195	0.32687957729153405
0.2925372943846865	0.38112143460377845	0.32634127101153515
0.29196131856635754	0.38213698118645206	0.32590170024719056
0.29087701682578776	0.38038529920264275	0.32873768397156966
0.292329172425455	0.3793659564792045	0.3283048710953406
0.29327396371379055	0.37778286373926995	0.3289431725469396
0.2910954823091899	0.3832330323418086	0.32567148534900153
0.29097628449540597	0.37984838767933127	0.3291753278252629
0.29133715222955614	0.3810840797369688	0.3275787680334752
0.29041167360954556	0.384205284857396	0.32538304153305847
0.2927208903822102	0.3818302207730879	0.32544888884470197
0.29046762857232966	0.38207689550108137	0.3274554759265891
0.2934687500392408	0.38150535100330646	0.3250258989574529
0.29013635407836647	0.38426623818904887	0.3255974077325848
0.2922465783434961	0.3781371382630394	0.3296162833934646
0.29307441554028013	0.37898115176768515	0.3279444326920348
0.2936721875021859	0.37796830957089395	0.32835950292692023
0.29253370173909476	0.3809657031630088	0.32650059509789653
0.29369377036088573	0.38003467273471714	0.32627155690439724
0.2935671499555689	0.3793578910705169	0.32707495897391436
0.29048783404948675	0.38166846783494823	0.32784369811556513
0.2914759213648423	0.38285987353280826	0.32566420510234956
0.2928867971953168	0.3783677938091967	0.32874540899548654
0.29280692275102854	0.3785314762277239	0.3286616010212477
0.2936538355835097	0.37817943791552955	0.3281667265009609
0.29315433468889657	0.3794333881775205	0.32741227713358306
0.29171396854007847	0.3809136531447317	0.32737237831518995
0.2930485096462465	0.3811905418888877	0.3257609484648659
0.2934314561664265	0.3782504077614059	0.32831813607216764
0.2928971759932441	0.37809166003646244	0.3290111639702936
0.2905042577799994	0.38057552666300565	0.32892021555699513
0.2912139200466727	0.3836550691106409	0.32513101084268653
0.29328750387466934	0.38147266907769406	0.32523982704763676
0.2905336878982176	0.3806331781641499	0.32883313393763264
0.2923536638652656	0.37904610645830816	0.3286002296764263
0.290984443545813	0.38016888675232097	0.32884666970186616
0.2927263231747239	0.38083096780926506	0.32644270901601113
0.29208708041155196	0.3793484899303214	0.3285644296581267
0.29294299984049865	0.37752759709796513	0.32952940306153633
0.2936089828937223	0.38034899019182594	0.3260420269144519
0.2924624232762635	0.38169869179716953	0.32583888492656704
0.2903790638054398	0.38004786382831823	0.3295730723662421
0.2928057882137068	0.3793446410006349	0.32784957078565835
0.29240632698359914	0.379464374428042	0.328129298588359
0.2927251982634367	0.3815053808937484	0.325769420842815
0.2917674949159427	0.38306530001436	0.3251672050696974
0.29291316948489304	0.3785965867009823	0.32849024381412484
0.29321195198513456	0.37759605236266125	0.3291919956522043
0.2904471636072895	0.38325764800072093	0.3262951883919897
0.29210491802417354	0.38070277544168557	0.327192306534141
0.29024858928831837	0.3842437320822557	0.32550767862942603
0.291416151990058	0.38084937029896454	0.3277344777109776
0.29206111080336533	0.3811194892219313	0.32681939997470344
0.29257295418732443	0.38220441577728714	0.32522263003538854
0.2901221363562753	0.38218142742157835	0.3276964362221465
0.2935362084433464	0.3811617716068908	0.32530201994976293
0.2903243031954097	0.3820766127667751	0.32759908403781524
0.29176163040926817	0.3821016452244364	0.32613672436629554
0.2909163382729318	0.38339709625078455	0.3256865654762838
0.290809645928246	0.38059221547666955	0.3285981385950845
0.2903614456799195	0.3835865454495142	0.3260520088705664
0.29178355589118987	0.3814050748468134	0.32681136926199683
0.29260230479813637	0.37782704640339493	0.3295706487984688
0.29067039095600344	0.38192749553186633	0.32740211351213033
0.29208144967667166	0.3783723305676667	0.32954621975566173
0.2931855119621503	0.3793755541808995	0.3274389338569502
0.2930888082898445	0.3773875847075603	0.3295236070025953
0.293700548749271	0.3789351503934838	0.3273643008572453
0.2907519582538648	0.3799460225137174	0.3293020192324179
0.29031069755887473	0.3804956398949976	0.3291936625461278
0.2906208662919484	0.38177769442956744	0.32760143927848423
0.292397484278167	0.3790914710597568	0.3285110446620763
0.2925432224734756	0.3801356405965505	0.32732113692997405
0.29261003559199594	0.37781276555941706	0.32957719884858716
0.29100682033379943	0.3802876953580003	0.32870548430820046
0.292097870207306	0.38173508287362784	0.3261670469190663
0.2931214765235312	0.37910980382465587	0.32776871965181303
0.2915279244672307	0.382253187479459	0.3262188880533104
0.2917089584511357	0.38214206349027047	0.3261489780585939
0.2920057596767731	0.3808501062153598	0.3271441341078672
0.29212198329998335	0.3795083162351923	0.32836970046482444
0.29210449727588633	0.3790332968481907	0.3288622058759231
0.29292255052433813	0.3788147686505192	0.32826268082514276
0.29161512923507416	0.37960563041415873	0.32877924035076717
0.2914492531606241	0.3822003894145787	0.32635035742479734
0.29023163666680146	0.38149945864480084	0.3282689046883978
0.29286805980055375	0.3806766547069235	0.32645528549252284
0.2907301177850269	0.3826854276730404	0.3265844545419328
0.2934843904518137	0.37776467815371045	0.328750931394476
0.29343219636064743	0.3784337205316907	0.3281340831076619
0.29130013894671686	0.3804769393568488	0.32822292169643447
0.2927605907911129	0.3798636634548548	0.3273757457540325
0.29160886771119543	0.38050608931217306	0.3278850429766316
0.2904911885857161	0.38158769490965394	0.3279211165046301
0.2904578101777517	0.384057943756654	0.32548424606559445
0.2931936766519819	0.3803543167019284	0.3264520066460898
0.29030900900049617	0.38136400171980783	0.3283269892796961
0.2915577519337355	0.3796185604050317	0.3288236876612329
0.29106500748891506	0.38193366893742203	0.327001323573663
0.29196350569973334	0.37933615668420184	0.32870033761606493
0.29018579535748124	0.3835918949058686	0.32622230973665034
0.29249597618222156	0.37920302631404873	0.3283009975037298
0.292202507009256	0.3793497827781419	0.3284477102126023
0.2935027757632877	0.38089576448229245	0.32560145975441995
0.2926214041280212	0.38091975264052924	0.3264588432314497
0.29122417182669363	0.37984002549288093	0.32893580268042555
0.29187244253772243	0.38252359079994297	0.32560396666233477
0.2923487857737987	0.3786759127068772	0.3289753015193242
0.2920103641630377	0.3804750100406742	0.32751462579628826
0.2914474245528862	0.38076760523144404	0.3277849702156699
0.2923119502392656	0.38191892447311	0.32576912528762453
0.29075085142042134	0.3819111047996712	0.32733804377990755
0.29202632295658143	0.3823268520816786	0.3256468249617401
0.2903845029768106	0.3830225809507861	0.3265929160724033
0.291912973141351	0.38093591783517716	0.32715110902347194
0.29179119252759905	0.3815323449967202	0.3266764624756809
0.2930245865088297	0.378822811271915	0.32815260221925535
0.2925206148958314	0.3795841553902057	0.32789522971396295
0.29369297919045856	0.37725043347784915	0.3290565873316924
0.29159364271024835	0.3823076554815189	0.3260987018082329
0.2918596715933443	0.38110473854634885	0.327035589860307
0.29068352102048545	0.3838299036681756	0.32548657531133907
0.29285461509984656	0.37895498144499107	0.3281904034551625
0.2932408150611817	0.37749692747802777	0.32926225746079063
0.29042870204338556	0.3817156357016893	0.3278556622549252
0.2925008710559055	0.3779970025593772	0.3295021263847174
0.29214756793962154	0.37845282345119824	0.32939960860918027
0.29300685181695707	0.3808790734574611	0.32611407472558196
0.2905884421200876	0.38389139211431234	0.32552016576560017
0.29206727577717567	0.38150112084290777	0.32643160337991667
0.29259677314556554	0.37968234421345826	0.3277208826409763
0.2915587610089818	0.37990157423189724	0.32853966475912105
0.2930708451669095	0.38117341508408736	0.3257557397490033
0.2934407830342363	0.3787549719963021	0.3278042449694617
0.2920081722083674	0.37928878774462205	0.3287030400470107
0.2914774335507594	0.3791362070871878	0.32938635936205285
0.2905184600682963	0.3818648010454798	0.327616738886224
0.2930187146709714	0.3788281122040454	0.32815317312498327
0.2916157139332533	0.3815931155928115	0.3267911704739353
0.2920300498850711	0.3793440299718114	0.3286259201431177
0.2916600877661914	0.38219835895897947	0.3261415532748292
0.29209261133572917	0.3818431703480577	0.32606421831621324
0.2936215011582124	0.37818110546038847	0.32819739338139925
0.2923155853401342	0.3801455199824051	0.32753889467746083
0.2928598951591772	0.38172463011100455	0.3254154747298184
0.2914865490805551	0.3812976144682276	0.32721583645121743
0.29344359757894695	0.37756122826344757	0.32899517415760554
0.29217516672027644	0.37909344979039084	0.32873138348933284
0.29246224897375556	0.3797315994029626	0.32780615162328197
0.29154823346968894	0.38242932106065386	0.3260224454696573
0.2927839929974376	0.3809762453032673	0.3262397616992952
0.2915929411528218	0.3806578902415755	0.32774916860560277
0.2929773472382394	0.37738287042100715	0.3296397823407536
0.29337381215705816	0.37733078911239376	0.3292953987305482
0.2931996142653719	0.3797682321131011	0.3270321536215271
0.29178689425693527	0.38049575164484906	0.32771735409821584
0.2901925430531685	0.3842933337845875	0.32551412316224404
0.2928420733930504	0.3816406857629476	0.32551724084400213
0.2935591687864906	0.3803824636464504	0.32605836756705914
0.2909912736759774	0.38324309869013823	0.3257656276338845
0.2904262142530416	0.3812917322702564	0.3282820534767021
0.2922296816249357	0.3791642441788252	0.3286060741962392
0.2929411223550572	0.3815389758468464	0.32551990179809653
0.2910179590360535	0.3809955358339623	0.32798650512998434
0.2913301890333369	0.38007657966275893	0.32859323130390433
0.2917713164272921	0.38122816451006636	0.3270005190626417
0.29111755833126834	0.38307745144734684	0.3258049902213849
0.292814720925729	0.3789836640689514	0.3282016150053197
0.29220607782130786	0.3805008179022376	0.32729310427645464
0.29180601077004026	0.38217490378999575	0.3260190854399641
0.29127610089983874	0.37987016211645214	0.3288537369837093
0.29372902165641	0.3781585921932242	0.3281123861503659
0.2905402261539327	0.3832924984651114	0.326167275380956
0.2922003644439827	0.37940985778051817	0.3283897777754992
0.2905260738531805	0.3836819664220976	0.32579195972472197
0.2923406611813094	0.3788979649660675	0.3287613738526232
0.2911868257320683	0.38281136370549573	0.3260018105624361
0.293544660090956	0.3788990258831597	0.3275563140258845
0.2917703320372715	0.37878650823382587	0.32944315972890276
0.29013759218677315	0.38028931749472195	0.32957309031850507
0.2910620918046528	0.3805061848649639	0.32843172333038345
0.2919867991332413	0.3812706569093297	0.3267425439574291
0.292233083991679	0.3813790753783578	0.3263878406299633
0.29056042404354054	0.3808349861194919	0.32860458983696766
0.2918648520116347	0.3824901786811171	0.3256449693072483
0.2931099718742747	0.3778467271748501	0.3290433009508753
0.2935562920516276	0.37830933816720896	0.32813436978116356
0.2925360286091392	0.38167497354468655	0.3257889978461744
0.2932598372752862	0.37935366887766453	0.3273864938470494
0.29331740061903394	0.38058528598756314	0.32609731339340303
0.2919714661735446	0.3796373993095133	0.32839113451694224
0.29312839066793456	0.3777781407953776	0.32909346853668797
0.29072601130272885	0.38237171909157863	0.3269022696056926
0.2908905699184617	0.3817589194513644	0.32735051063017395
0.29067517999760323	0.38388385533914193	0.3254409646632549
0.29132275773912863	0.3822367431226464	0.3264404991382251
0.29276744941159066	0.3814504139958777	0.32578213659253175
0.29209457208158485	0.3806553532941135	0.3272500746243017
0.29061974865354717	0.3802876517027483	0.3290925996437047
0.293206584286168	0.3781835252913948	0.32860989042243727
0.2912092570825174	0.3826601544976345	0.3261305884198482
0.29024682257864576	0.3841704162937247	0.3255827611276297
0.2911152634238676	0.38193393636064776	0.3269508002154847
0.2903131790715519	0.38388028074003205	0.32580654018841615
0.29120055383653365	0.38206877602751965	0.3267306701359468
0.29145264423284833	0.3789263742281997	0.3296209815389521
0.2927804097020079	0.3793137846703428	0.32790580562764937
0.2934353852653832	0.3809786749355825	0.3255859397990344
0.29302074594712785	0.38153721642219884	0.3254420376306734
0.29122481018917434	0.38156099046898984	0.32721419934183593
0.2912154615811532	0.38127349417385936	0.32751104424498756
0.2925737796861621	0.38199498296901385	0.32543123734482415
0.29371165025149704	0.3786172525078174	0.32767109724068566
0.2927243304502627	0.38083563854505575	0.3264400310046817
0.2922814133452415	0.3802190668202813	0.32749951983447734
0.29040495386562865	0.3838026185300313	0.32579242760434024
0.2909231498732552	0.3812401334222075	0.3278367167045375
0.29324260310752087	0.37775736218600686	0.3290000347064724
0.2903720228917276	0.380896720048707	0.3287312570595655
0.29085015414042126	0.38298603425392164	0.3261638116056572
0.2910418469934502	0.3815794957960289	0.327378657210521
0.2906298084453635	0.3798475302012668	0.3295226613533698
0.29211549863909647	0.3804369291436221	0.3274475722172816
0.2935022618643357	0.37996350124678	0.32653423688888444
0.29166482436396707	0.38120357276404104	0.327131602871992
0.2931546008912215	0.378007504232224	0.3288378948765547
0.290497718514544	0.3817506814602345	0.3277516000252216
0.2916660445759563	0.38017121295838396	0.32816274246565985
0.2921164693479667	0.38215390765971596	0.3257296229923175
0.2930768520649809	0.3810790979710631	0.32584404996395616
0.2916499285018198	0.38021538415300177	0.32813468734517853
0.2932737033055805	0.3800644428732281	0.3266618538211915
0.29334465295194195	0.37723906640014826	0.3294162806479099
0.2912210190354015	0.37940846756776536	0.3293705133968332
0.29101509416307103	0.3838667091699252	0.32511819666700387
0.29052954218132704	0.38024273664941927	0.3292277211692538
0.29162892607256247	0.3795942478165258	0.3287768261109118
0.2926513721906637	0.3782624517571616	0.32908617605217483
0.29185803254543163	0.3822119279914153	0.32593003946315313
0.2918180542096967	0.38210856562543727	0.3260733801648661
0.2926368388908137	0.38212182710633114	0.3252413340028553
0.29345110542487995	0.38122361248654424	0.3253252820885759
0.29047241470374663	0.38381184362155224	0.32571574167470124
0.2904437703999841	0.38042228350178914	0.3291339460982269
0.2935696154254062	0.378895188470305	0.3275351961042889
0.291242171181412	0.38164710385935774	0.32711072495923044
0.2928516503521595	0.3813733663046358	0.3257749833432048
0.29054738421520016	0.3812766532708911	0.32817596251390885
0.2901472823225893	0.3804529265279767	0.32939979114943413
0.2903195505876449	0.38223859958935824	0.32744184982299696
0.2933939692239432	0.3815160608404866	0.32508996993557027
0.29355743829087827	0.3778213243860188	0.328621237323103
0.2934734845115855	0.37876153153079734	0.3277649839576173
0.2934180056914275	0.3815361062140661	0.3250458880945065
0.29340732859647484	0.37992337039996993	0.32666930100355535
0.2906523009001576	0.3812908169685954	0.3280568821312471
0.292921125621169	0.3814770349962339	0.3256018393825972
0.2913541821889806	0.3804163456909635	0.328229472120056
0.2923514788141863	0.38085026754351997	0.3267982536422938
0.2904286064881679	0.3843361732750949	0.32523522023673734
0.29098119565354563	0.3830266309144646	0.32599217343198983
0.29220048952871613	0.37910508115116365	0.32869442932012033
0.2927658843568341	0.3812078330063171	0.32602628263684885
0.2924487394620806	0.3801166784344291	0.3274345821034904
0.29314279836176244	0.3806188311659882	0.32623837047224946
0.2902133801004478	0.3809128091376063	0.32887381076194605
0.2927546132701422	0.3800137890406643	0.32723159768919363
0.29148477834482633	0.38066875778063786	0.3278464638745359
0.2909983136936058	0.38329625920090515	0.3257054271054891
0.29282662816834676	0.3793124288807461	0.32786094295090723
0.2904406720827499	0.3835648887156158	0.32599443920163446
0.29089399083187206	0.38012029160800576	0.32898571756012224
0.2913060701285538	0.37952005071462946	0.32917387915681684
0.29164763357889684	0.38129368455307844	0.32705868186802484
0.29070797965656525	0.38276307766142587	0.326528942682009
0.2915055380106435	0.38247753418705666	0.32601692780229996
0.29124930513536323	0.37938950022251394	0.329361194642123
0.29239318883465043	0.38231787826907315	0.32528893289627653
0.29142339078129537	0.3802174322403129	0.32835917697839184
0.29187636012904306	0.382149846648712	0.32597379322224507
0.29299117738349106	0.3783204002597116	0.32868842235679746
0.29370944534837723	0.37858516852289675	0.32770538612872613
0.29183534905485287	0.38254425004641857	0.32562040089872873
0.29218922089427596	0.38038590669202516	0.327424872413699
0.2919973722852109	0.38143596813753866	0.32656665957725056
0.2920620203596483	0.38031582982824813	0.3276221498121037
0.29151203263485814	0.3817564109272813	0.32673155643786067
0.2912711257537209	0.3807271635993206	0.32800171064695866
0.29274897783289894	0.38062382349288965	0.3266271986742115
0.2909494123457852	0.3794921031506781	0.3295584845035368
0.29117586793706707	0.3837397576218441	0.32508437444108895
0.29264214801818234	0.3819658020052881	0.3253920499765297
0.2929504792310456	0.3786127491083541	0.3284367716606004
0.29346403248222375	0.3785052573172162	0.3280307102005602
0.2932223454159928	0.3814954280050114	0.3252822265789959
0.2908530969190394	0.38411126987470984	0.3250356332062509
0.29059660383077973	0.38349814010002387	0.32590525606919646
0.2927851928767367	0.37901517239699745	0.32819963472626595
0.29286771408636647	0.37779881677510757	0.32933346913852607
0.29196729625688655	0.38258487755379655	0.325447826189317
0.290595371049651	0.3807327062325858	0.32867192271776335
0.29128007485675944	0.38169979037713436	0.3270201347661063
0.29075065656080695	0.3806848809251798	0.32856446251401333
0.2917555156480406	0.3826444250716177	0.3256000592803418
0.2907124202666963	0.380356282343466	0.32893129738983773
0.29091347512973553	0.37982536571126846	0.3292611591589962
0.2920508994774385	0.37883349321678644	0.32911560730577516
0.29226143385626496	0.3797887142979254	0.32794985184580977
0.29133406084355257	0.3796544137347176	0.32901152542172996
0.29308950577984305	0.38097360898379645	0.32593688523636055
0.2920090307378467	0.3785253609595024	0.329465608302651
0.29154703746579136	0.37966250294863524	0.32879045958557357
0.2933523829796304	0.3798329492922304	0.32681466772813933
0.29058761041863984	0.38201229214867105	0.3274000974326892
0.2903434279692938	0.38364854472784715	0.32600802730285916
0.2920102164801956	0.38174176071918214	0.3262480228006224
0.2926146529978359	0.37806181542132816	0.329323531580836
0.29168778144360946	0.38288157761823094	0.3254306409381597
0.2910209301274027	0.38211567686646536	0.32686339300613204
0.29080938877796986	0.3825063586606804	0.32668425256134986
0.2919054621616735	0.3815101278342179	0.32658441000410876
0.2915559409072739	0.3824427331664332	0.32600132592629305
0.2914178467029482	0.38154706543008504	0.32703508786696683
0.2908274038300835	0.38255538732724226	0.32661720884267437
0.2930866893234153	0.3799671220628187	0.3269461886137661
0.29157552343722193	0.38000314156193893	0.3284213350008393
0.29094765505996717	0.38312490871527755	0.3259274362247554
0.2907148038149031	0.381528844452688	0.327756351732409
0.29311634246894436	0.38174258011584766	0.3251410774152081
0.29356972989507085	0.381027728015676	0.3254025420892533
0.2913054217351406	0.3794325411712195	0.32926203709364
0.29311217737453865	0.3775092603534071	0.32937856227205436
0.29283264292983713	0.37890853971246224	0.32825881735770074
0.29201461763560477	0.3823431798579079	0.32564220250648745
0.2915987619687028	0.38282680119764084	0.3255744368336565
0.2928102511401467	0.3805040899827072	0.32668565887714623
0.29180237030616596	0.38297027223457697	0.3252273574592572
0.29219500578147134	0.3800920171718902	0.32771297704663854
0.29072087936801944	0.3797293003243125	0.32954982030766816
0.2919818305786497	0.3789231882307268	0.32909498119062364
0.29185185201432334	0.38242143080161345	0.3257267171840633
0.29017365292192054	0.3834220550240562	0.3264042920540234
0.2920621198963872	0.37866337401665995	0.3292745060869529
0.29200206302282644	0.3821818456115719	0.32581609136560175
0.29126051219759586	0.38025743163087283	0.3284820561715314
0.29154855214053793	0.3824320033603096	0.32601944449915266
0.29244097767682403	0.38218208746097443	0.3253769348622017
0.29086898283610085	0.3827340987468427	0.32639691841705654
0.2930020252217557	0.38097653486491223	0.32602143991333216
0.2927007683690726	0.38006528621248997	0.32723394541843753
0.29130479635808376	0.38179332063257637	0.32690188300934
0.29141412648713	0.3799768924806358	0.3286089810322343
0.29203954466813054	0.38280562091053494	0.32515483442133464
0.2903951354324507	0.3814697062693353	0.32813515829821405
0.2928881515181726	0.37880462705581375	0.32830722142601376
0.29364486006355084	0.3790085568392543	0.32734658309719505
0.29193226138466644	0.3828817714362882	0.32518596717904547
0.2915684134304175	0.38238635276123956	0.3260452338083431
0.29266375027133046	0.37800991524301303	0.3293263344856567
0.2931839666217181	0.3801560472876047	0.3266599860906773
0.2917879995232041	0.38087071037035103	0.327341290106445
0.29198406988129805	0.3814653167401811	0.326550613378521
0.291363207027699	0.38019880486368407	0.328437988108617
0.2905910896492005	0.3803612911520093	0.32904761919879033
0.2909263954549678	0.3827560088596634	0.326317595685369
0.2913494040739842	0.38094143202810055	0.3277091638979154
0.29331952024813734	0.38108490397848527	0.3255955757733775
0.2915587090437453	0.3834059533343046	0.32503533762195014
0.29047636825022133	0.3841081836203544	0.3254154481294244
0.29239631525936577	0.38162524829095545	0.3259784364496789
0.2909072434101019	0.381631613797177	0.32746114279272115
0.2909198345822	0.3835745596884149	0.3255056057293852
0.2907295798758257	0.37991226095679814	0.3293581591673763
0.2921870241155204	0.3803141315981765	0.3274988442863032
0.2935877355054349	0.3779576801168046	0.32845458437776065
0.290638523241018	0.3835062116979049	0.3258552650610772
0.29054870279165684	0.380818412340886	0.3286328848674573
0.290911427602804	0.37985026490751084	0.3292383074896853
0.2912307377486551	0.38030855436216177	0.32846070788918325
0.2915830938876854	0.3802671118818476	0.32814979423046714
0.29200603673404224	0.3826837108311612	0.32531025243479667
0.2911324204931539	0.38358549019672317	0.325282089310123
0.2917333776658483	0.3812789393442445	0.3269876829899073
0.29284598995668976	0.37994597709090705	0.3272080329524033
0.2906839494979922	0.3837894489645108	0.3255266015374972
0.2934067672962939	0.38088505624503144	0.3257081764586748
0.29164539971203474	0.3797034341773801	0.32865116611058526
0.29071111168439223	0.38185821211255655	0.3274306762030514
0.2902326669397817	0.38329820539209825	0.32646912766812014
0.29088907506325473	0.3808881529533593	0.32822277198338606
0.29157356946155766	0.3829209021753015	0.325505528363141
0.29233521199892565	0.37906087718263315	0.3286039108184413
0.29042543290788847	0.38220504994021537	0.32736951715189627
0.29328775968413745	0.3809601697647008	0.32575207055116184
0.2934172032205679	0.37953742347714736	0.32704537330228484
0.29186410668751794	0.3813501572251797	0.3267857360873025
0.29236604830185126	0.380001209136444	0.3276327425617049
0.2929416155208517	0.380301353576167	0.32675703090298147
0.29216927438294465	0.3796722811646827	0.32815844445237274
0.2901820629645125	0.38160741679282223	0.3282105202426654
0.2922053159880325	0.3810721587839919	0.3267225252279757
0.29142799983377476	0.38255927073624724	0.3260127294299781
0.2929554263441079	0.38150940642929293	0.32553516722659925
0.2904023920077228	0.38303459847995236	0.32656300951232503
0.29090645001873583	0.3817440904330636	0.3273494595482006
0.2915072913381045	0.38219555257974697	0.32629715608214865
0.29070302700821554	0.3840444625374661	0.32525251045431847
0.29224753931889036	0.37881801191672887	0.3289344487643809
0.29116209890941613	0.3825763174820397	0.32626158360854435
0.29325204158252044	0.37854460465474526	0.3282033537627344
0.2932626135668083	0.3795214964886185	0.32721588994457335
0.29081315791103884	0.3840009283750655	0.32518591371389577
0.2903125722410687	0.38196142047966375	0.32772600727926765
0.29083052779463475	0.38051760453072786	0.3286518676746375
0.2906764924552591	0.3838210289082697	0.3255024786364713
0.29370193072814954	0.3807807802551078	0.32551728901674276
0.29034505722228066	0.3835649573807757	0.3260899853969437
0.2902609492474842	0.3811222245401552	0.3286168262123607
0.292691070788285	0.38102597576954056	0.32628295344217456
0.2937177306859827	0.3784803488025881	0.3278019205114293
0.2904259187254397	0.3812725501832139	0.3283015310913465
0.2934767560317417	0.3792717112180015	0.3272515327502568
0.2917160905214003	0.3812383198354291	0.3270455896431707
0.29215668845850606	0.3818357213593221	0.326007590182172
0.29016739384083284	0.38073543899244205	0.3290971671667252
0.2901314831924634	0.38270705658266485	0.32716146022487186
0.2924883039280448	0.38131555374557946	0.3261961423263759
0.2905022473658552	0.3833676605473354	0.32613009208680943
0.29311085653144453	0.3800594317002876	0.32682971176826797
0.2913070967990833	0.38169707371563044	0.3269958294852863
0.29094861147695394	0.3827818576464974	0.3262695308765488
0.29029466530874	0.3823745381778604	0.3273307965133997
0.29154288335567086	0.3811203658596312	0.32733675078469804
0.2912922646794397	0.383121943868403	0.32558579145215744
0.2923643723882019	0.3804713458013403	0.32716428181045787
0.2913410695958955	0.3826325575945607	0.3260263728095439
0.2928724213946274	0.3782832113591308	0.328844367246242
0.2925565501820433	0.37830346748354465	0.32913998233441216
0.292207865174998	0.38134596746597044	0.32644616735903165
0.29249444927899326	0.38152760635800137	0.3259779443630055
0.29022602313660284	0.3831370613109952	0.32663691555240215
0.2903902555838631	0.38160493808496443	0.32800480633117257
0.29028546572220915	0.38003107223019145	0.3296834620475995
0.29266755338484385	0.37945076859924143	0.3278816780159148
0.290829427945499	0.38356380349533836	0.32560676855916276
0.29301676428866597	0.378138590281881	0.32884464542945313
0.292051607054588	0.3791184589467955	0.3288299339986166
0.2926384900531572	0.37843022575173246	0.32893128419511053
0.2903624862567074	0.38082177413193474	0.32881573961135796
0.2916539740736954	0.38001081304447115	0.32833521288183354
0.29070640044527807	0.38364858364951404	0.32564501590520806
0.2925488917898582	0.3782719462598395	0.3291791619503024
0.2905930964996112	0.3830901750594371	0.32631672844095183
0.2907082810711801	0.38418978251610825	0.3251019364127118
0.29045641724836874	0.3836945241154155	0.3258490586362159
0.29051289990620616	0.3803212155036101	0.32916588459018387
0.29245952428900307	0.378328703665723	0.329211772045274
0.2930406789954926	0.37947727204278137	0.3274820489617262
0.29286810956325543	0.38069493905905105	0.32643695137769363
0.2922689055906701	0.3823106630362728	0.3254204313730572
0.2902285512438575	0.38348454508341384	0.32628690367272883
0.29187211524840495	0.3789001796633806	0.3292277050882146
0.29363914764926113	0.3787808168930811	0.3275800354576579
0.2906753810325545	0.3813360383552007	0.3279885806122449
0.2921258014545644	0.37837110017388054	0.32950309837155517
0.2920076697431264	0.38188444100753943	0.3261078892493343
0.29312170104028323	0.3777054585429438	0.3291728404167731
0.29327862563453583	0.381425174876884	0.3252961994885803
0.2912069434975403	0.38294337920416527	0.3258496772982945
0.2932673427930141	0.38160310318636753	0.3251295540206185
0.292793018346284	0.3817567208503229	0.3254502608033932
0.2916178787550318	0.38284978172066514	0.32553233952430316
0.2903592891298724	0.3812443486244565	0.3283963622456712
0.29307782667603044	0.3775535155261181	0.32936865779785157
0.2927786131358915	0.3797892036577878	0.32743218320632084
0.2925854213306452	0.38156910984431586	0.32584546882503906
0.2903139938482659	0.380550536447467	0.3291354697042672
0.2924874017321498	0.38218792155290604	0.32532467671494425
0.2934136805822446	0.3778466532491055	0.32873966616865
0.290936960489488	0.3814496389489489	0.3276134005615633
0.29035317846419856	0.3804225868792105	0.32922423465659106
0.2909387413790037	0.3835080673081661	0.3255531913128303
0.29232349336222824	0.3817703731976947	0.3259061334400772
0.2904412580157888	0.38322014160418527	0.32633860038002604
0.29024177282598507	0.38009916230664015	0.3296590648673749
0.29297385490279665	0.37798456834665767	0.3290415767505458
0.2912605249484369	0.38353495741060384	0.32520451764095937
0.29207015456145513	0.38222648418927574	0.32570336124926924
0.29111792859814634	0.38385180182313877	0.325030269578715
0.29155796428891323	0.3832850828820478	0.32515695282903906
0.29057718920187336	0.38253298843722056	0.32688982236090625
0.29200280564242537	0.3807379950078189	0.32725919934975584
0.29197890905177026	0.38077613455119075	0.3272449563970391
0.2924924403802881	0.3812418968868742	0.3262656627328378
0.2932729299829264	0.3808683968582185	0.3258586731588552
0.2934001222490349	0.37852334593122433	0.32807653181974084
0.29196249214860087	0.38298298302754397	0.3250545248238553
0.29327051314513475	0.3812642088173045	0.32546527803756087
0.29344112069213246	0.3791439647392681	0.32741491456859956
0.2931789616220548	0.3786593463614161	0.32816169201652917
0.2921528306178756	0.37937091019030966	0.32847625919181483
0.29372953682164604	0.3785152429401157	0.3277552202382384
0.2935486522059777	0.3771943170682796	0.3292570307257428
0.29362461178875926	0.3783358784132163	0.32803950979802454
0.2905621380007333	0.38438476751803385	0.32505309448123293
0.29071500535120426	0.38251673417312937	0.3267682604756665
0.2932460069510542	0.37765242485351375	0.3291015681954321
0.2931910732002557	0.377234594127942	0.32957433267180236
0.2915578934721041	0.37983301984762774	0.3286090866802683
0.29111453239630736	0.3792986608166209	0.32958680678707186
0.29281090759699324	0.38176041605930233	0.32542867634370454
0.2928433282563244	0.37976946032491166	0.32738721141876403
0.29137259075779637	0.3819807055967732	0.3266467036454306
0.29186120532685916	0.3822866717351404	0.32585212293800053
0.2908952025400801	0.3802746367860313	0.3288301606738887
0.29309774863312266	0.3793724659323532	0.32752978543452427
0.29067709676830694	0.38203198994499526	0.32729091328669796
0.29314127700650733	0.3792229981192263	0.3276357248742665
0.29343657013131724	0.37741911103107323	0.3291443188376096
0.2915409168971792	0.3825492238228283	0.3259098592799926
0.2914386615020171	0.3825626912361053	0.32599864726187777
0.29099538993754615	0.3820842745479168	0.32692033551453714
0.2912512798498259	0.38353751389160623	0.32521120625856803
0.29168200436288677	0.3795168949906049	0.32880110064650847
0.2932738425902869	0.37858115321344643	0.32814500419626674
0.2928289625346038	0.38142771725368096	0.3257433202117153
0.2902208105020856	0.382858728135862	0.3269204613620525
0.2930160156601412	0.3783546264129881	0.32862935792687087
0.29046443240003533	0.3836756534445516	0.32585991415541316
0.29296922782186147	0.3818426565820567	0.32518811559608196
0.2918237959638136	0.3819317250554691	0.32624447898071746
0.2912400936289027	0.38326043348162386	0.32549947288947356
0.29227008643657626	0.37945251155784826	0.3282774020055756
0.29320877649577826	0.37838643309110176	0.3284047904131201
0.29330390867298056	0.37925764495022246	0.3274384463767971
0.2919647510460627	0.3792153182640518	0.3288199306898856
0.2922790135129094	0.3818738898016496	0.3258470966854411
0.2922172756540663	0.38078353672395865	0.32699918762197516
0.2914999320232478	0.37901407534000553	0.3294859926367467
0.2908549273622103	0.38017267688493916	0.32897239575285064
0.29289262737839805	0.37986162653629585	0.3272457460853062
0.29246930963658047	0.3821990359657724	0.3253316543976473
0.29168081318676986	0.37933854524023064	0.32898064157299967
0.2920116625166552	0.37944617165300193	0.32854216583034296
0.293237677547275	0.3790540453734928	0.3277082770792324
0.2929230517608642	0.37898494488347906	0.32809200335565686
0.29127410780944846	0.3794014306047236	0.3293244615858281
