0.3593884652974401	0.3927807211062626	0.24783081359629738
0.3582058488440798	0.3958834405565453	0.245910710599375
0.35837299985517657	0.3955476071515922	0.2460793929932313
0.3613536004161092	0.39275897943293725	0.24588742015095363
0.36032950674106645	0.39406523715806696	0.24560525610086675
0.3602176180391078	0.3951664933403425	0.2446158886205498
0.3600618487380796	0.395025328013747	0.24491282324817348
0.3579001714053775	0.39415731890194283	0.24794250969267972
0.35785077802590204	0.3951502092500404	0.24699901272405766
0.36062873779728766	0.395061243863379	0.24431001833933352
0.35808525703265115	0.3955383754719852	0.24637636749536374
0.35831998537945714	0.39455290753707395	0.24712710708346902
0.3584194698188334	0.39514367327187283	0.2464368569092939
0.35784070052200345	0.39542543305291555	0.2467338664250811
0.3606800966075849	0.3946237690879909	0.24469613430442433
0.3582599921888458	0.39470866729916626	0.24703134051198805
0.3598571154507425	0.3959770963181163	0.24416578823114127
0.35878991069545624	0.3930452178154825	0.24816487148906138
0.3606784307880172	0.3948398056823561	0.24448176352962678
0.35977997032505715	0.3933726628399342	0.24684736683500874
0.3605368150220179	0.39482705477525376	0.24463613020272845
0.3580645317874093	0.39399180212557433	0.24794366608701646
0.3586020085426718	0.39373466287192	0.2476633285854083
0.3579635450504331	0.3951001675612198	0.2469362873883472
0.35788887808085684	0.39452574195635	0.24758537996279326
0.35922018051690924	0.39456205545647216	0.24621776402661869
0.3601528311125209	0.39603673095541164	0.24381043793206755
0.35991663617449493	0.3957817675207344	0.24430159630477075
0.3585415824946705	0.39574058329194617	0.24571783421338345
0.3595011471120212	0.3957634115053689	0.24473544138261
0.3611987583934721	0.39323926278404314	0.24556197882248484
0.3603148138652649	0.3936867387832673	0.24599844735146786
0.3603566910303017	0.39265678579026775	0.24698652317943062
0.3597229795545251	0.39416765797174114	0.2461093624737339
0.36098790889234394	0.3943688505627122	0.24464324054494394
0.3593680513666432	0.3955761173488622	0.24505583128449468
0.3594766340848876	0.3934421330270762	0.2470812328880363
0.3584100660056476	0.39575830175697185	0.24583163223738064
0.3592117350601965	0.3924534327466551	0.24833483219314847
0.3612484876869506	0.3935862944300034	0.24516521788304607
0.3590226206780292	0.39595919801191237	0.24501818131005854
0.35903110648508146	0.39363466587920193	0.24733422763571672
0.3602138802904898	0.39535591591582037	0.24443020379369
0.3584832835514624	0.3958330024648753	0.2456837139836624
0.3595715079420964	0.39453239583487104	0.2458960962230326
0.35932853026651856	0.394678908967933	0.24599256076554857
0.359761750904717	0.3937943511695629	0.24644389792572013
0.35909811799877966	0.39301735901149754	0.2478845229897229
0.35884809799387557	0.3928878006504095	0.24826410135571503
0.35911477552097876	0.39254723051376983	0.24833799396525155
0.35990764352699484	0.3954102101950594	0.24468214627794588
0.359061072954084	0.39582683485557685	0.24511209219033922
0.3588936998584849	0.39476190529260907	0.24634439484890613
0.3577748365494938	0.3943426207653451	0.24788254268516122
0.35927911931997825	0.3932281991552771	0.24749268152474477
0.3589540215530528	0.3944675700697956	0.24657840837715173
0.3595342732723171	0.3933804408698209	0.24708528585786216
0.3597689729278024	0.3925686831198507	0.24766234395234699
0.3584225175106255	0.39415869305840057	0.24741878943097403
0.3600621600360524	0.3949275521520505	0.2450102878118972
0.36087194001350376	0.3951106195037137	0.24401744048278268
0.36002567190500046	0.39588477455258364	0.24408955354241596
0.3613385135432953	0.39379451524839976	0.24486697120830503
0.35857759806617917	0.39505287543238277	0.24636952650143817
0.35974328330798266	0.395966098079215	0.24429061861280246
0.3585856260823438	0.3951433908082898	0.24627098310936651
0.3613208726798437	0.39325353320173584	0.24542559411842052
0.3607914454374262	0.3957307267180321	0.2434778278445418
0.3608031725410048	0.3948396422969703	0.24435718516202504
0.359098922364158	0.39401184544867696	0.24688923218716516
0.36028534928282385	0.39571612932893424	0.243998521388242
0.35835482125521084	0.39306703691332157	0.2485781418314677
0.3580644304273055	0.3952913204167154	0.24664424915597924
0.3589410942671169	0.3946012018384894	0.24645770389439384
0.35978753723456885	0.3925075575077554	0.24770490525767586
0.3597452395784823	0.39484336613411536	0.24541139428740244
0.3612784376410118	0.3939093137638366	0.24481224859515172
0.3580965834961384	0.3957707743125838	0.24613264219127795
0.35979605928614294	0.3937971615728868	0.24640677914097037
0.3590559189351467	0.39506358906506067	0.24588049199979273
0.3600323928082728	0.3961074974461782	0.24386010974554911
0.35944636536392255	0.39536641007850676	0.2451872245575708
0.3604373740930609	0.39492272723531235	0.24463989867162683
0.36030134203242165	0.39532090033912465	0.24437775762845382
0.35815684553978117	0.3952501997753254	0.24659295468489356
0.36119592298427095	0.39351597264627003	0.24528810436945914
0.3606975084453799	0.3926030457615046	0.24669944579311562
0.35847689451600334	0.3954488840940984	0.24607422138989837
0.3606424278518124	0.3954026572929195	0.2439549148552682
0.36051532499902766	0.395684530505009	0.24380014449596346
0.35955856681210185	0.3958331981560456	0.24460823503185264
0.3610038232113457	0.39449362036092245	0.24450255642773194
0.3585567090138422	0.39364477020430405	0.24779852078185385
0.35968028195889296	0.39416957120376583	0.24615014683734132
0.3596387454080903	0.39473012109143296	0.24563113350047683
0.3587282185514578	0.394796633056871	0.24647514839167126
0.3588337136566445	0.39333981079774233	0.2478264755456133
0.36018051156007336	0.3927214886563892	0.24709799978353764
0.36088005303399745	0.39413034287751336	0.24498960408848933
0.35918128847616904	0.3933870231855643	0.24743168833826676
0.35979658520400404	0.39247713832808734	0.24772627646790873
0.36048408119277364	0.3940449804263509	0.24547093838087558
0.36002165867613045	0.3938077517433175	0.2461705895805521
0.35829612629069146	0.3961480115763055	0.24555586213300312
0.36054509606478613	0.3936145169263885	0.24584038700882552
0.3606260990654081	0.3955342027641901	0.2438396981704019
0.3596418301052509	0.3938878181965784	0.24647035169817078
0.3595519859847238	0.3955720243075481	0.24487598970772811
0.36131342159473884	0.393875362285509	0.24481121611975223
0.3593790904226607	0.3942348750884978	0.2463860344888416
0.3604061162424467	0.39423171856314104	0.2453621651944124
0.35897578562064103	0.3953924272157265	0.2456317871636326
0.36111026289703957	0.3950558658130738	0.24383387128988676
0.3613539199059696	0.39350832319672385	0.24513775689730666
0.3585011680330171	0.39377761691359825	0.24772121505338474
0.35840220054773037	0.39276526102452697	0.24883253842774278
0.35899326551232685	0.39289601305695365	0.2481107214307196
0.3595438430975476	0.39331890915934586	0.24713724774310666
0.3583525198675721	0.39395997798241067	0.2476875021500173
0.35863439369528155	0.39305007128479813	0.2483155350199204
0.36103069461663545	0.3955316330821944	0.24343767230117025
0.35977456597545654	0.3950005688747296	0.24522486514981393
0.3578904093902518	0.39378351256057337	0.24832607804917495
0.36023975575938083	0.3960984926842325	0.24366175155638686
0.3600647775873161	0.39429201978859196	0.24564320262409212
0.3586264497045438	0.3924945943664654	0.24887895592899092
0.3583314520324638	0.3945213153350101	0.24714723263252616
0.3592009427928421	0.3933004217554725	0.24749863545168554
0.35833514118750054	0.39459376323178624	0.24707109558071333
0.35944062221632356	0.3954598567462122	0.24509952103746435
0.3609769644032778	0.3924889753532312	0.24653406024349112
0.3591155136413787	0.3927528137434028	0.24813167261521857
0.358627383803781	0.39590086366283367	0.24547175253338543
0.35988492687387735	0.3931477325239825	0.24696734060214026
0.35876306551244314	0.393878857592561	0.24735807689499595
0.3586490517442273	0.3952524745993189	0.246098473656454
0.3580883507684235	0.3931964750646677	0.24871517416690894
0.35898215930622734	0.3949138920285475	0.2461039486652253
0.36039589261145477	0.3953489400805095	0.24425516730803584
0.35985234516389386	0.3954662867077288	0.24468136812837743
0.3602073074817457	0.39437569410601514	0.2454169984122393
0.359075668392555	0.3941219156047111	0.246802416002734
0.35943831994273134	0.3935065389965515	0.24705514106071724
0.3583044334548866	0.3928573332098561	0.2488382333352574
0.358212504769554	0.3946905430690502	0.24709695216139585
0.3598673920172018	0.39362386342081324	0.24650874456198507
0.35985983670553434	0.39505036052498843	0.24508980276947728
0.3608100228914676	0.3949027321681045	0.24428724494042806
0.36062852658652705	0.3954691884706387	0.2439022849428343
0.3611823926378406	0.39329140692116804	0.24552620044099152
0.36019966646245904	0.3945143727062848	0.24528596083125626
0.35887604998300504	0.3937182507198855	0.2474056992971096
0.3580095472789904	0.3935957584991897	0.24839469422181998
0.3585407175278383	0.39501231231156997	0.24644697016059186
0.36028099391875335	0.3942076699292042	0.24551133615204263
0.35881439306710516	0.39267110381165893	0.24851450312123602
0.36019408274828085	0.39524778695226326	0.24455813029945594
0.3581098885925283	0.39408581511769175	0.24780429628978007
0.3596993795161716	0.39424869995298073	0.2460519205308478
0.359620665917337	0.39446264241940776	0.24591669166325536
0.3605949552152843	0.3928452840108779	0.2465597607738379
0.360623555102359	0.3932046131593311	0.24617183173831003
0.36024318980939657	0.39365216390822705	0.2461046462823765
0.35974135388225376	0.3949313096050841	0.24532733651266225
0.36111169100356094	0.39272105306926064	0.24616725592717853
0.3612257770469934	0.39457502934063327	0.24419919361237347
0.3579939405623898	0.3938105510182724	0.2481955084193379
0.3585177815252567	0.3944144650013078	0.2470677534734356
0.35886381279209034	0.39290828998724825	0.2482278972206615
0.3590038787342539	0.3958920685648618	0.24510405270088445
0.3592653254621006	0.395708287627891	0.24502638691000847
0.35821307415025966	0.39479901830356023	0.24698790754618022
0.3580941212651737	0.39397361838394135	0.24793226035088506
0.35874137062099126	0.39595214806024737	0.2453064813187615
0.3605514829354512	0.3933698697432695	0.24607864732127943
0.36127781641876655	0.3934672537896553	0.24525492979157826
0.36014343065322507	0.3937292242375165	0.24612734510925854
0.3596239435046877	0.39427433203730894	0.24610172445800352
0.3595236963164235	0.39565370898080426	0.24482259470277234
0.35836134286650634	0.3935767469199983	0.24806191021349547
0.360068575657752	0.3932028963318936	0.2467285280103545
0.3590114827186653	0.39308927218614953	0.24789924509518532
0.35958318909587217	0.39365383281679744	0.2467629780873305
0.3606843857674576	0.39533681651876773	0.2439787977137748
0.35805579189627523	0.39409577263226603	0.24784843547145885
0.3591046089983901	0.39264236022728977	0.24825303077432026
0.3606046632421867	0.3934486624628407	0.2459466742949727
0.3594814629886858	0.3933888786653745	0.24712965834593986
0.3589747194421337	0.3927672178996946	0.2482580626581718
0.3593843408476646	0.3938524410350147	0.24676321811732083
0.3590788385300334	0.3930339775767484	0.24788718389321832
0.36130771343761814	0.39505867857371124	0.2436336079886707
0.3588000655370317	0.3956279622580117	0.24557197220495672
0.35851091738470253	0.3948122073873151	0.24667687522798248
0.3589608655210892	0.3959547636990119	0.24508437077989903
0.35797392490227187	0.39365715643124904	0.2483689186664792
0.35871473795263725	0.39609732584393853	0.24518793620342433
0.36083536966517143	0.394011377457462	0.24515325287736664
0.35910563277749435	0.3958963151514874	0.24499805207101838
0.3607674031122264	0.39438506332999307	0.24484753355778066
0.3611891629316962	0.3952959412724013	0.24351489579590269
0.35930653192836665	0.3955932677705691	0.2451002003010644
0.35969388728499135	0.3934479168285966	0.2468581958864122
0.3613435406691036	0.3930189228043004	0.24563753652659606
0.35831907578245187	0.39522253482310477	0.24645838939444348
0.3594472947946987	0.3957798927068211	0.2447728124984802
0.36003873467259523	0.39388742876908656	0.24607383655831833
0.3612872447951417	0.3924890514601356	0.24622370374472285
0.36049991372229684	0.39495705889644117	0.2445430273812621
0.35939368560554885	0.3957827536495083	0.24482356074494296
0.3608816065376935	0.3955496849682128	0.2435687084940938
0.3593985160550124	0.3933536532042058	0.247247830740782
0.35926585875058564	0.3939113629881751	0.24682277826123938
0.35800413969752193	0.3948862928633098	0.24710956743916843
0.35938225551920105	0.3932471156922197	0.24737062878857932
0.3608239993789824	0.3948101797533983	0.24436582086761938
0.3583988423988096	0.39607584022926196	0.24552531737192854
0.3601919861288217	0.39292132027314414	0.24688669359803425
0.360220734576808	0.3946269615191501	0.24515230390404202
0.35964050829472394	0.39402803097050787	0.2463314607347683
0.359814203593019	0.3929941731348106	0.24719162327217048
0.36084515747307033	0.3934902795838763	0.24566456294305353
0.36101778252696937	0.39293398815431757	0.24604822931871315
0.35788951107338446	0.3943120706690544	0.24779841825756133
0.3609674463376196	0.3933478066639269	0.24568474699845363
0.3586846779731268	0.39596560763463023	0.24534971439224312
0.3579169454927996	0.39499944483493893	0.24708360967226156
0.3578524386523232	0.3958459634742075	0.2463015978734694
0.3612942170358656	0.3946307375075273	0.24407504545660721
0.35940404225304085	0.395578671379405	0.24501728636755427
0.36126897475996544	0.3952019782418865	0.24352904699814812
0.36041766943126186	0.3946541751819203	0.24492815538681795
0.3587146401879059	0.3955429235978966	0.24574243621419758
0.35871086942443986	0.39546546034959607	0.24582367022596419
0.3613281687601291	0.39285967814984446	0.24581215309002657
0.3590624532007056	0.3936893671600554	0.24724817963923912
0.3607655915982112	0.39429961326702234	0.24493479513476651
0.36030238774667406	0.3937079170903082	0.2459896951630178
0.35864818200314674	0.3928517195317504	0.24850009846510296
0.35797001101625053	0.3934420909852062	0.24858789799854336
0.3590968665571144	0.39299753744155674	0.24790559600132894
0.35953235904276865	0.3927389067835612	0.24772873417367025
0.3583053474542081	0.39482029352397496	0.24687435902181706
0.35969861966565225	0.3943086735191791	0.24599270681516872
0.36023456208277893	0.3957399478608413	0.24402549005637986
0.35896862054170786	0.39316512371156676	0.2478662557467255
0.36044862437786146	0.39601179390670593	0.24353958171543266
0.35798587259424725	0.3948491704730544	0.24716495693269844
0.36096604067820937	0.39347552083601206	0.24555843848577869
0.3599004409051686	0.3927572892375922	0.2473422698572393
0.35926507480383524	0.3947193694293383	0.2460155557668266
0.3583906555931721	0.3952933110067291	0.24631603340009883
0.36054317673992015	0.3953584269222499	0.24409839633783015
0.35970480200278143	0.39271190318904164	0.24758329480817703
0.3587557628882203	0.3939037185242332	0.24734051858754658
0.36035488447918185	0.39300130781935333	0.24664380770146496
0.35878191260569336	0.3947195854829544	0.24649850191135234
0.3601811883034028	0.3944518847944262	0.24536692690217113
0.35820118042619886	0.3947111233291464	0.24708769624465488
0.3609765954998857	0.39447489559888915	0.24454850890122531
0.36020604455642874	0.39342196795309525	0.24637198749047612
0.3577829069397324	0.3952335117569381	0.2469835813033296
0.35826740028595494	0.3955715102496028	0.24616108946444237
0.35869630049381973	0.3949390018708539	0.24636469763532648
0.35782996675873874	0.39512867787668177	0.24704135536457955
0.3588234539447083	0.39349659829443195	0.2476799477608599
0.36027089496367304	0.3942616518594273	0.24546745317689975
0.3601071538812489	0.39263820648516273	0.24725463963358846
0.35925768049929835	0.3934322714157531	0.24731004808494864
0.3600471776315684	0.39270876721896875	0.24724405514946296
0.35990612146726997	0.3953967650381943	0.24469711349453585
0.35807817040635853	0.39444057668559923	0.24748125290804238
0.36000899301774575	0.39449067522392256	0.2455003317583318
0.3604350430298989	0.393600553015492	0.24596440395460914
0.35829946742444296	0.3937739905972154	0.24792654197834174
0.35852261881700265	0.39490408261281645	0.24657329857018104
0.36033523576914717	0.39558185726045825	0.24408290697039464
0.36058206770879936	0.39438482137428715	0.2450331109169136
0.3587090013654058	0.3941894558140354	0.2471015428205589
0.36073095119153087	0.3947023118586057	0.24456673694986356
0.3583921000692098	0.3959410364099178	0.24566686352087252
0.3587442460128727	0.3932070178469349	0.24804873614019252
0.3609263954783005	0.39516066076299095	0.24391294375870864
0.36072678342838993	0.39346415402786244	0.24580906254374774
0.36134479549930343	0.3932147534017959	0.24544045109890078
0.35975438641562824	0.39260844716744253	0.24763716641692934
0.3603964443312881	0.39294411863937406	0.24665943702933796
0.35889974669376506	0.39612301445594295	0.24497723885029213
0.357972150544533	0.3942061378165176	0.24782171163894948
0.36007497157795276	0.39613503945275885	0.2437899889692885
0.3586843333734673	0.39280097481404896	0.24851469181248387
0.3579124671075147	0.3958246939914856	0.24626283890099981
0.35952648254270464	0.3958434736221216	0.2446300438351739
0.3605392161999985	0.3926090397433496	0.246851744056652
0.3593784430746303	0.3942397721831786	0.2463817847421912
0.36107567125302475	0.39285755141304346	0.2460667773339319
0.3581552279483636	0.39507624261993085	0.24676852943170569
0.3582322020284726	0.39475649146456676	0.24701130650696074
0.35847510367321567	0.3952187939574311	0.24630610236935335
0.35788421868055986	0.3936378021244635	0.2484779791949768
0.3595139775537898	0.39286264305901586	0.24762337938719445
0.3583962783901291	0.3953743594991945	0.24622936211067648
0.3577433296769586	0.39421490505671053	0.24804176526633093
0.3596327724351449	0.39520505494879904	0.24516217261605616
0.3578611583476574	0.3947823001869914	0.24735654146535133
0.3582807379760579	0.3944690667243178	0.24725019529962436
0.3604229124492087	0.39537171943839683	0.24420536811239454
0.35890823943203376	0.39461989664219055	0.24647186392577577
0.358760447832846	0.39416146008935526	0.24707809207779882
0.3591261952329663	0.39285146238807706	0.24802234237895676
0.3610666231960288	0.3925740438849904	0.24635933291898088
0.360110091381959	0.3955603432314617	0.2443295653865794
0.3595373481716774	0.3956957871591159	0.24476686466920683
0.3602376853443419	0.39431336004515904	0.24544895461049915
0.3603679111183709	0.39507855178370543	0.24455353709792377
0.3605398470990015	0.3949931047836045	0.24446704811739411
0.36020636744683315	0.39583336203067676	0.2439602705224902
0.35937511601387445	0.3929751581642325	0.24764972582189315
0.35814606701229146	0.3949247063859138	0.24692922660179487
0.35836996828804657	0.39483753398883914	0.24679249772311446
0.35947260975665624	0.39477725314150824	0.24575013710183566
0.36088517666622566	0.3956128722084697	0.24350195112530476
0.3584236311666567	0.3939518335955903	0.24762453523775313
0.36107705617309965	0.39433086039103704	0.24459208343586342
0.3581319486383495	0.39530814245214513	0.24655990890950547
0.35800828902345555	0.3932694096911303	0.24872230128541428
0.3595893387850539	0.3951636992787409	0.24524696193620535
0.36098056150158864	0.3932679514240073	0.24575148707440422
0.35831722366170754	0.3950771611119424	0.24660561522635016
0.3600948273314298	0.39276447930690433	0.247140693361666
0.3609464005738716	0.39542379529124844	0.24362980413488003
0.35839278546460385	0.3945692621555927	0.24703795237980364
0.3592363613874369	0.3929331311106013	0.2478305075019619
0.359828163556782	0.3944388903981454	0.24573294604507273
0.358125818904672	0.3935399078988752	0.2483342731964529
0.3606104544660864	0.3930463085574048	0.2463432369765089
0.3599722405366413	0.39253849119705087	0.2474892682663079
0.35853132842968405	0.393259789888349	0.24820888168196706
0.36127628077787366	0.3941727672874367	0.24455095193468976
0.35930270513131835	0.39347631198836897	0.2472209828803128
0.36083433256216435	0.3929822915286815	0.2461833759091543
0.35795485842329083	0.39366291412404153	0.24838222745266775
0.3606491824326523	0.3957978131857666	0.24355300438158117
0.3600822365721664	0.39393581521219684	0.24598194821563685
0.35931087296210856	0.3955984374443499	0.24509068959354163
0.36044000391025344	0.3931604025548028	0.24639959353494384
0.3603342270197618	0.3960224157151454	0.2436433572650929
0.359546762857459	0.394744066889123	0.2457091702534181
0.3594911828886918	0.3952773691693454	0.2452314479419629
0.35835331462576103	0.3933498381547563	0.24829684721948275
0.358158821238495	0.3944362180944406	0.24740496066706452
0.3604156816053452	0.39523122155978324	0.24435309683487166
0.3583635355528004	0.39385309708695204	0.24778336736024764
0.3587461829994611	0.3927218600674322	0.24853195693310684
0.35839331390589374	0.39271610930066697	0.24889057679343937
0.35826812398313024	0.39301051156660255	0.24872136445026727
0.35960895762219003	0.3944736173414029	0.24591742503640718
0.35930014287441653	0.3949857890278021	0.24571406809778149
0.35885260028380883	0.39360483937887913	0.2475425603373122
0.35873641808017476	0.3934735516949559	0.24779003022486945
0.3588447281894054	0.39561893490711153	0.24553633690348314
0.36108562364673835	0.3937523418415241	0.24516203451173774
0.3599425532506705	0.39588032622806396	0.24417712052126567
0.3585682489095529	0.3937822520522735	0.24764949903817368
0.36077514385609216	0.3936596438354072	0.24556521230850076
0.3600655065073983	0.39326080421444914	0.24667368927815264
0.3596842349692331	0.3935104350627301	0.24680532996803695
0.3609883098950504	0.39329400434963047	0.24571768575531924
0.3612540020260609	0.3942403895842036	0.24450560838973562
0.36008273994031215	0.393873532774222	0.24604372728546597
0.3590437363712897	0.3954323078592819	0.24552395576942843
0.36133006754080105	0.39255244831215175	0.24611748414704726
0.35861987458577604	0.39307305059113307	0.248307074823091
0.358907212543637	0.3936408209099266	0.2474519665464365
0.36065732912187587	0.39252912256626105	0.2468135483118632
0.3600722797489633	0.39509619704592447	0.2448315232051123
0.36086212124585393	0.39411585879829175	0.24502201995585443
0.3609371731382555	0.393062144603832	0.2460006822579126
0.3584289848132881	0.39346113097055263	0.24810988421615937
0.3588387139631108	0.3926224059627963	0.24853888007409303
0.3596586414211491	0.39480987733464495	0.24553148124420604
0.3581192326603518	0.3956602737213699	0.2462204936182784
0.35838162251100614	0.3928704046898707	0.24874797279912322
0.3598864580808515	0.3928669745114668	0.24724656740768183
0.35975132001318194	0.3932094463802603	0.2470392336065579
0.36065169403486863	0.3927458668609468	0.2466024391041847
0.35783902167160897	0.393772784985378	0.24838819334301315
0.36062504026095904	0.39468074882390236	0.24469421091513868
0.35967188721133825	0.39463697691078214	0.24569113587787972
0.3613211726015899	0.3936504483955966	0.24502837900281363
0.3611488760066981	0.3954246227223968	0.2434265012709052
0.36121041749234506	0.3949133459070921	0.243876236600563
0.3602943330941578	0.39563546622007945	0.24407020068576282
0.3605135054326751	0.3953236144364054	0.2441628801309196
0.3602365547887822	0.39519077724634316	0.24457266796487476
0.36037059890636963	0.3945951665804376	0.24503423451319292
0.3594890491123371	0.39263978867104027	0.24787116221662273
0.35782921383879773	0.39409443607802846	0.24807635008317397
0.360204297098029	0.3946318267520327	0.24516387614993848
0.3599521532875775	0.39251135976484286	0.2475364869475797
0.35848978716732893	0.3959196916808985	0.24559052115177266
0.35781218229447903	0.39477209868936236	0.24741571901615866
0.35950520030506006	0.3948587462398895	0.24563605345505057
0.36074190805577266	0.3927940958500066	0.24646399609422084
0.36003895778583994	0.39544158108345345	0.24451946113070672
0.35830999745178627	0.39553049191124595	0.2461595106369679
0.35810680495283487	0.39520127925862975	0.24669191578853544
0.35838281776708025	0.3946801511901721	0.2469370310427478
0.3591249840016849	0.3943731757091121	0.24650184028920308
0.36036838331639154	0.394601545973481	0.24503007071012756
0.3586691963252106	0.39506281735819915	0.24626798631659033
0.3587709496112884	0.39487493544614655	0.24635411494256515
0.3613560550591264	0.39403794134473313	0.2446060035961406
0.35997166342969944	0.3928303362169276	0.24719800035337305
0.35995468988110757	0.39550509501838454	0.244540215100508
0.359886068715806	0.3958616418811429	0.24425228940305121
0.36090347114344973	0.395098899749131	0.2439976291074194
0.3590583397855179	0.3958247061315087	0.24511695408297351
0.3608899260328721	0.39435334782102466	0.2447567261461033
0.3607517950769385	0.3926166332455469	0.24663157167751476
0.36090400912304016	0.39339301581964914	0.24570297505731084
0.36109744382684034	0.3927034049316298	0.24619915124153
0.3586761386152783	0.393375637398516	0.24794822398620578
0.3601514844769067	0.3930105960533757	0.24683791946971775
0.357845379717689	0.395236912491335	0.2469177077909761
0.35967925744622964	0.39557595761233644	0.24474478494143403
0.3598769374347979	0.3961688461197653	0.24395421644543686
0.35936678214725015	0.3927467529836743	0.24788646486907562
0.3596946748736771	0.3934181706801698	0.2468871544461532
0.36087531941868345	0.3935032646745303	0.24562141590678638
0.36110641443942865	0.3951888989687805	0.24370468659179095
0.3602302951525818	0.39616588069677106	0.2436038241506473
0.3606752716260284	0.3942621323652547	0.245062596008717
0.3591097025266254	0.3960005180502375	0.2448897794231372
0.3587689575393811	0.3951070574029451	0.24612398505767394
0.35930872896712707	0.3934252477868922	0.24726602324598085
0.3584573116603293	0.3955844075340816	0.2459582808055892
0.35853118518568067	0.394039171489089	0.24742964332523043
0.3610114600511444	0.39374374170018756	0.24524479824866816
0.3610977725177168	0.39463321403162765	0.24426901345065563
0.35877580981507606	0.39286334637086806	0.24836084381405593
0.35877247142690266	0.3927342480509161	0.24849328052218128
0.35835415210175814	0.3947904059541486	0.24685544194409337
0.35928313932677336	0.39444380719341493	0.24627305347981182
0.35881061044962476	0.3933815017794562	0.24780788777091922
0.3583099830355592	0.3936348863255927	0.24805513063884818
0.35975851480191173	0.3931377560703833	0.24710372912770506
0.3578785956700761	0.39615697819549595	0.245964426134428
0.3586051141116816	0.39573627258522726	0.2456586133030912
0.35869069070836934	0.39286198184251353	0.24844732744911724
0.3591201895544067	0.3932259537974623	0.24765385664813114
0.3603487427963098	0.3952153808221229	0.2444358763815674
0.36028025656748214	0.3938004218227634	0.2459193216097546
0.3602673121345218	0.3947834645302588	0.24494922333521946
0.3583942438202122	0.39329386123161236	0.24831189494817552
0.360722864491232	0.3937340389917558	0.24554309651701237
0.36028408929961064	0.3933455322183068	0.24637037848208262
0.35929084277599893	0.39414200905721036	0.2465671481667908
0.360238659603368	0.39604740784103576	0.2437139325555963
0.36001149265165383	0.3935103562695707	0.24647815107877555
0.35931729339683544	0.39468636551207154	0.24599634109109314
0.35918074328735267	0.3942556578940503	0.2465635988185971
0.36046545222319837	0.39300408394095504	0.2465304638358467
0.3598879385468534	0.3954097615824248	0.24470229987072184
0.35857698668017074	0.3950459190668466	0.24637709425298274
0.36046307863970023	0.39600636773461473	0.24353055362568518
0.3596685336020998	0.392799264318147	0.24753220207975332
0.3608181504182858	0.3928490227279684	0.2463328268537459
0.35973078660036123	0.39529606381893717	0.2449731495807017
0.35864295285070963	0.39603448768686567	0.24532255946242487
0.3584386831442128	0.3927465716443628	0.24881474521142458
0.35899762662815227	0.3927411012228702	0.24826127214897764
0.35790086600496	0.39576654592921745	0.24633258806582262
0.36016718968948247	0.394885451209828	0.24494735910068968
0.358049722731286	0.394391420576311	0.24755885669240313
0.35820848526837135	0.39599272893281867	0.2457987857988101
0.3591386602704159	0.39467205799371274	0.24618928173587146
0.35877739888345606	0.394721083890272	0.24650151722627206
0.35781747511038214	0.3957259558605155	0.24645656902910246
0.36118046565910855	0.3939906368181396	0.24482889752275197
0.3578663764073486	0.3945259375740443	0.24760768601860722
0.36044083435747903	0.39309623365334845	0.24646293198917263
0.3591442385533496	0.3951591147231963	0.24569664672345415
0.35981937383812945	0.3955713558607796	0.244609270301091
0.3593627544922169	0.39513197269806544	0.2455052728097178
0.3602380567337063	0.39596588739397043	0.24379605587232336
0.36016143147759205	0.3944861093840886	0.24535245913831943
0.3582944163697055	0.3955499150601654	0.24615566857012922
0.3586108163529754	0.3949194357698283	0.24646974787719633
0.3600859339270841	0.3928570041007454	0.2470570619721706
0.3577994842236488	0.3935699524844018	0.24863056329194952
0.3597306339133394	0.3938832874075629	0.24638607867909776
0.35981626275705825	0.39468947967428414	0.24549425756865773
0.3578387757472589	0.39528309280983986	0.24687813144290133
0.3595884569351658	0.39376908733413507	0.24664245573069926
0.3581880668368506	0.39586156441163367	0.24595036875151582
0.3601650072931471	0.3948164526836797	0.24501854002317336
0.35912234580988334	0.39429391313203677	0.24658374105808004
0.35913507721102467	0.39428197799153447	0.24658294479744097
0.3610855406581486	0.3936462059101731	0.24526825343167846
0.3604775950539461	0.39391734687722624	0.24560505806882782
0.36007463245766747	0.3942506142435334	0.24567475329879923
0.3577739279736347	0.39412163773742365	0.24810443428894172
0.3588160173357293	0.39375222339792576	0.24743175926634503
0.35798437574486575	0.3956185160145851	0.24639710824054925
0.35907398464962326	0.3947477901300688	0.24617822522030808
0.3611710377599949	0.3937135589041475	0.2451154033358578
0.3592906204519726	0.3943587919143074	0.24635058763372014
0.3602911592963645	0.39328376966519263	0.24642507103844297
0.35848756454470676	0.39399918926857386	0.2475132461867195
0.36068954345285115	0.39437961465029064	0.24493084189685832
0.35897132916461966	0.3948945036919325	0.2461341671434479
0.3584798911915384	0.3931063431184037	0.24841376569005802
0.3605752854399543	0.3949286865759216	0.24449602798412418
0.3605142921614838	0.39290177596719306	0.24658393187132327
0.3602868045714013	0.3959025966336097	0.24381059879498906
0.3592379537688015	0.39538613887288643	0.2453759073583121
0.3583669254159519	0.3927015771938042	0.24893149739024403
0.3594385734276418	0.3952742719182634	0.24528715465409484
0.3583707281839355	0.39543842845728877	0.24619084335877583
0.35996227320749075	0.39396748065699494	0.24607024613551445
0.36050098384778007	0.39359893710113725	0.24590007905108283
0.3603304069320976	0.3955358198806793	0.24413377318722315
0.35896612027932895	0.3935953883194182	0.24743849140125299
0.3606016181342947	0.3941434685026347	0.24525491336307073
0.36066899626280824	0.39431297443194774	0.2450180293052441
0.35928982450855584	0.39277036470923754	0.24793981078220678
0.35829270039161143	0.3933506869754132	0.24835661263297548
0.35997983964405655	0.39410234465941507	0.24591781569652849
0.35840869626823707	0.3957362608921844	0.24585504283957865
0.36057607681422554	0.3951428041420709	0.24428111904370364
0.3611136768239391	0.39249285889355306	0.24639346428250802
0.35960768196173054	0.3954314005023245	0.244960917535945
0.3594326172431599	0.39278732587336845	0.24778005688347177
0.361039227192493	0.3953521895595512	0.24360858324795592
0.36059651490102734	0.39581307767598933	0.2435904074229835
0.3605756961985686	0.3955726435491999	0.2438516602522316
0.35900137657472475	0.3953677639534396	0.24563085947183583
0.358321153284725	0.39483971675412566	0.24683912996114943
0.3579304923478871	0.3958504863290947	0.24621902132301837
0.3598562895837288	0.39609736244792	0.24404634796835134
0.3603063340646428	0.3949625624832412	0.24473110345211613
0.35903400458717394	0.39332525553574216	0.24764073987708402
0.3586461675896942	0.3952347141912639	0.24611911821904203
0.3610319091023341	0.39389723781847696	0.245070853079189
0.3602171168167723	0.3930334160102129	0.24674946717301488
0.3589325314323031	0.39607107574619377	0.24499639282150326
0.35993299142759727	0.39606690758446356	0.24400010098793928
0.36012163758853327	0.39446343502271486	0.245414927388752
0.3605318392851691	0.39389196078179817	0.24557619993303287
0.36044295775436735	0.3949413683051319	0.24461567394050088
0.35842767458792235	0.39476721575924006	0.24680510965283775
0.3604051880416507	0.39258812361186896	0.24700668834648043
0.35897843207965013	0.3945424862980488	0.24647908162230125
0.3585143255010338	0.39442667669933573	0.24705899779963056
0.35903897802290974	0.3943351845473757	0.24662583742971472
0.35816696689862715	0.3933283153118785	0.24850471778949446
0.359004428918155	0.39262264285005904	0.24837292823178608
0.3607628159257194	0.39365342913032286	0.24558375494395784
0.3597650899742388	0.39348407506752575	0.24675083495823558
0.35830571495125935	0.3929932751949913	0.24870100985374952
0.3580199259107149	0.3953778862556496	0.24660218783363558
0.3587032715830769	0.3925418857473586	0.2487548426695646
0.35775356078099096	0.3952738517241124	0.24697258749489676
0.3609092829275098	0.3934120341640372	0.2456786829084531
0.359162858193724	0.3958644317064233	0.24497271009985278
0.35887951700884013	0.3952506153222984	0.2458698676688616
0.358579432412609	0.3943246654787475	0.24709590210864363
0.36038017832426306	0.3942382458218356	0.24538157585390147
0.36010474049143176	0.39318516715427587	0.24671009235429248
0.35981986748099726	0.3928880787583692	0.24729205376063368
0.3609630299747207	0.39271078710121404	0.24632618292406538
0.35986887580293103	0.3929871009440613	0.2471440232530078
0.3612031196579814	0.39257644335028197	0.24622043699173674
0.35871400979186796	0.3946384259948498	0.24664756421328235
0.3606533052887183	0.39261972917514787	0.24672696553613396
0.35868609883213554	0.3928119274512115	0.24850197371665306
0.3603376335293351	0.3944662070962241	0.2451961593744409
0.35842309617949886	0.39604817124478714	0.24552873257571411
0.3597231072856109	0.39579480856881133	0.2444820841455779
0.360511950198245	0.39530134685829943	0.24418670294345562
0.3583293513713788	0.39398819559200826	0.24768245303661307
0.3601218030198663	0.3957301890434752	0.24414800793665867
0.3594787370463775	0.39423495198143904	0.24628631097218354
0.3597738612523748	0.3940246477772792	0.2462014909703461
0.3593571462057476	0.3945038529555363	0.24613900083871623
0.3584403728768175	0.3956232738936037	0.24593635322957894
0.3611334141664627	0.3935274160540902	0.2453391697794472
0.3592226973392896	0.3957587928601967	0.24501850980051382
0.357940369321128	0.3932428726636109	0.2488167580152612
0.36085951329111793	0.39445673390021474	0.2446837528086674
0.35906694012198875	0.3945381597276591	0.24639490015035226
0.3591087952564534	0.394941680489525	0.24594952425402172
0.3610900318447718	0.3927643833250074	0.24614558483022086
0.3591611096018422	0.3945569567145544	0.24628193368360352
0.3605336202877366	0.39434922515774906	0.24511715455451444
0.3598236986812541	0.3928179720145586	0.24735832930418744
0.3604003928034381	0.3955809717948996	0.2440186354016624
0.36021950304938766	0.3957074238940645	0.2440730730565479
0.3594971636466366	0.3949227032108179	0.24558013314254562
0.3593204785902875	0.3926273384851482	0.24805218292456438
0.3613394720357164	0.39287718711769043	0.24578334084659326
0.3612603152700291	0.3945665372045421	0.2441731475254289
0.35976720247494076	0.39386364524582673	0.24636915227923262
0.361174100131863	0.39541037537796236	0.24341552449017473
0.36004907054467783	0.39609623477881944	0.24385469467650286
0.35794680975477666	0.3957080860679777	0.24634510417724576
0.360307082272775	0.394580461696909	0.24511245603031606
0.35811437788444733	0.39516164766873596	0.24672397444681685
0.36006048340561614	0.39409406510906153	0.2458454514853224
0.36123816320416974	0.3936102566857229	0.24515158011010743
0.35785081032218474	0.3947931486837136	0.24735604099410174
0.35987771216151726	0.39416711639485214	0.24595517144363066
0.35915661882764804	0.3953286212213048	0.24551475995104727
0.36057713041400763	0.3950073734917718	0.2444154960942207
0.35809904142241644	0.39502372950687764	0.24687722907070603
0.3593548795679943	0.39557984648935135	0.24506527394265448
0.36070395874910255	0.39470379579140313	0.24459224545949443
0.36095713990904693	0.3952655172485609	0.24377734284239225
0.36038899038078814	0.39438445135860434	0.24522655826060763
0.36026175121872955	0.39329651795766096	0.2464417308236096
0.3593289973410738	0.3931782031545945	0.24749279950433178
0.3590205636747569	0.39563852063179206	0.24534091569345115
0.35979286360162965	0.3940828022910234	0.24612433410734705
0.35968430780527727	0.39584534587015496	0.24447034632456788
0.3594633320410466	0.3948748539166431	0.24566181404231047
0.3578590368025335	0.3943215932712328	0.2478193699262338
0.3612717418983385	0.39357093843959456	0.24515731966206708
0.3580601575388824	0.3960537826127754	0.24588605984834233
0.3597901805982272	0.3955512101234194	0.2446586092783535
0.3599621864699637	0.39517447988841586	0.24486333364162055
0.3601291390013245	0.3945695309850571	0.24530133001361853
0.3584660322147466	0.39512280831766644	0.24641115946758707
0.36023268588474716	0.39523062120210006	0.2445366929131529
0.359979858518089	0.39356816905377756	0.24645197242813352
0.3584999790895405	0.3936775213710296	0.24782249953943003
0.3599230394957251	0.39442290295721705	0.24565405754705805
0.3604541867121768	0.39611941976236964	0.24342639352545362
0.3586125946395604	0.3953876159872126	0.24599978937322708
0.36035247607821846	0.39404860824244364	0.245598915679338
0.3580958752609274	0.39467962818100943	0.24722449655806328
0.36083049904498576	0.39538063154580316	0.2437888694092112
0.3612309357337007	0.39260959011130847	0.24615947415499098
0.3602431371938343	0.39489490345493516	0.24486195935123067
0.36017878770558565	0.39458795941277297	0.24523325288164152
0.3582521997179305	0.39444801010117286	0.24729979018089676
0.3603887074858443	0.39531098419826005	0.24430030831589578
0.36007765261128166	0.39383639015430505	0.2460859572344134
0.3601020905641264	0.3933455401000658	0.24655236933580796
0.3584118561820434	0.39390033562328375	0.24768780819467295
0.3584674718704399	0.39610371975699543	0.24542880837256478
0.3577962616799909	0.39452442846582875	0.24767930985418046
0.35782581341100905	0.3951264626481324	0.24704772394085864
0.35831381819324953	0.39292904108288995	0.24875714072386063
0.3603585350884475	0.3927437808375334	0.24689768407401919
0.36043872229797186	0.3933994053718546	0.24616187233017367
0.3608329490102075	0.3955334376605311	0.24363361332926148
0.360739215183153	0.3928918161297853	0.2463689686870618
0.3586216688206006	0.394770851458205	0.2466074797211945
0.3604815048188979	0.39500320020745405	0.24451529497364816
0.3609036208063327	0.39281432695559076	0.24628205223807664
0.3612258429481174	0.3944073968456562	0.24436676020622652
0.3582400558198685	0.3958072802272436	0.245952663952888
0.3598512085428991	0.39287353901809396	0.2472752524390071
0.3577588617577925	0.3936311320206738	0.24861000622153384
0.3605003401905977	0.3959385654181184	0.243561094391284
0.36057340983043884	0.39353327234389895	0.24589331782566232
0.3587712170680045	0.39490415853413674	0.24632462439785885
0.3594105075499003	0.39304212760649343	0.2475473648436064
0.3585080383022461	0.392990731034287	0.24850123066346702
0.3607536667341802	0.39565835723485715	0.24358797603096272
0.35977064299858946	0.3939628957147241	0.24626646128668656
0.3597898435409709	0.3960072941005014	0.24420286235852784
0.3592600380172232	0.39585249538040085	0.24488746660237604
0.3599313798934422	0.3960970503171514	0.2439715697894065
0.35998267108692045	0.3928792985252482	0.24713803038783141
0.3605879516176703	0.39416814032547887	0.24524390805685098
0.35789688164893	0.3958905236208148	0.24621259473025525
0.36068949655454113	0.39276135701804166	0.24654914642741732
0.3593240794860365	0.3957453602003953	0.2449305603135683
0.3594444935534834	0.39426372384213826	0.24629178260437845
0.35869561962945434	0.3950785612541778	0.24622581911636798
0.36027777542474654	0.39495205821289964	0.24477016636235394
