0.1537566684954001	0.3845501054034971	0.4616932261011029
0.15441745020591385	0.38356046227990453	0.4620220875141817
0.15405549869224064	0.3832869021185708	0.4626575991891887
0.1543328035738181	0.38402742106626236	0.4616397753599197
0.15386640674563454	0.3844227751809932	0.46171081807337244
0.15365464724067984	0.38390710076909	0.46243825199023025
0.1542265002490179	0.3837405195836511	0.4620329801673311
0.15362413917550194	0.3846039958837974	0.46177186494070077
0.15410808829576073	0.3836955318634666	0.4621963798407728
0.15360269041524022	0.384224383151097	0.4621729264336628
0.154055630529678	0.38388052072126366	0.4620638487490585
0.15380418264406231	0.38434905163705624	0.46184676571888156
0.15392167135885726	0.3841656184184944	0.46191271022264846
0.15427746593694563	0.38372654856669214	0.4619959854963624
0.1540186969557385	0.38404422921898096	0.4619370738252807
0.15447870088367502	0.383236731721888	0.4622845673944371
0.15421211325049433	0.3841475371008136	0.4616403496486922
0.1543818998974615	0.38360804501627815	0.4620100550862605
0.15423581416195623	0.3834179122301707	0.46234627360787317
0.15376291772534084	0.3847235915894884	0.4615134906851709
0.15442226333406064	0.38359499494084887	0.4619827417250906
0.1541791295181202	0.3837020425389024	0.46211882794297754
0.15384499720531547	0.38402568390707004	0.46212931888761466
0.15392867264694104	0.38450608020183386	0.4615652471512252
0.15401674791020423	0.3834385291375226	0.46254472295227334
0.15365719013171136	0.3846213845986119	0.46172142526967686
0.15451126152964634	0.3832781241772505	0.46221061429310334
0.1540319624016383	0.3839701197703441	0.4619979178280177
0.15407250188167135	0.3835352466780011	0.4623922514403277
0.15409524422593582	0.3834563789769826	0.46244837679708173
0.1545108039284082	0.3832467368019363	0.46224245926965557
0.15401716463931345	0.3840872730536699	0.4618955623070168
0.15440199796381843	0.3832219217515262	0.4623760802846555
0.1539987574861007	0.38350811905650894	0.46249312345739046
0.15386390165293085	0.38466129005848176	0.46147480828858756
0.153640014846818	0.38423776661918535	0.4621222185339968
0.154319625182274	0.3832624328099521	0.4624179420077741
0.15361627569494665	0.38398821386757714	0.4623955104374763
0.15366537770157618	0.3840165665014488	0.46231805579697516
0.15365853612724412	0.3837914967155209	0.4625499671572351
0.15423392023592658	0.38393180980810865	0.4618342699559649
0.15396252460774068	0.3839319356358817	0.46210553975637775
0.1537493511047595	0.38406227858831904	0.46218837030692156
0.154064321471194	0.3841628594841301	0.46177281904467604
0.15428863861416264	0.3832675067723699	0.4624438546134675
0.15366068409187145	0.3843876196217834	0.46195169628634525
0.1541787314133982	0.38430683026014845	0.4615144383264535
0.15428748056662006	0.3832394712843369	0.4624730481490431
0.15398117616318102	0.3834152007935493	0.46260362304326985
0.15400305757871396	0.3836618222187895	0.46233512020249656
0.15406394954868796	0.38437379680876665	0.46156225364254555
0.15406864308993318	0.38401847066085315	0.4619128862492138
0.15375898703310853	0.3839940534182795	0.46224695954861206
0.15420557276321614	0.3842517719898579	0.4615426552469261
0.15394041245254514	0.3838693740874425	0.46219021346001243
0.1538004489134535	0.38457530859107875	0.46162424249546785
0.1544823539357229	0.3834393572916199	0.46207828877265733
0.1544069233958686	0.384090027452831	0.4615030491513006
0.15411402743268862	0.38389991378601385	0.4619860587812976
0.15446389928426546	0.3838467075990788	0.4616893931166559
0.15376740912499728	0.3846970378962846	0.4615355529787182
0.15441731959579816	0.3832176521998221	0.46236502820437986
0.15387270118269022	0.3834846852471806	0.46264261357012926
0.1537670903545243	0.3845527350399193	0.46168017460555655
0.15377360003112833	0.38465587913987015	0.46157052082900163
0.15385185811217525	0.3843899839895731	0.4617581578982518
0.15377930419846458	0.3839444155192419	0.4622762802822936
0.15412778067642302	0.3840175821504371	0.46185463717314
0.15417849626150584	0.3843756319650136	0.4614458717734806
0.15377704858938507	0.3840447630240433	0.46217818838657176
0.15376888095754682	0.3846525883390735	0.4615785307033798
0.15429286804603848	0.3833094039310659	0.46239772802289575
0.15366449819636865	0.3843639192185564	0.4619715825850751
0.15407353206958013	0.38359493363368924	0.4623315342967308
0.1542293975490328	0.38428156584508394	0.46148903660588336
0.15445449588221014	0.38346010506650474	0.4620853990512852
0.1545021507530585	0.3833113557542039	0.46218649349273766
0.15428567532259246	0.38384450472841675	0.4618698199489909
0.15364415225429898	0.3847102196037472	0.461645628141954
0.1538995613075252	0.3841716244185975	0.46192881427387744
0.15367563990578137	0.38453319656961166	0.46179116352460714
0.15407018748977835	0.38348541228084554	0.4624444002293762
0.15425292300193955	0.3841533814654206	0.46159369553264
0.15418106566351975	0.3837294958334395	0.4620894385030409
0.15456516268708284	0.38333085800257194	0.46210397931034536
0.1538564151717688	0.3841641657796282	0.4619794190486032
0.1540608559783685	0.3844466538337178	0.46149249018791383
0.1541351021567442	0.38343991388234855	0.4624249839609074
0.1542258388809789	0.3842560875496328	0.46151807356938834
0.15426206867517717	0.38373543456198916	0.4620024967628338
0.15399080066852394	0.38394471753173554	0.4620644817997407
0.15457966653219024	0.38370087386809554	0.4617194595997144
0.15383774971082836	0.3841646026849667	0.46199764760420503
0.1536568724600995	0.38419670053580496	0.4621464270040957
0.15384748537129306	0.3843943197137526	0.4617581949149545
0.15391480529449686	0.38419730243509315	0.4618878922704101
0.15456390758453456	0.3837081467939976	0.46172794562146796
0.1542739442633998	0.384098941866864	0.4616271138697363
0.15378337161065836	0.38470171398042163	0.4615149144089202
0.15392510282331506	0.38446781346603837	0.46160708371064674
0.15453333147462509	0.3833969059631664	0.46206976256220866
0.1537656019664711	0.3840496165561845	0.4621847814773445
0.15393651951316026	0.3843892851445432	0.46167419534229664
0.15425642419197333	0.3836157058859866	0.46212786992204025
0.15406804771403954	0.38394675415492074	0.46198519813103983
0.1541999978437035	0.3833748527781662	0.46242514937813045
0.15410012028656145	0.38420897463170833	0.4616909050817303
0.1544172238561436	0.38348366652372384	0.4620991096201327
0.15371148564847192	0.3842679636913694	0.4620205506601588
0.15387408626673132	0.3846660033988018	0.461459910334467
0.15431556615003025	0.3837694838080197	0.46191495004195016
0.15390764211777358	0.3843740623160437	0.4617182955661828
0.15427118712542182	0.38355662655747186	0.46217218631710644
0.15383841136464077	0.38397262685413264	0.4621889617812267
0.15378298002947782	0.38416420329080037	0.4620528166797219
0.1540310110194607	0.3838895250759635	0.4620794639045759
0.15404152735611684	0.3841620676278346	0.4617964050160487
0.15425282213049907	0.3840038016341571	0.461743376235344
0.15437535082918713	0.383683194857778	0.46194145431303496
0.15361707716488898	0.3846462740076374	0.4617366488274737
0.1538971933166985	0.3837182494649793	0.46238455721832233
0.1537282717726145	0.38472702448031487	0.46154470374707074
0.15418141169520508	0.383324410223103	0.462494178081692
0.15373608801737942	0.38476481114830396	0.4614991008343168
0.1536892024980927	0.3841747176522356	0.46213607984967187
0.1542221144815572	0.38336313397142474	0.46241475154701817
0.15364038393592588	0.38403787442436	0.46232174163971423
0.15462889062560206	0.38383838582192287	0.4615327235524752
0.15380530435982237	0.3844979722621806	0.46169672337799716
0.15409797542683373	0.38378714089400323	0.4621148836791631
0.15367896011914017	0.3836930939077121	0.4626279459731478
0.1538592799299496	0.38373711792982557	0.4624036021402249
0.15372575930420576	0.38378710986225173	0.46248713083354265
0.15448471589837465	0.3841008495570808	0.46141443454454467
0.1545566737133723	0.383471555368042	0.46197177091858577
0.1539650277357502	0.3838280749248564	0.4622068973393935
0.15459798808457975	0.38331440772794206	0.4620876041874783
0.1541310633522307	0.38384471037755885	0.46202422627021056
0.1538693629516195	0.3845367858499499	0.46159385119843077
0.15367498172961944	0.3847292930586285	0.4615957252117522
0.15380572724344432	0.3843959026960622	0.46179837006049357
0.15445370236121042	0.3835651228532691	0.4619811747855206
0.15422073980702422	0.38390640875617343	0.46187285143680246
0.15402459900022802	0.3839384020496769	0.4620369989500952
0.15388132626157902	0.3835573597983836	0.46256131394003747
0.15373712687060168	0.38411967138247843	0.46214320174692003
0.1536226673474642	0.38414844369688056	0.4622288889556554
0.15398064518259846	0.38380284091879413	0.46221651389860746
0.15437771133985867	0.3832895543351522	0.4623327343249892
0.15452304964895774	0.3836763060584431	0.46180064429259926
0.1538036246415992	0.38446069832015667	0.46173567703824425
0.15391856941848436	0.3840390552111412	0.4620423753703746
0.1541463568579891	0.38418752732816225	0.46166611581384875
0.15414609090176293	0.3839818135015084	0.4618720955967288
0.154600251967503	0.3837709944395477	0.46162875359294947
0.1545187091133739	0.3833516315652363	0.46212965932139
0.15394906504180425	0.3843168996058006	0.46173403535239527
0.1543174449766785	0.3841029805395772	0.4615795744837444
0.15434475662043723	0.3842370282292252	0.4614182151503377
0.1543185724479667	0.3834316652130433	0.4622497623389902
0.1539657369137425	0.3844693786356825	0.4615648844505751
0.1543049154022455	0.38400841389660795	0.46168667070114666
0.15372837422935476	0.38425894259251636	0.462012683178129
0.15400225020571962	0.3835494534108595	0.462448296383421
0.154157376151296	0.38429678761512104	0.4615458362335831
0.15453993462470583	0.38384166583612883	0.46161839953916545
0.15439169011422732	0.38367684372409744	0.46193146616167535
0.1539936770037858	0.3834521052638673	0.46255421773234706
0.1540699340277976	0.384131713124586	0.46179835284761656
0.15378722492434022	0.38448343431919496	0.4617293407564649
0.15373432631239126	0.38414123463643346	0.4621244390511754
0.15381605973158535	0.3845981305961051	0.4615858096723097
0.15401920510394201	0.3841449795809386	0.4618358153151195
0.15453501750733686	0.38343457648403323	0.46203040600863
0.15410146624914528	0.3836702084933546	0.46222832525750024
0.15404535299855443	0.38356636270199446	0.4623882842994512
0.15390698383235815	0.3838939589463012	0.4621990572213408
0.15386770645762074	0.38361611736057233	0.46251617618180707
0.1540176765189765	0.38367773315476733	0.46230459032625626
0.15397821333812572	0.384178556999121	0.4618432296627534
0.15362310599423357	0.3840793071882818	0.4622975868174848
0.15419844748300876	0.38384370263237655	0.4619578498846148
0.15444117572464822	0.3837059112854959	0.46185291298985603
0.15386404929787584	0.38455662008762764	0.46157933061449663
0.1537722488437587	0.3843540749095034	0.46187367624673803
0.15384973761622017	0.3841047726267945	0.46204548975698545
0.15400614674504487	0.3837707177080386	0.46222313554691663
0.1542406690589038	0.3839857441265763	0.46177358681451997
0.15377428194792814	0.38437461638724807	0.4618511016648239
0.15369987918289554	0.3841176318251703	0.46218248899193426
0.15363754763963317	0.3841503445573007	0.4622121078030663
0.15417432491269675	0.38437218783403315	0.4614534872532702
0.15463158203168398	0.3834160808116641	0.461952337156652
0.15437919028029176	0.383451300273988	0.46216950944572033
0.15402528753564385	0.38382835871498827	0.46214635374936797
0.1539839155876486	0.383605322535413	0.4624107618769385
0.15379741563319133	0.384153229634765	0.46204935473204384
0.15374457808023256	0.3838883931904675	0.4623670287293
0.15424812864990162	0.38371199666460076	0.46203987468549773
0.15402814255099062	0.3840672502146745	0.461904607234335
0.15387252204939567	0.383912849913696	0.46221462803690844
0.15460153530689574	0.3832325128879523	0.4621659518051521
0.1544026961361935	0.38350864566800125	0.46208865819580536
0.15373198332866522	0.3840974423091463	0.46217057436218867
0.1536966347874651	0.3844789918021779	0.4618243734103571
0.1544430903419412	0.3836611775010271	0.46189573215703184
0.15416386076687738	0.3834434496236074	0.4623926896095154
0.15423768352176692	0.38356714712053347	0.46219516935769966
0.15362909101967404	0.38408101131344324	0.46228989766688283
0.15392704995301115	0.3843066417156894	0.4617663083312995
0.15391518788875286	0.38433837307700924	0.46174643903423807
0.15377322168176072	0.38421286684921985	0.4620139114690196
0.15455621061115263	0.38352115777089063	0.4619226316179569
0.154586135151635	0.3832901017577157	0.4621237630906494
0.1539899551398785	0.38407001561241566	0.46194002924770594
0.1540383994308791	0.3836042355922058	0.46235736497691526
0.1545791783362353	0.3837794386311081	0.4616413830326567
0.1542502091708342	0.3835694389627113	0.4621803518664546
0.15411833616172912	0.38413905127775516	0.46174261256051585
0.15362350225562754	0.38379479141747375	0.4625817063268988
0.15422780586495138	0.38428846769831987	0.46148372643672886
0.1537295883958459	0.3843857670817999	0.46188464452235434
0.1542296316270163	0.3837902940828919	0.4619800742900919
0.15444672378689495	0.38379956636382345	0.4617537098492817
0.15422224172122762	0.383797473720182	0.46198028455859047
0.15364064659793725	0.3840356385775283	0.4623237148245346
0.15455463978230471	0.3833124492259681	0.4621329109917273
0.15403187326262224	0.3834461611819833	0.4625219655553946
0.1539358921554573	0.38420076713322143	0.4618633407113214
0.15371106722587635	0.38467600224608056	0.4616129305280432
0.15449376599281017	0.3840297211296064	0.4614765128775835
0.1539472816133875	0.3835354177529605	0.46251730063365215
0.1539395825114106	0.3839186959008049	0.46214172158778466
0.15437274064432766	0.3841781504778382	0.46144910887783425
0.1545112437476308	0.38347309163479676	0.46201566461757254
0.15418174170589366	0.38413079693908525	0.4616874613550212
0.1536139454563377	0.38424415073760326	0.46214190380605913
0.154337224143214	0.38411041888137265	0.4615523569754135
0.15373416726554592	0.38361963029652985	0.46264620243792437
0.15398367946799085	0.38437142944747676	0.46164489108453255
0.1539096545970908	0.38390480568078883	0.46218553972212045
0.15382733832011347	0.38410656302144286	0.4620660986584438
0.15392332103301132	0.3839248049186842	0.4621518740483046
0.15451755778826193	0.38342945714326504	0.46205298506847314
0.15367759053578897	0.38427059478184666	0.46205181468236445
0.15362676732951275	0.3843427048774241	0.4620305277930633
0.153797999059927	0.38389471306410733	0.46230728787596576
0.15382187262080868	0.3846791246224132	0.46149900275677824
0.1541716598745645	0.3840801677029988	0.4617481724224368
0.15365147089239972	0.3844129150308269	0.4619356140767735
0.15440224484497722	0.3837549953494345	0.4618427598055883
0.15436976851130646	0.3839447669577978	0.4616854645308959
0.15405289109165987	0.3842596595462654	0.46168744936207484
0.15362474059146125	0.38430913362178054	0.4620661257867583
0.1538227247222741	0.38432728006168854	0.4618499952160375
0.1536360319747019	0.3843982217738971	0.4619657462514011
0.15454145828902197	0.3834797455181984	0.46197879619277976
0.1543748273098081	0.38345616659699217	0.4621690060931999
0.15372112529771942	0.3836389564667202	0.46263991823556055
0.15412668600961882	0.3833888486065352	0.46248446538384613
0.15382146877329117	0.38460714213297753	0.4615713890937314
0.15386899720076447	0.38449087511645874	0.4616401276827769
0.153878365302264	0.38405118052107445	0.46207045417666165
0.15432662290208266	0.383600272384413	0.4620731047135044
0.1536682476394987	0.3838021832853841	0.4625295690751172
0.1544083761212649	0.38402264234188527	0.46156898153684994
0.15445545198604205	0.38378375283103	0.46176079518292806
0.15365729140006712	0.3842878378227785	0.46205487077715457
0.15416498296421813	0.3839550076275215	0.46188000940826046
0.1538588399280121	0.38379904250591845	0.4623421175660696
0.1536340052497815	0.38399693855695405	0.46236905619326457
0.1538321905452432	0.3846481868449241	0.46151962260983287
0.1541290456740358	0.3840507771542163	0.46182017717174795
0.15432723361629427	0.38345234469541684	0.46222042168828903
0.15387393183222553	0.38468727972003186	0.4614387884477428
0.15454067029721902	0.38367281503554235	0.46178651466723875
0.15389895561262396	0.3846295707692681	0.46147147361810803
0.15450160643718341	0.38405036300808637	0.4614480305547304
0.15385449705498846	0.38454489998972036	0.46160060295529126
0.15394586891506845	0.38349910648287444	0.4625550246020573
0.1540529295284797	0.3842052812874415	0.4617417891840789
0.15451783149728482	0.3835099785436514	0.4619721899590639
0.15374388447332804	0.3843521885866205	0.46190392694005156
0.15447999768039075	0.38357698025313586	0.4619430220664735
0.15397099634243278	0.38379763480202156	0.46223136885554583
0.15363189219534368	0.3837354269998962	0.46263268080476017
0.15422329554097872	0.38432490218456106	0.4614518022744603
0.15413673677369583	0.38426243651193204	0.46160082671437225
0.15415589651599393	0.38373163996593757	0.4621124635180686
0.15393174982451052	0.3838699636017426	0.46219828657374706
0.15456478028771237	0.3835467262617137	0.4618884934505741
0.15388487619794522	0.3843599058111047	0.4617552179909502
0.15413693264620923	0.38432986644316514	0.4615332009106258
0.153664646647827	0.3846495919588139	0.46168576139335926
0.15394885663854357	0.38440642348693016	0.46164471987452643
0.15393253167416102	0.38464319881110554	0.4614242695147336
0.15454989042419753	0.38349600077725626	0.46195410879854637
0.1536298766266897	0.38385769526968355	0.4625124281036269
0.15454824862521666	0.3834566504813525	0.46199510089343093
0.15420851908446204	0.3842454646633452	0.4615460162521929
0.1539363782566016	0.38416088818681937	0.46190273355657907
0.15403909218424977	0.38382749581662184	0.4621334119991285
0.15451237204123788	0.3835316941418215	0.4619559338169407
0.15443793911339052	0.3833187874305834	0.4622432734560262
0.1541759334925226	0.38414510054818657	0.461678965959291
0.1541807441479387	0.38440996052381665	0.4614092953282448
0.15393892466608006	0.3840833247267043	0.46197775060721574
0.15452740668603693	0.38406075150373997	0.4614118418102232
0.15412072039830665	0.3837404012795551	0.4621388783221384
0.15400264515900175	0.3844163403444239	0.46158101449657446
0.15398967714823775	0.3835211446089937	0.4624891782427687
0.15393930304725417	0.3845685428646409	0.46149215408810496
0.15401308204979886	0.3838702586834531	0.46211665926674816
0.15419645615093636	0.3841276887324922	0.46167585511657155
0.15375097208739208	0.383825720718375	0.4624233071942331
0.15440703101109754	0.3837456415385135	0.46184732745038914
0.15425534777098784	0.38381220579050074	0.4619324464385115
0.15450900074563886	0.38342926576442415	0.4620617334899371
0.15381933006284296	0.38373244191603456	0.4624482280211226
0.15453084195597844	0.3833476296063864	0.46212152843763526
0.15421957930681524	0.38369656698808613	0.46208385370509875
0.1537700216416084	0.38441107590434087	0.46181890245405083
0.1544442458056403	0.3839639504871551	0.46159180370720476
0.15413624550144733	0.3835790341579129	0.4622847203406399
0.15373172565913684	0.3838850633995086	0.46238321094135465
0.15431658021217987	0.3833707944346151	0.46231262535320516
0.15409144676742553	0.3837743982382466	0.462134154994328
0.15415851546717868	0.38379302842210533	0.4620484561107161
0.1538413603947994	0.38397384878682517	0.46218479081837555
0.15422772382165165	0.38429820413655846	0.46147407204179003
0.15416405000349181	0.3834365250756255	0.4623994249208828
0.1537016990355397	0.38470793568638806	0.46159036527807235
0.15396970057051146	0.3841161308507741	0.46191416857871453
0.1545524880444808	0.3840237637178178	0.4614237482377015
0.15457454855068148	0.38351229568462375	0.4619131557646949
0.15442472952911063	0.3835301402749165	0.46204513019597304
0.15383406864604754	0.38352684848649704	0.4626390828674555
0.15381940276049472	0.3836717767613165	0.46250882047818886
0.15377092883976956	0.38375511636156723	0.4624739547986633
0.15421735864516442	0.38331116217150035	0.46247147918333537
0.15417456169339172	0.3835386440471757	0.46228679425943264
0.15425301163341892	0.3833907451665711	0.4623562432000101
0.15399946440738346	0.3834131987484357	0.46258733684418096
0.15416459359196583	0.3837683619324246	0.46206704447560976
0.15401498041904066	0.3843729795412092	0.46161204003975026
0.15391720767017708	0.38415866755669376	0.4619241247731293
0.15452298465391748	0.38375605142205216	0.4617209639240305
0.15451106926279348	0.38339907900216763	0.462089851735039
0.15449388221871652	0.3835722339655701	0.4619338838157135
0.15384976648489257	0.3836669589237178	0.4624832745913897
0.15413351227164784	0.3841442016991158	0.4617222860292365
0.1536651410100606	0.38453508880645726	0.4617997701834823
0.15361543879254402	0.3846245305557107	0.46176003065174537
0.15462635100930214	0.38362016910886515	0.4617534798818328
0.15404139254773827	0.3843065080743962	0.46165209937786567
0.15386027054278184	0.38431089630770343	0.46182883314951484
0.15429058752275976	0.3842735015552182	0.4614359109220222
0.15440314004965355	0.3833254591523379	0.46227140079800866
0.1543643814975379	0.38403717835621887	0.46159844014624335
0.15390871821426244	0.38375073592984593	0.4623405458558917
0.153810677407955	0.38380218301074864	0.46238713958129646
0.15443351371378297	0.3836863852026718	0.4618801010835454
0.15372477954363287	0.3844826359247975	0.46179258453156974
0.1540303555181095	0.38429571853297173	0.4616739259489189
0.1536336146307653	0.3838803982804919	0.4624859870887429
0.15390487225092164	0.38393641169704545	0.462158716052033
0.15386467685984928	0.38375077172100913	0.4623845514191417
0.15361603500904486	0.3841899723576775	0.46219399263327776
0.15377471144922417	0.3841796801639912	0.4620456083867847
0.15403622919598475	0.3839369644368382	0.46202680636717713
0.15378670777110937	0.3846369741472583	0.46157631808163246
0.15407971138406673	0.3839277270091527	0.46199256160678076
0.1540718798968182	0.3843817886742998	0.46154633142888213
0.15423044430491703	0.3836791304775471	0.462090425217536
0.15393335798029983	0.38350438126940845	0.46256226075029183
0.15425511795240904	0.38378254561696407	0.461962336430627
0.1542952826093891	0.3842381496033297	0.46146656778728135
0.15454751132351469	0.383700913999697	0.4617515746767884
0.15424598081047752	0.3837548700686164	0.4619991491209062
0.15397937443851809	0.38338488726745246	0.4626357382940296
0.15385600033170765	0.3839433006546078	0.46220069901368466
0.15449026153892392	0.38405452985672284	0.4614552086043533
0.15380040438863313	0.3844782944614852	0.46172130114988186
0.1544960758622992	0.38361417891736665	0.46188974522033427
0.15365717766960507	0.38411448666160647	0.4622283356687886
0.15371436514707812	0.38372732669317294	0.4625583081597491
0.1545455853657071	0.3836394298937369	0.46181498474055616
0.15443853715300168	0.38381878930399327	0.4617426735430052
0.1543668352607805	0.3839921499236164	0.4616410148156032
0.15459296684388757	0.38374247945262696	0.4616645537034856
0.15406534145415812	0.3841068325449358	0.4618278260009062
0.15380185541423072	0.3846633806674742	0.4615347639182952
0.1545859487668077	0.3832590127239626	0.4621550385092298
0.15400775428142716	0.38376497217115163	0.4622272735474213
0.15379192996717977	0.38429315031712535	0.461914919715695
0.15402354900456589	0.3836375390341241	0.4623389119613101
0.1538520746937331	0.3841867529142404	0.4619611723920266
0.15406843171068307	0.38452074861723273	0.4614108196720843
0.15387696603124248	0.3842282108428972	0.4618948231258604
0.15374900503979355	0.3847379359805549	0.46151305897965167
0.15381743029162898	0.38354818502135735	0.4626343846870138
0.1543764576819303	0.3832865952079598	0.46233694711011003
0.15453627880028775	0.3834649870848315	0.4619987341148809
0.15407287232484324	0.38397958781305475	0.46194753986210213
0.15448369036534274	0.3835922121057453	0.46192409752891206
0.15421832296708154	0.38330769079602667	0.46247398623689184
0.1542224072346361	0.38375982433810313	0.46201776842726094
0.15364008095625153	0.3840074513019731	0.4623524677417754
0.15451926984731224	0.383740040105539	0.46174069004714885
0.1540891525817109	0.3844214481908978	0.4614893992273914
0.15430608437836096	0.3837771445478384	0.4619167710738008
0.1541862471665768	0.38361774516338293	0.4621960076700403
0.1538340239609836	0.3846428424520931	0.4615231335869234
0.15455559971856292	0.3836020736414898	0.4618423266399474
0.15394845329317025	0.3834043268359235	0.4626472198709064
0.15361009805010647	0.3843498420558773	0.46204005989401636
0.15446566305744885	0.3832668697956807	0.4622674671468706
0.15444263234047714	0.3837743362351307	0.4617830314243923
0.15383211764703564	0.3840510045426684	0.4621168778102961
0.15365830215859083	0.38432494936201694	0.46201674847939234
0.15370665916022563	0.38398074696826967	0.46231259387150486
0.15388998633499484	0.3836220773554464	0.4624879363095589
0.1536133080623703	0.38434425553707874	0.4620424364005511
0.1544240938019663	0.383735178347531	0.4618407278505028
0.15377628808172428	0.38366790195677675	0.46255580996149903
0.15435496425152154	0.3838251786570447	0.4618198570914339
0.15396746183060528	0.3844983987623485	0.46153413940704635
0.15398946228843968	0.3836829474268329	0.46232759028472753
0.1542350923673614	0.38425826917129974	0.461506638461339
0.1536779758098148	0.38456779972626615	0.4617542244639192
0.15426474726002792	0.38344699433652435	0.46228825840344784
0.15428471565431293	0.38398503130523276	0.46173025304045445
0.15413050147303164	0.3839476074583689	0.46192189106859954
0.15452471015918637	0.3833245720609854	0.4621507177798283
0.15427599938147055	0.383483742281185	0.4622402583373446
0.1536265762292628	0.38373803862154743	0.4626353851491899
0.15426666331277566	0.3834374220632185	0.462295914624006
0.15385025575389624	0.38459068904063787	0.46155905520546603
0.15407066288599808	0.38368185958357154	0.4622474775304305
0.15389926854043695	0.38460927336721396	0.4614914580923492
0.15442641067904223	0.3834256621352473	0.4621479271857106
0.15434660798544392	0.38359864339749306	0.46205474861706314
0.15403158925117796	0.3835079663177111	0.46246044443111106
0.15434345423103213	0.3834439298978002	0.4622126158711678
0.15419644862268783	0.384209532179946	0.46159401919736626
0.15453228639226968	0.383928211522736	0.4615395020849945
0.15425282726111839	0.3837267381299446	0.4620204346089371
0.15388613370295007	0.3845919924031691	0.4615218738938809
0.15460873786459442	0.38370746307734926	0.46168379905805645
0.15410533939474602	0.383356753649217	0.4625379069560371
0.15434072968202234	0.38414753915483607	0.4615117311631417
0.15370545493984594	0.3845566043656813	0.4617379406944729
0.15421881053357814	0.383463593053581	0.462317596412841
0.15388001618332875	0.38404481456901357	0.46207516924765785
0.1539156024476694	0.38444549544743944	0.46163890210489134
0.15370237753182153	0.38378219688624776	0.4625154255819308
0.1539709900164612	0.3838882530920353	0.46214075689150363
0.1536517221373599	0.38444501750282145	0.46190326035981877
0.15443740855272808	0.38330707124787805	0.462255520199394
0.15431740579235043	0.3835497001564636	0.46213289405118607
0.15389606593509358	0.38418025904718306	0.46192367501772347
0.15457848051585538	0.3839700971753099	0.46145142230883485
0.15431934721671497	0.3839554634041292	0.46172518937915596
0.1542014771413684	0.3836517702461333	0.46214675261249843
0.15379472772284947	0.3843906020067288	0.46181467027042183
0.15392163961632455	0.3840511698823282	0.46202719050134733
0.15366042772720753	0.38411056306882374	0.4622290092039688
0.15397449044611278	0.38365844691752904	0.4623670626363583
0.15400813198765584	0.3842089300652026	0.46178293794714165
0.1545548570214907	0.3838265237997562	0.46161861917875324
0.15360636943476785	0.3842406431336356	0.4621529874315967
0.15429233326888792	0.3832673872131238	0.4624402795179884
0.1543396346742093	0.3833279561148103	0.4623324092109805
0.15366799480655635	0.38373641374830875	0.46259559144513507
0.15407550496901776	0.3837485782965698	0.4621759167344126
0.1544662747605987	0.3834138958355707	0.46211982940383073
0.15399589943880437	0.384275824517524	0.4617282760436717
0.15409352671596327	0.38434592273206986	0.461560550551967
0.15420102317275208	0.3841762572516998	0.46162271957554823
0.15386826444465024	0.3838528692531997	0.4622788663021502
0.15373395514405339	0.38479160537600837	0.4614744394799384
0.15446581667840698	0.38368860963926965	0.46184557368232354
0.15459026684877333	0.3837626597207715	0.4616470734304553
0.15412360088151053	0.3839282518027057	0.46194814731578393
0.1539961497414154	0.38444935914583417	0.46155449111275054
0.1536363537434009	0.3843808949598144	0.4619827512967848
0.1536138564147197	0.38477265215355394	0.4616134914317265
0.1535989060228612	0.38476759356684237	0.46163350041029655
0.15373894794477944	0.3847044630913472	0.46155658896387347
0.1537154773182858	0.3844920060611399	0.4617925166205744
0.15452530500069886	0.38346947076967947	0.4620052242296218
0.15394850396704512	0.38446020022394406	0.4615912958090109
0.15412907937548373	0.3836066749390593	0.4622642456854571
0.15361016204016892	0.3841873097764309	0.4622025281834003
0.1539173302379267	0.38395190388176004	0.46213076588031343
0.15429686218280592	0.3840777028275011	0.4616254349896931
0.15418991327073583	0.3842555475225227	0.46155453920674155
0.15406930257626156	0.3842175655096536	0.46171313191408503
0.1537823072951877	0.383993830038587	0.4622238626662254
0.15444197847295044	0.3835613479174035	0.46199667360964614
0.15370030894288153	0.3845014649120236	0.461798226145095
0.15378303817927985	0.38369201901089817	0.4625249428098221
0.15383528515293313	0.3838066683872914	0.46235804645977563
0.1537999879525691	0.3847828341473125	0.4614171779001185
0.15388313726653516	0.3837209958292321	0.4623958669042329
0.15450828436592814	0.38356020696614507	0.46193150866792687
0.15428241020270755	0.38356111769926565	0.4621564720980269
0.154161592445033	0.3837386932386434	0.4620997143163238
0.15430069124952162	0.3834826678016204	0.46221664094885817
0.15370400823186942	0.38381032433269513	0.4624856674354356
0.15436513688721634	0.3834520338974165	0.4621828292153673
0.15383113793796	0.38457177341188237	0.4615970886501578
0.15390711004199104	0.3839109497956207	0.4621819401623884
0.1542516421685371	0.3835814503291237	0.46216690750233935
0.15445867195631108	0.3835880549530914	0.46195327309059764
0.15387112927191027	0.38366455932180854	0.4624643114062813
0.1540313607157463	0.3842879375486625	0.46168070173559134
0.1540893314775538	0.3836735191268586	0.4622371493955877
0.15407798227436859	0.38438420987699157	0.46153780784863996
0.15373205199867937	0.3836571111933172	0.4626108368080036
0.15447781604569666	0.38383647743895044	0.461685706515353
0.15452366141338497	0.38394357882475205	0.4615327597618631
0.15456154884582302	0.3832405935569478	0.4621978575972293
0.15426170287918728	0.383826953413995	0.46191134370681786
0.15404070999776526	0.3844402756658446	0.46151901433639025
0.15420935804426156	0.38389595288188644	0.46189468907385217
0.1537946718015631	0.3840310589113159	0.46217426928712113
0.1544305965419147	0.3834306293796952	0.4621387740783902
0.1541703512449441	0.3834106408984333	0.4624190078566227
0.1537528629385892	0.38365440887869495	0.46259272818271596
0.15446921712396966	0.38387060040651333	0.4616601824695172
0.15395547638340945	0.3845345234451132	0.4615100001714775
0.15440461224990684	0.3836989054672093	0.461896482282884
0.15399920400430522	0.38437869900778054	0.46162209698791434
0.15411302345467157	0.38447070296077035	0.4614162735845582
0.15366703971082676	0.3841850244005312	0.46214793588864217
0.15397413660062206	0.38350624507522957	0.46251961832414845
0.15459598354829984	0.3833429146447296	0.4620611018069707
0.15449249119583922	0.38401981365414267	0.4614876951500182
0.15382927550707332	0.3847231520655409	0.4614475724273859
0.1543371621131095	0.3837687703289908	0.46189406755789986
0.15433439009531436	0.38360989849696314	0.4620557114077226
0.15450696034867714	0.3833478727213481	0.46214516692997487
0.15444969307103418	0.3837830252733273	0.46176728165563863
0.15423978448149306	0.3832590899094394	0.46250112560906764
0.15411108132736126	0.3843115744597376	0.4615773442129012
0.1540524936752371	0.38441902195894984	0.46152848436581323
0.15396740594871472	0.3836571144149322	0.46237547963635317
0.15444677554535724	0.3835785499671806	0.4619746744874622
0.15384044969931537	0.384382992124041	0.46177655817664376
0.15427696955870263	0.3837980619837704	0.4619249684575271
0.15360880194810683	0.38374648507532466	0.4626447129765686
0.15428888199237484	0.3833266177740695	0.4623845002335558
0.15415670680241933	0.38337231313718395	0.46247098006039683
0.15393221901423126	0.38429644007468167	0.4617713409110872
0.15441546042864454	0.3837952480191358	0.4617892915522198
0.15422848141370094	0.3833006438220795	0.46247087476421966
0.15441746605849938	0.3833153584316881	0.46226717550981267
0.15452352857132357	0.38321716877012657	0.46225930265855
0.1544520226740388	0.38412560377219696	0.46142237355376436
0.1545241428302655	0.38391526137055165	0.46156059579918296
0.15441192615752863	0.38343015645497297	0.46215791738749856
0.15417491415986234	0.3836532932716956	0.46217179256844215
0.15406581783950246	0.3845189272595395	0.46141525490095814
0.15372209881214355	0.3843451327692119	0.46193276841864467
0.1544273259935333	0.38405565639390077	0.461517017612566
0.15417525401130128	0.38414350729360053	0.46168123869509836
0.15434982940227082	0.3835715433745664	0.46207862722316284
0.1543078187772092	0.3836888105403442	0.46200337068244673
0.15432976928283698	0.38416455022081686	0.4615056804963463
0.15403227076966852	0.3838035494668382	0.46216417976349333
0.15423728299959094	0.38434706091656834	0.46141565608384083
0.15369424622455075	0.38466002601128396	0.46164572776416546
0.15410392475056572	0.38425963524412965	0.4616364400053048
0.1537810519826731	0.38453830394441924	0.46168064407290776
0.15421024874664274	0.38372663792384926	0.4620631133295081
0.15450458789999177	0.3838723336682884	0.46162307843171996
0.15378535000721827	0.383557626124308	0.46265702386847385
0.1544575020816385	0.383272097482271	0.46227040043609063
0.154621256644905	0.3835571169947937	0.46182162636030144
0.15440558805975735	0.3841609157810074	0.46143349615923535
0.15382152928417786	0.38377258254691576	0.4624058881689065
0.15437265526679803	0.383511696286021	0.4621156484471811
0.15378812126771776	0.38403615185278955	0.4621757268794928
0.15390997938975742	0.383485295891901	0.4626047247183417
0.1535982202887392	0.3843042053426951	0.4620975743685658
0.15418646890231558	0.38400779743392566	0.4618057336637589
0.15438435640859377	0.3842068936428018	0.46140874994860454
0.15462468148247308	0.38375393402449953	0.4616213844930275
0.1542610981187243	0.3839634520758687	0.46177544980540713
0.15459664448086652	0.383914255154485	0.4614891003646486
0.15415456548618206	0.38395001120637867	0.4618954233074394
0.15370400554295563	0.3837968761096824	0.4624991183473621
0.1543925317896086	0.3840343831457682	0.4615730850646233
0.15420137114361848	0.3840031483717552	0.46179548048462643
0.15390553956894837	0.3837889088571178	0.46230555157393394
0.15370898040549993	0.3840992407732289	0.46219177882127127
0.15394308690802716	0.38413344481694245	0.4619234682750305
0.1538685310821578	0.38371094335326417	0.46242052556457813
0.15369279487879123	0.3837331740799689	0.46257403104124
0.15398003066927396	0.38459424407205534	0.46142572525867087
0.1544037551341238	0.38356287133082206	0.46203337353505425
0.15391850306166396	0.38377152199559506	0.46230997494274106
0.15444222066723104	0.3837980724035882	0.4617597069291809
0.15402061927002614	0.38389337100517157	0.4620860097248024
0.15414252707715465	0.3832202429998543	0.46263722992299117
0.1541199640133471	0.38369038745574946	0.46218964853090355
0.15389127355811952	0.3836824027372282	0.4624263237046524
0.15368649083246932	0.3841936879550046	0.46211982121252615
0.15419866549264427	0.3836758744392306	0.4621254600681252
0.15371859171184105	0.3843677748383941	0.461913633449765
0.15381359872736633	0.38365762149871846	0.4625287797739154
0.15380022841739407	0.384517092185813	0.4616826793967931
0.15374246235641487	0.38418164662018733	0.46207589102339797
0.15394227324472137	0.3842751418297337	0.461782584925545
0.15452630369922238	0.3836245327412761	0.4618491635595016
0.15389153210529924	0.38370674593756	0.4624017219571409
0.15371268857366427	0.38371333528227347	0.46257397614406237
0.15437840985193382	0.38400722943271764	0.46161436071534867
0.15384194793881062	0.3839142144254944	0.4622438376356951
0.1536442906058646	0.3842402258841776	0.4621154835099579
0.15386997585640377	0.38461716085455344	0.4615128632890429
0.15399246719601098	0.38420442298224267	0.46180310982174644
0.1542791152674488	0.38402083992402875	0.46170004480852256
0.1542341515295735	0.38381247015729536	0.4619533783131312
0.15365010490509862	0.3837309198709999	0.4626189752239016
0.15403529965078466	0.38412373474566663	0.4618409656035488
0.15372730789666414	0.38401958441102596	0.46225310769231
0.15431329906551677	0.3834300781414546	0.4622566227930288
0.15388958250646903	0.3843004048015047	0.4618100126920264
0.15448064170298598	0.3835375050591921	0.46198185323782204
0.15426581714652737	0.38364694283065015	0.4620872400228226
0.1542016978935286	0.38339586010842386	0.4624024419980477
0.15403021540415213	0.3838889618279347	0.4620808227679133
0.15425370736257688	0.3842720282730301	0.4614742643643931
0.15448430590648865	0.38383825870805144	0.46167743538546
0.1546000151385792	0.38381775509835536	0.46158222976306557
0.1539780799429824	0.383391666056732	0.46263025400028573
0.15374080743411878	0.3840955634620449	0.46216362910383646
0.15425278736366443	0.38344500482649013	0.46230220780984554
0.154293928119413	0.3840449910207223	0.4616610808598648
0.15433678773256054	0.38357604262541	0.46208716964202956
0.15463952066379627	0.3836598842785057	0.4617005950576981
0.153925267288483	0.3841686205562552	0.4619061121552619
0.15363578388275362	0.3843257970239642	0.46203841909328236
0.15434664045417484	0.3833814222144801	0.46227193733134514
0.15380285601768207	0.3839479414506829	0.46224920253163515
0.15383006064754529	0.3837971311227651	0.46237280822968974
0.15404862827270746	0.3835504513439607	0.4624009203833319
0.15409955693989363	0.3836347147438677	0.4622657283162388
0.15393617587966546	0.3845068026277698	0.46155702149256483
0.15370234872713495	0.3843961724647776	0.46190147880808763
0.15408889188218441	0.3836768794203549	0.46223422869746084
0.15372399037590948	0.3845599476448627	0.461716061979228
0.1538832557032222	0.3842675846156698	0.4618491596811081
0.15404790723329892	0.3835944030801845	0.46235768968651675
0.15370612360460634	0.38372896137166	0.46256491502373376
0.1540327543120717	0.3840908288151901	0.4618764168727384
0.15428460371177288	0.3840873702577464	0.46162802603048086
0.15435442228201868	0.38388235838172946	0.461763219336252
0.15404836127505137	0.3837803466400664	0.4621712920848824
0.15375993973079904	0.38435168976809847	0.4618883705011026
0.1536394890168027	0.384307700942789	0.4620528100404084
0.15421569932108575	0.3833718139227973	0.4624124867561171
0.15385573590806828	0.3839557836262416	0.4621884804656903
0.15442359760911462	0.3838272988954542	0.4617491034954313
0.1543939404914489	0.3838598387775467	0.4617462207310045
0.15394225638966041	0.38391683644086155	0.4621409071694782
0.15390765854302546	0.3842025384402278	0.46188980301674687
0.1539716275212424	0.3837574510915314	0.4622709213872263
0.15434913829937413	0.3838154670813103	0.46183539461931566
0.15454774773198676	0.38365233216284156	0.4617999201051718
0.15454479104182783	0.383694143690655	0.46176106526751726
0.15404297193878674	0.3839084933470241	0.4620485347141893
0.15370869004013285	0.3845385264585186	0.46175278350134863
0.15374662376973502	0.38384714767396305	0.46240622855630203
0.15422246554760533	0.38346355016758954	0.46231398428480525
0.1536966144164187	0.38392856638917877	0.46237481919440265
0.1544220162667808	0.3833740141627221	0.46220396957049725
0.154351439726636	0.38396588345429106	0.46168267681907305
0.15435453559268764	0.383338033873982	0.46230743053333045
0.1537056518124938	0.3844468350217268	0.46184751316577954
0.15378065912153988	0.38437873976001896	0.4618406011184413
0.15439809011371586	0.3833503278480115	0.46225158203827277
